v2noW_TnPAtRD_4DEff_RapPtEffMap2
rap	pT	cent	dPhi	ctauErrMin	ctauErrMax	NoCutEntry	CutEntry	NSig	NSigErr	NBkg	NBkgErr	coefExp	coefExpErr	coefPol1	coefPol1Err	coeffGaus	coeffGausErr	meanSig1	meanSig1Err	sigmaSig1	sigmaSig1Err	sigmaSig2	sigmaSig2Err	sigmaSig3	sigmaSig3Err	alpha	alphaErr	enne	enneErr	enneW	enneWErr	sigWidth	sigWidthErr	Gmc	GmcErr	bTau	bTauErr	fracRes	fracResErr	meanResSigW	meanResSigWErr	meanResSigN	meanResSigNErr	sigmaResSigW	sigmaResSigWErr	sigmaResSigN	sigmaResSigNErr	fpm	fpmErr	fLiving	fLivingErr	fbkgCtTot	fbkgCtTotErr	lambdam	lambdamErr	lambdap	lambdapErr	lambdasym	lambdasymErr	NLL	nFitPar	EDM	NLLMass	nFitParMass	EDMMass	Prob	PROMPT	PROMPTErr	NON-PROMPT	NON-PROMPTErr	Bfraction	BfractionErr	Resolution	ResolutionErr	
0.0-1.2	6.5-30.0	0.0-100.0	0.000-1.571	0.008	0.105	8798.0	8796.0	5848.65	88.348	2947.18	70.0186	-0.131929	0.0757723	-0.05	0.0	0.573427	0.074795	3.09296	0.000408374	0.0208552	0.000868191	0.0360409	0.00298735	0.03	0.0	1.492	0.0	5.0	0.0	1.733	0.0	0.0283461	0.00100731	1.16782e-05	0.000130175	0.192036	0.00590171	0.282557	0.19576	0.00228371	0.00264771	-0.000775089	0.000514959	1.58042	0.170805	0.82987	0.015434	0.639299	0.0468272	0.976171	0.0146114	0.399219	0.0460038	0.0549886	0.00775942	0.149398	0.00867024	0.422914	0.160369	-18499.0	4.0	2.1276e-06	-79570.2	7.0	9.7748e-05	1.0	4153.65	81.1065	1695.0	57.42	0.28981	0.00878755	1095.37	88.1059	
0.0-1.2	6.5-30.0	10.0-60.0	0.000-0.393	0.016	0.064	1479.0	1463.0	1011.71	34.056	451.266	24.4833	0.153968	0.185421	-0.05	0.0	0.573427	0.0	3.09296	0.0	0.0208552	0.0	0.0359477	0.0	0.03	0.0	1.492	0.0	5.0	0.0	1.733	0.0	0.0282956	0.0	1.00012e-05	0.000707514	0.20337	0.0147351	0.282557	0.0	0.00228371	0.0	-0.00111092	0.00122924	1.58042	0.0	0.814995	0.0363613	0.690995	0.240077	0.740585	0.765103	0.40044	0.17978	0.0465299	0.02139	0.166865	0.0324774	0.042426	0.029524	-3209.47	4.0	4.8178e-05	-10704.1	3.0	3.74002e-06	1.0	715.404	31.8389	296.306	23.0926	0.292877	0.0205864	1087.33	9.77666	
0.0-1.2	6.5-30.0	10.0-60.0	0.000-1.571	0.008	0.105	5524.0	5522.0	3862.21	68.4399	1659.67	49.8171	-0.146807	0.0967935	-0.05	0.0	0.573427	0.0	3.09296	0.0	0.0208552	0.0	0.0359477	0.00143789	0.03	0.0	1.492	0.0	5.0	0.0	1.733	0.0	0.0282956	0.000389621	1.16782e-05	0.000130175	0.202131	0.00774314	0.282557	0.0	0.00228371	0.0	-0.000791425	0.000619247	1.58042	0.0	0.806918	0.0184509	0.568921	0.0604434	0.981638	0.0105026	0.312358	0.0686749	0.0456052	0.00609672	0.153795	0.0112451	0.582661	0.247291	-12141.9	4.0	1.20029e-05	-47815.6	4.0	1.25696e-05	1.0	2794.06	63.6375	1068.15	44.2332	0.276564	0.0103513	1083.0	4.93146	
0.0-1.2	6.5-30.0	10.0-60.0	0.393-0.785	0.008	0.073	1479.0	1478.0	1012.86	34.1429	465.145	24.8605	-0.11858	0.182379	-0.05	0.0	0.573427	0.0	3.09296	0.0	0.0208552	0.0	0.0359477	0.0	0.03	0.0	1.492	0.0	5.0	0.0	1.733	0.0	0.0282956	0.0	1.70432e-05	0.00459144	0.204661	0.0158801	0.282557	0.0	0.00228371	0.0	-0.000915286	0.00118094	1.58042	0.0	0.80643	0.0376252	0.531308	0.0374363	1.0	18.7335	0.234409	0.0486964	0.046338	0.00498981	0.15291	0.0130233	0.0372041	165.198	-3216.34	4.0	3.20351e-05	-10791.8	3.0	1.58998e-07	1.0	764.988	32.3229	247.869	21.2036	0.244722	0.0192405	1082.74	10.0526	
0.0-1.2	6.5-30.0	10.0-60.0	0.785-1.178	0.008	0.064	1284.0	1282.0	921.511	32.2565	360.467	21.8962	-0.167087	0.207857	-0.05	0.0	0.573427	0.0	3.09296	0.0	0.0208552	0.0	0.0359477	0.0	0.03	0.0	1.492	0.0	5.0	0.0	1.733	0.0	0.0282956	0.0	1.55303e-05	0.000309325	0.211193	0.0168346	0.282557	0.0	0.00228371	0.0	-0.000504967	0.00120941	1.58042	0.0	0.784771	0.0336328	0.590165	0.228323	0.953488	0.040365	0.416456	0.214083	0.042315	0.0235308	0.182328	0.0400647	0.557365	0.361506	-2936.77	4.0	2.75147e-05	-9302.07	3.0	9.49598e-06	1.0	665.412	30.1774	256.1	21.1782	0.277913	0.0208217	1071.26	8.83829	
0.0-1.2	6.5-30.0	10.0-60.0	1.178-1.571	0.008	0.064	1282.0	1280.0	899.02	32.0597	380.975	22.5778	-0.518509	0.202889	-0.05	0.0	0.573427	0.0	3.09296	0.0	0.0208552	0.0	0.0359477	0.0	0.03	0.0	1.492	0.0	5.0	0.0	1.733	0.0	0.0282956	0.0	1.05551e-05	0.000410668	0.189767	0.014541	0.282557	0.0	0.00228371	0.0	-0.00157689	0.00140558	1.58042	0.0	0.833096	0.041568	0.61411	0.0924461	0.963229	0.025043	0.202117	0.0980589	0.049899	0.0108456	0.129667	0.0174051	0.599671	0.322265	-2737.58	4.0	3.16711e-06	-9211.94	3.0	1.06575e-06	1.0	633.282	30.5454	265.738	22.6455	0.295586	0.0228775	1097.13	11.3228	
0.0-2.4	10.0-13.0	0.0-100.0	0.000-1.571	0.016	0.136	3638.0	3637.0	2691.91	58.3325	945.091	40.6917	-0.481257	0.135029	-0.05	0.0	0.359443	0.089748	3.09255	0.000738468	0.0208608	0.00220829	0.0402013	0.00273114	0.03	0.0	1.492	0.0	5.0	0.0	1.733	0.0	0.0345203	0.00129786	1.25623e-05	9.06713e-05	0.190235	0.00846459	0.0553227	0.0789039	0.000211463	0.0144846	-0.000914816	0.000694338	2.09405	0.553677	0.898456	0.0207261	0.776922	0.116831	0.625961	0.105138	4.59479e-06	0.160726	0.0698707	0.0198976	0.167458	0.0138645	0.0237939	0.0113856	-7810.4	4.0	1.11776e-05	-29798.6	7.0	7.72676e-06	1.0	1889.77	54.4971	802.133	39.9388	0.29798	0.0133578	1002.58	77.8183	
0.0-2.4	10.0-13.0	10.0-60.0	0.000-1.571	0.016	0.136	2368.0	2367.0	1796.74	46.3932	570.294	30.4287	-0.566953	0.169645	-0.05	0.0	0.359443	0.0	3.09255	0.0	0.0208608	0.0	0.0407572	0.00150755	0.03	0.0	1.492	0.0	5.0	0.0	1.733	0.0	0.0349354	0.000563299	1.25623e-05	9.06713e-05	0.195853	0.010614	0.0553227	0.0	0.000211463	0.0	0.000205203	0.000843637	2.09405	0.0	0.910804	0.0249275	0.644799	0.179693	0.771562	0.226645	0.0940151	0.0969068	0.0347748	0.0122872	0.167411	0.0236084	0.0771693	0.0316936	-5157.22	4.0	4.03084e-05	-18464.4	4.0	6.94816e-07	1.0	1270.15	43.4351	526.593	31.5578	0.293082	0.01585	1013.05	10.5859	
0.0-2.4	10.0-30.0	0.0-100.0	0.000-1.571	0.008	0.136	5840.0	5839.0	4393.81	74.4289	1445.1	50.9014	-0.489298	0.110267	-0.05	0.0	0.41779	0.074234	3.09305	0.000574298	0.0218051	0.00161207	0.0417835	0.00257805	0.03	0.0	1.492	0.0	5.0	0.0	1.733	0.0	0.0348583	0.00114502	1.01973e-05	0.00191321	0.180599	0.0060772	0.0473596	0.058793	-0.000901407	0.00750486	-0.000756293	0.000518019	2.0393	0.463163	0.932469	0.0167282	0.803973	0.0945515	0.84967	0.203638	0.291979	0.112536	0.0622722	0.0145085	0.177273	0.012754	0.034645	0.0292998	-12860.3	4.0	1.8287e-05	-50806.6	7.0	7.82858e-06	1.0	2967.91	68.9144	1425.89	52.9625	0.324523	0.0107274	1012.56	53.1177	
0.0-2.4	10.0-30.0	10.0-60.0	0.000-1.571	0.008	0.136	3809.0	3808.0	2920.79	59.1851	887.281	38.3332	-0.516359	0.135897	-0.05	0.0	0.41779	0.0	3.09305	0.0	0.0218051	0.0	0.0423195	0.00138111	0.03	0.0	1.492	0.0	5.0	0.0	1.733	0.0	0.0352327	0.000482916	1.01973e-05	0.00191321	0.187656	0.0078767	0.0473596	0.0	-0.000901407	0.0	-0.000467711	0.000625834	2.0393	0.0	0.92285	0.0203195	0.746207	0.115933	0.73687	0.157491	0.11353	0.0697412	0.0567595	0.0145175	0.178016	0.0151244	0.0282532	0.0128131	-8541.3	4.0	1.54258e-06	-31611.8	4.0	1.78317e-06	1.0	2019.96	55.2699	900.831	41.3836	0.30842	0.0127158	1004.13	8.89517	
0.0-2.4	13.0-30.0	0.0-100.0	0.000-1.571	0.008	0.105	2202.0	2202.0	1703.72	46.0799	498.333	30.2962	-0.513364	0.18803	-0.05	0.0	0.51724	0.104259	3.09382	0.000895364	0.0230791	0.00210368	0.045512	0.00479375	0.03	0.0	1.492	0.0	5.0	0.0	1.733	0.0	0.0357137	0.00188655	2.10356e-05	0.0045896	0.16686	0.00861661	0.0347602	0.122355	-0.00537756	0.015369	-0.000791626	0.000786246	1.80759	0.989032	0.952149	0.0283154	0.851328	0.168853	0.865628	0.272729	0.334175	0.0959599	0.0425237	0.0173992	0.19579	0.0229489	0.0415545	0.0263826	-5063.62	4.0	4.68263e-08	-17144.0	7.0	9.12297e-06	1.0	1077.59	42.1611	626.14	34.8557	0.367512	0.0178815	994.308	80.1401	
0.0-2.4	13.0-30.0	10.0-60.0	0.000-1.571	0.008	0.08	1441.0	1438.0	1121.07	36.575	316.868	23.0971	-0.431866	0.226503	-0.05	0.0	0.51724	0.0	3.09382	0.0	0.0230791	0.0	0.045698	0.00274019	0.03	0.0	1.492	0.0	5.0	0.0	1.733	0.0	0.0358282	0.000843637	1.04426e-05	0.00602457	0.176791	0.0117778	0.0347602	0.0	-0.00537756	0.0	-0.000461031	0.000937467	1.80759	0.0	0.944059	0.0350008	0.707198	0.196157	0.813696	0.225302	0.176458	0.158877	0.0321768	0.0138693	0.198409	0.0270583	0.0322859	0.0249958	-3383.16	4.0	2.49325e-05	-10598.5	4.0	8.36383e-05	1.0	751.377	33.9216	369.69	26.3671	0.329766	0.0209147	986.834	16.1599	
0.0-2.4	6.5-10.0	0.0-100.0	0.000-1.571	0.016	0.136	14864.0	14835.0	7822.41	121.336	7012.89	117.841	-0.120228	0.0481792	-0.05	0.0	0.404515	0.0596003	3.09233	0.000499647	0.0499474	0.00313449	0.0253887	0.00107743	0.03	0.0	1.492	0.0	5.0	0.0	1.733	0.0	0.0373229	0.00114586	7.98293e-05	0.000176368	0.199606	0.00617838	0.239612	0.0894154	0.0062101	0.00335034	0.00184105	0.000498251	1.68288	0.117187	0.906867	0.0122773	0.567358	0.0508076	0.952063	0.0369818	0.530253	0.0411377	0.0592191	0.00931009	0.152833	0.00858301	0.242573	0.0955896	-24059.9	4.0	9.89856e-05	-136120.0	7.0	2.67004e-05	1.0	5972.07	111.316	1850.34	68.0724	0.236543	0.00789092	1141.91	44.6049	
0.0-2.4	6.5-10.0	10.0-60.0	0.000-0.393	0.016	0.152	2652.0	2651.0	1422.57	42.9004	1228.4	40.574	-0.115927	0.111786	-0.05	0.0	0.404515	0.0	3.09233	0.0	0.0499474	0.0	0.0254415	0.0	0.03	0.0	1.492	0.0	5.0	0.0	1.733	0.0	0.0373443	0.0	8.57987e-05	0.0003048	0.191362	0.0139741	0.239612	0.0	0.0062101	0.0	-0.000275707	0.00111513	1.68288	0.0	0.837176	0.0259221	0.831535	0.158135	0.448118	0.196002	0.323506	0.2035	0.090281	0.0509585	0.147631	0.0189319	0.031751	0.013479	-4530.72	4.0	0.000121302	-19802.1	3.0	5.9189e-06	1.0	1089.17	42.2544	333.401	28.4194	0.234365	0.0186854	1100.7	7.49592	
0.0-2.4	6.5-10.0	10.0-60.0	0.000-1.571	0.016	0.16	9128.0	9126.0	5241.74	82.3976	3883.61	73.6972	-0.196529	0.0631015	-0.05	0.0	0.404515	0.0	3.09233	0.0	0.0499474	0.0	0.0254415	0.000681098	0.03	0.0	1.492	0.0	5.0	0.0	1.733	0.0	0.0373444	0.000138156	8.22954e-05	0.000174121	0.195745	0.0073338	0.239612	0.0	0.0062101	0.0	0.00158966	0.000609201	1.68288	0.0	0.868189	0.0148294	0.502322	0.0748339	0.950428	0.0243634	0.455819	0.0746198	0.0451448	0.00768469	0.156049	0.0108223	0.285256	0.0838139	-15699.8	4.0	2.58092e-05	-79997.5	4.0	5.21936e-05	1.0	3981.21	80.4051	1260.53	54.2312	0.240479	0.00963069	1118.81	4.37507	
0.0-2.4	6.5-10.0	10.0-60.0	0.393-0.785	0.016	0.128	2404.0	2395.0	1367.27	41.6685	1027.67	37.3715	-0.225726	0.122626	-0.05	0.0	0.404515	0.0	3.09233	0.0	0.0499474	0.0	0.0254415	0.0	0.03	0.0	1.492	0.0	5.0	0.0	1.733	0.0	0.0373443	0.0	1.37048e-05	0.000223793	0.183542	0.0139064	0.239612	0.0	0.0062101	0.0	0.00232999	0.00133712	1.68288	0.0	0.969277	0.0338887	0.458884	0.0896046	0.910606	0.0817666	0.467627	0.110699	0.0387189	0.0130334	0.185162	0.0269769	0.203074	0.115223	-4063.19	4.0	3.8703e-06	-17778.2	3.0	1.58535e-05	1.0	1040.17	41.6633	327.108	28.8155	0.239241	0.0197738	1180.25	10.5812	
0.0-2.4	6.5-10.0	10.0-60.0	0.785-1.178	0.016	0.152	2094.0	2093.0	1247.59	39.5358	845.386	34.0727	-0.223418	0.13544	-0.05	0.0	0.404515	0.0	3.09233	0.0	0.0499474	0.0	0.0254415	0.0	0.03	0.0	1.492	0.0	5.0	0.0	1.733	0.0	0.0373443	0.0	6.88744e-05	0.000959106	0.215032	0.0159306	0.239612	0.0	0.0062101	0.0	3.00658e-05	0.0011999	1.68288	0.0	0.872963	0.0287348	0.728991	0.0211922	0.999263	1.02232	0.613582	0.0305239	0.0845258	0.00691962	0.145645	0.00756499	0.0200037	2.52791	-3715.09	4.0	4.33791e-05	-15343.6	3.0	2.66998e-06	1.0	948.192	38.2421	299.401	25.4874	0.239983	0.018961	1121.64	8.50272	
0.0-2.4	6.5-10.0	10.0-60.0	1.178-1.571	0.016	0.136	1978.0	1976.0	1206.93	38.7955	769.062	32.6686	-0.265862	0.142116	-0.05	0.0	0.404515	0.0	3.09233	0.0	0.0499474	0.0	0.0254415	0.0	0.03	0.0	1.492	0.0	5.0	0.0	1.733	0.0	0.0373443	0.0	0.000177731	0.000547176	0.19452	0.0147027	0.239612	0.0	0.0062101	0.0	0.000525532	0.001271	1.68288	0.0	0.82547	0.0317611	0.521124	0.0592105	0.963374	0.030056	0.456605	0.0702679	0.0583877	0.0105099	0.190191	0.0265771	0.478137	0.273553	-3423.06	4.0	9.92291e-06	-14411.5	3.0	1.04228e-06	1.0	897.314	37.9743	309.619	26.6302	0.256534	0.0204656	1093.95	9.11179	
0.0-2.4	6.5-30.0	0.0-10.0	0.000-0.393	0.008	0.16	1893.0	1892.0	933.783	35.1849	958.339	35.5317	0.0233463	0.126101	-0.05	0.0	0.412144	0.0	3.09296	0.0	0.0470561	0.0	0.0239865	0.0	0.03	0.0	1.492	0.0	5.0	0.0	1.733	0.0	0.035367	0.0	1.26048e-05	0.000103248	0.177132	0.0136447	0.194806	0.0	0.00388621	0.0	0.00192062	0.00138326	1.71005	0.0	0.999282	0.0361163	0.999528	3.52666	0.311329	0.68274	0.595613	0.381073	0.00759828	6.27844	0.197334	0.101257	0.0851716	0.0285737	-2945.08	4.0	5.98868e-06	-13395.0	3.0	8.95789e-05	1.0	642.195	33.6599	291.588	25.8489	0.312265	0.0250568	1172.05	12.397	
0.0-2.4	6.5-30.0	0.0-10.0	0.000-1.571	0.008	0.184	7242.0	7242.0	3579.0	69.8723	3662.88	70.4695	-0.111813	0.0645703	-0.05	0.0	0.412144	0.0	3.09296	0.0	0.0470561	0.0	0.0239865	0.000849832	0.03	0.0	1.492	0.0	5.0	0.0	1.733	0.0	0.035367	0.000169412	3.80561e-05	6.9663e-05	0.183781	0.00778718	0.194806	0.0	0.00388621	0.0	0.000630787	0.000689028	1.71005	0.0	0.965072	0.0188978	0.933522	0.773766	0.423386	0.253194	0.513654	0.0595411	0.127433	0.123556	0.183788	0.0239526	0.0784881	0.0270729	-11304.1	4.0	3.40037e-05	-61007.7	4.0	3.50038e-06	1.0	2559.54	67.3726	1019.46	49.3787	0.284846	0.0126264	1148.74	6.39179	
0.0-2.4	6.5-30.0	0.0-10.0	0.393-0.785	0.016	0.145	1900.0	1892.0	879.156	34.4802	1012.96	36.3684	-0.356337	0.123081	-0.05	0.0	0.412144	0.0	3.09296	0.0	0.0470561	0.0	0.0239865	0.0	0.03	0.0	1.492	0.0	5.0	0.0	1.733	0.0	0.035367	0.0	1.59709e-05	0.00459193	0.234609	0.348894	0.194806	0.0	0.00388621	0.0	0.00158226	0.00830871	1.71005	0.0	1.09829	0.594498	0.373965	0.652302	0.752402	0.486122	0.0992631	2.42921	0.00707584	4.12485e-08	0.151593	0.0411841	0.109184	0.0291758	-1e+30	4.0	0.0	-13306.6	3.0	8.76836e-06	1.0	814.971	321.927	64.1845	320.346	0.073007	0.364368	1241.34	211.762	
0.0-2.4	6.5-30.0	0.0-10.0	0.785-1.178	0.016	0.128	1781.0	1776.0	898.45	34.2659	877.726	33.9624	0.0697118	0.131761	-0.05	0.0	0.412144	0.0	3.09296	0.0	0.0470561	0.0	0.0239865	0.0	0.03	0.0	1.492	0.0	5.0	0.0	1.733	0.0	0.035367	0.0	1.21148e-05	0.0045937	0.184526	0.0161454	0.194806	0.0	0.00388621	0.0	0.00166425	0.00140519	1.71005	0.0	0.956773	0.0395142	0.529702	0.0174109	0.999988	3.83896	0.439596	0.0180814	0.0612015	0.00320028	0.153072	0.00601808	0.125122	33.9458	-2818.57	4.0	7.94363e-07	-12506.6	3.0	1.86444e-05	1.0	657.124	33.5881	241.326	24.1819	0.268602	0.0248894	1143.13	13.3149	
0.0-2.4	6.5-30.0	0.0-10.0	1.178-1.571	0.016	0.152	1668.0	1659.0	852.34	33.3141	806.886	32.626	-0.167616	0.137691	-0.05	0.0	0.412144	0.0	3.09296	0.0	0.0470561	0.0	0.0239865	0.0	0.03	0.0	1.492	0.0	5.0	0.0	1.733	0.0	0.035367	0.0	1.3619e-05	0.00459301	0.165901	0.0155163	0.194806	0.0	0.00388621	0.0	0.00105686	0.00140867	1.71005	0.0	0.9565	0.0382536	0.999999	1.2455	0.323678	0.0978691	0.5556	0.076134	0.155044	1.44249	0.244178	0.0493252	0.0812994	0.0163255	-2765.08	4.0	3.61165e-05	-11586.6	3.0	4.04279e-05	1.0	631.044	33.0909	221.296	23.6955	0.259634	0.0258822	1142.95	12.8884	
0.0-2.4	6.5-30.0	0.0-100.0	0.000-1.571	0.008	0.128	20704.0	20660.0	12119.1	139.45	8541.56	125.959	-0.198697	0.0438839	-0.05	0.0	0.412144	0.0443551	3.09296	0.00037664	0.0470561	0.00188036	0.0244508	0.00084362	0.03	0.0	1.492	0.0	5.0	0.0	1.733	0.0	0.0355534	0.000739098	3.69757e-05	6.79802e-05	0.190289	0.00439136	0.194806	0.0809249	0.00388621	0.00250472	-0.000241807	0.000364364	1.71005	0.123875	0.886341	0.00997727	0.882573	0.0990225	0.471727	0.0888508	0.385001	0.0591862	0.135252	0.0528084	0.181199	0.0106772	0.0501353	0.0127924	-36531.8	4.0	4.94353e-05	-198786.0	7.0	0.00013732	1.0	8840.08	128.59	3278.98	87.2471	0.270564	0.00649118	1096.46	43.839	
0.0-2.4	6.5-30.0	10.0-20.0	0.000-0.393	0.016	0.152	1449.0	1444.0	780.489	31.6366	663.507	29.7307	0.153763	0.151803	-0.05	0.0	0.412144	0.0	3.09296	0.0	0.0470561	0.0	0.024952	0.0	0.03	0.0	1.492	0.0	5.0	0.0	1.733	0.0	0.0357575	0.0	1.22174e-05	0.000115125	0.206366	0.0167861	0.194806	0.0	0.00388621	0.0	-0.00211083	0.00144089	1.71005	0.0	0.935491	0.0356527	0.859555	0.930287	0.739104	0.280964	0.600173	0.270575	0.020104	0.0557212	0.13633	0.0282455	0.125669	0.0675854	-2394.87	4.0	1.59435e-05	-9938.95	3.0	1.01312e-06	1.0	538.944	29.7776	241.545	22.4796	0.309479	0.0259266	1128.86	11.895	
0.0-2.4	6.5-30.0	10.0-20.0	0.000-1.571	0.008	0.16	5132.0	5131.0	2842.29	60.9838	2288.44	56.2599	-0.197439	0.0819918	-0.05	0.0	0.412144	0.0	3.09296	0.0	0.0470561	0.0	0.024952	0.000964636	0.03	0.0	1.492	0.0	5.0	0.0	1.733	0.0	0.0357576	0.000197853	1.00282e-05	0.000232918	0.200045	0.00916182	0.194806	0.0	0.00388621	0.0	0.000702796	0.000778385	1.71005	0.0	0.919024	0.0212483	0.532307	0.118342	0.898301	0.0412896	0.376378	0.114065	0.0369149	0.0098093	0.132212	0.0124938	0.230001	0.0556492	-8533.17	4.0	2.15723e-05	-41911.4	4.0	1.4996e-05	1.0	2044.29	58.1886	797.995	41.895	0.280758	0.0134528	1117.92	7.03253	
0.0-2.4	6.5-30.0	10.0-20.0	0.393-0.785	0.008	0.128	1311.0	1306.0	707.357	30.1716	598.574	28.3118	-0.183676	0.160072	-0.05	0.0	0.412144	0.0	3.09296	0.0	0.0470561	0.0	0.024952	0.0	0.03	0.0	1.492	0.0	5.0	0.0	1.733	0.0	0.0357575	0.0	1.64982e-05	0.00459169	0.194285	0.020164	0.194806	0.0	0.00388621	0.0	0.00137713	0.00157684	1.71005	0.0	0.935437	0.0446504	0.504597	0.129938	0.893899	0.0827534	0.214854	0.14535	0.0387094	0.0117571	0.125159	0.017481	0.186302	0.0760847	-2176.57	4.0	2.80653e-05	-8853.56	3.0	4.21651e-06	1.0	547.527	29.9015	159.829	19.8784	0.225953	0.0263981	1128.82	14.8965	
0.0-2.4	6.5-30.0	10.0-20.0	0.785-1.178	0.008	0.152	1233.0	1232.0	689.76	29.624	542.17	27.0182	-0.304927	0.168599	-0.05	0.0	0.412144	0.0	3.09296	0.0	0.0470561	0.0	0.024952	0.0	0.03	0.0	1.492	0.0	5.0	0.0	1.733	0.0	0.0357575	0.0	2.75139e-05	0.00458662	0.212035	0.020972	0.194806	0.0	0.00388621	0.0	-0.000546144	0.00147558	1.71005	0.0	0.910903	0.0397981	0.990285	20.6223	0.365693	1.68502	0.529877	1.02882	0.00807616	1.82054e-06	0.227542	0.0920315	0.0792544	0.0403913	-2093.31	4.0	5.72048e-08	-8315.18	3.0	9.04507e-06	1.0	509.867	28.328	179.893	19.5614	0.260805	0.026054	1112.55	13.1185	
0.0-2.4	6.5-30.0	10.0-20.0	1.178-1.571	0.008	0.12	1139.0	1135.0	662.402	28.7935	472.54	25.2829	-0.59985	0.182527	-0.05	0.0	0.412144	0.0	3.09296	0.0	0.0470561	0.0	0.024952	0.0	0.03	0.0	1.492	0.0	5.0	0.0	1.733	0.0	0.0357575	0.0	2.02273e-05	0.00458997	0.184625	0.016188	0.194806	0.0	0.00388621	0.0	0.000638455	0.00178617	1.71005	0.0	0.936789	0.051217	0.604194	0.0882018	0.932512	0.0708182	0.429754	0.110137	0.0550462	0.0172064	0.138205	0.022573	0.324249	0.193271	-1876.91	4.0	2.27615e-06	-7611.81	3.0	3.81319e-06	1.0	441.57	27.7684	220.833	22.2443	0.333381	0.0302935	1129.73	17.0983	
0.0-2.4	6.5-30.0	10.0-30.0	0.000-0.393	0.008	0.128	2466.0	2463.0	1381.23	41.8078	1081.77	38.0581	0.0494839	0.119024	-0.05	0.0	0.412144	0.0	3.09296	0.0	0.0470561	0.0	0.0241685	0.0	0.03	0.0	1.492	0.0	5.0	0.0	1.733	0.0	0.0354398	0.0	1.2601e-05	0.000103615	0.213517	0.0141744	0.194806	0.0	0.00388621	0.0	0.000704293	0.00104563	1.71005	0.0	0.891459	0.0263891	0.514965	4.45998	0.578374	1.96883	0.29712	3.77567	0.00706181	6.92367e-09	0.148517	0.028107	0.068988	0.0216683	-4317.9	4.0	2.41125e-06	-18357.7	3.0	1.87182e-06	1.0	1016.75	39.7423	364.48	27.4596	0.263881	0.0182055	1099.8	8.61161	
0.0-2.4	6.5-30.0	10.0-30.0	0.000-1.571	0.008	0.16	8729.0	8728.0	5070.08	80.4467	3657.17	71.1246	-0.191507	0.0649427	-0.05	0.0	0.412144	0.0	3.09296	0.0	0.0470561	0.0	0.0241685	0.000685792	0.03	0.0	1.492	0.0	5.0	0.0	1.733	0.0	0.0354398	0.000137465	1.00282e-05	0.000232918	0.202176	0.00700569	0.194806	0.0	0.00388621	0.0	0.00134371	0.000560357	1.71005	0.0	0.888183	0.0152895	0.511484	0.0694305	0.934908	0.0270468	0.36234	0.0749037	0.0397424	0.00619221	0.137263	0.0088715	0.232937	0.0563636	-15308.3	4.0	1.92504e-06	-76386.4	4.0	7.90956e-05	1.0	3702.35	76.6959	1367.73	53.8726	0.269765	0.00972531	1097.66	4.98078	
0.0-2.4	6.5-30.0	10.0-30.0	0.393-0.785	0.008	0.128	2264.0	2254.0	1279.73	40.1065	974.256	36.0976	-0.177418	0.12563	-0.05	0.0	0.412144	0.0	3.09296	0.0	0.0470561	0.0	0.0241685	0.0	0.03	0.0	1.492	0.0	5.0	0.0	1.733	0.0	0.0354398	0.0	1.64982e-05	0.00459169	0.186221	0.013129	0.194806	0.0	0.00388621	0.0	0.00167364	0.00114185	1.71005	0.0	0.919632	0.0327178	0.489711	0.124558	0.920236	0.0622356	0.323215	0.142129	0.0358603	0.010378	0.141554	0.0155266	0.179984	0.0709537	-3923.9	4.0	9.39128e-08	-16631.8	3.0	3.40526e-06	1.0	943.676	39.1054	336.059	27.6677	0.2626	0.0199922	1118.32	10.8319	
0.0-2.4	6.5-30.0	10.0-30.0	0.785-1.178	0.008	0.152	2035.0	2034.0	1217.63	38.7753	816.333	33.2009	-0.352723	0.137899	-0.05	0.0	0.412144	0.0	3.09296	0.0	0.0470561	0.0	0.0241685	0.0	0.03	0.0	1.492	0.0	5.0	0.0	1.733	0.0	0.0354398	0.0	2.75139e-05	0.00458662	0.218065	0.0156091	0.194806	0.0	0.00388621	0.0	-3.1193e-06	0.00109257	1.71005	0.0	0.887746	0.0297507	0.645083	0.779594	0.599685	0.310238	0.460986	0.274673	0.0255079	0.0333207	0.189307	0.0329659	0.0857969	0.0300866	-3660.22	4.0	1.54081e-06	-14905.0	3.0	8.71888e-06	1.0	899.866	36.7823	317.768	25.1826	0.260971	0.0189384	1097.38	9.68949	
0.0-2.4	6.5-30.0	10.0-30.0	1.178-1.571	0.008	0.145	1964.0	1963.0	1192.53	38.3697	770.436	32.4061	-0.366427	0.142098	-0.05	0.0	0.412144	0.0	3.09296	0.0	0.0470561	0.0	0.0241685	0.0	0.03	0.0	1.492	0.0	5.0	0.0	1.733	0.0	0.0354398	0.0	1.49137e-05	0.00459242	0.188252	0.0129333	0.194806	0.0	0.00388621	0.0	0.000637794	0.00122146	1.71005	0.0	0.884595	0.0351091	0.548135	0.0613086	0.966381	0.0312099	0.381734	0.0893283	0.0475235	0.00945311	0.152219	0.019	0.367161	0.205816	-3436.3	4.0	1.30317e-05	-14330.2	3.0	4.70293e-06	1.0	832.387	36.9954	360.147	28.0296	0.302001	0.0214017	1095.32	11.4154	
0.0-2.4	6.5-30.0	10.0-60.0	0.000-0.393	0.016	0.152	3650.0	3637.0	2163.53	51.7222	1473.37	44.5546	-0.0981848	0.102271	-0.05	0.0	0.412144	0.0	3.09296	0.0	0.0470561	0.0	0.0246446	0.0	0.03	0.0	1.492	0.0	5.0	0.0	1.733	0.0	0.035632	0.0	1.22174e-05	0.000115125	0.196055	0.0105836	0.194806	0.0	0.00388621	0.0	0.000538945	0.000816471	1.71005	0.0	0.855088	0.0208339	0.641266	0.288666	0.71768	0.282913	0.434521	0.180994	0.026757	0.0212802	0.152482	0.0230929	0.0800287	0.0400844	-6720.99	4.0	9.97836e-07	-28743.3	3.0	4.87672e-06	1.0	1597.77	49.7327	565.763	34.6016	0.2615	0.0147207	1076.29	6.66379	
0.0-2.4	6.5-30.0	10.0-60.0	0.000-1.571	0.008	0.16	12937.0	12935.0	8100.21	100.234	4833.97	82.3449	-0.274629	0.056739	-0.05	0.0	0.412144	0.0	3.09296	0.0	0.0470561	0.0	0.0246446	0.000533057	0.03	0.0	1.492	0.0	5.0	0.0	1.733	0.0	0.035632	0.000108367	1.00282e-05	0.000232918	0.192978	0.00542475	0.194806	0.0	0.00388621	0.0	0.000871383	0.000442151	1.71005	0.0	0.872487	0.0120248	0.551564	0.0567681	0.964439	0.0153488	0.381874	0.05873	0.0443239	0.00581469	0.153274	0.00801913	0.324793	0.0876849	-24052.4	4.0	5.94892e-06	-119309.0	4.0	0.000115236	1.0	5962.14	96.5712	2138.08	67.6971	0.263953	0.00769276	1087.48	3.88407	
0.0-2.4	6.5-30.0	10.0-60.0	0.393-0.785	0.008	0.128	3384.0	3374.0	2095.21	50.5674	1278.74	41.7223	-0.32316	0.110326	-0.05	0.0	0.412144	0.0	3.09296	0.0	0.0470561	0.0	0.0246446	0.0	0.03	0.0	1.492	0.0	5.0	0.0	1.733	0.0	0.035632	0.0	1.64982e-05	0.00459169	0.183522	0.0104439	0.194806	0.0	0.00388621	0.0	0.00103418	0.000907872	1.71005	0.0	0.917848	0.0263243	0.49704	0.101366	0.950953	0.0437315	0.337809	0.117797	0.0393866	0.00880706	0.165784	0.0159147	0.212792	0.113894	-6226.64	4.0	1.90551e-05	-26565.5	3.0	9.99982e-06	1.0	1560.66	49.6058	534.551	34.7626	0.25513	0.0154065	1117.14	8.70744	
0.0-2.4	6.5-30.0	10.0-60.0	0.785-1.178	0.008	0.152	2995.0	2994.0	1931.96	48.3189	1062.06	38.2753	-0.310418	0.121293	-0.05	0.0	0.412144	0.0	3.09296	0.0	0.0470561	0.0	0.0246446	0.0	0.03	0.0	1.492	0.0	5.0	0.0	1.733	0.0	0.035632	0.0	2.75139e-05	0.00458662	0.200763	0.0117673	0.194806	0.0	0.00388621	0.0	0.000485116	0.000890837	1.71005	0.0	0.869912	0.0237977	0.612228	0.381279	0.645081	0.256035	0.386734	0.256456	0.0274322	0.0275118	0.200573	0.0278513	0.0821178	0.0267059	-5714.77	4.0	5.17208e-05	-23336.7	3.0	1.72221e-05	1.0	1435.15	46.5167	496.806	32.0911	0.257152	0.015315	1085.81	7.67582	
0.0-2.4	6.5-30.0	10.0-60.0	1.178-1.571	0.008	0.152	2908.0	2907.0	1900.5	47.9135	1006.43	37.4387	-0.435037	0.124949	-0.05	0.0	0.412144	0.0	3.09296	0.0	0.0470561	0.0	0.0246446	0.0	0.03	0.0	1.492	0.0	5.0	0.0	1.733	0.0	0.035632	0.0	1.96612e-05	0.00459023	0.191937	0.0106677	0.194806	0.0	0.00388621	0.0	0.000700135	0.000955391	1.71005	0.0	0.867253	0.0265968	0.567404	0.0501144	0.976678	0.0180332	0.348206	0.0762632	0.0501584	0.00803588	0.162697	0.0168269	0.507313	0.271516	-5384.66	4.0	1.22202e-05	-22596.7	3.0	1.54754e-05	1.0	1357.83	46.2776	542.668	34.0139	0.285539	0.0163857	1084.1	8.56598	
0.0-2.4	6.5-30.0	20.0-30.0	0.000-0.393	0.016	0.105	1017.0	1010.0	594.331	27.2032	415.667	23.6931	-0.0989178	0.192173	-0.05	0.0	0.412144	0.0	3.09296	0.0	0.0470561	0.0	0.0232153	0.0	0.03	0.0	1.492	0.0	5.0	0.0	1.733	0.0	0.0350632	0.0	1.20125e-05	0.000129932	0.231069	0.0261035	0.194806	0.0	0.00388621	0.0	0.00375092	0.00152195	1.71005	0.0	0.874717	0.0381914	0.559426	0.176393	0.934877	0.894091	0.419589	0.130468	0.055809	0.0177133	0.11993	0.034758	0.0561855	0.124466	-1899.61	4.0	7.30265e-05	-6678.81	3.0	7.401e-07	1.0	471.839	26.0985	122.493	15.6893	0.206102	0.0246551	1088.92	12.3512	
0.0-2.4	6.5-30.0	20.0-30.0	0.000-1.571	0.008	0.152	3597.0	3597.0	2227.12	52.4791	1369.69	43.5521	-0.182425	0.106297	-0.05	0.0	0.412144	0.0	3.09296	0.0	0.0470561	0.0	0.0232153	0.000962507	0.03	0.0	1.492	0.0	5.0	0.0	1.733	0.0	0.0350632	0.000187313	1.79985e-05	0.004591	0.204939	0.0108531	0.194806	0.0	0.00388621	0.0	0.00179296	0.000804917	1.71005	0.0	0.843362	0.0219525	0.525714	0.0995273	0.824122	0.247698	0.312898	0.116364	0.0472458	0.00886272	0.150787	0.0175104	0.0394663	0.0300894	-6792.4	4.0	3.94637e-07	-28574.5	4.0	1.95691e-05	1.0	1655.09	50.0124	572.032	34.0871	0.256848	0.014058	1068.82	6.97373	
0.0-2.4	6.5-30.0	20.0-30.0	0.393-0.785	0.016	0.145	953.0	948.0	566.497	26.3249	381.415	22.5363	-0.165231	0.200737	-0.05	0.0	0.412144	0.0	3.09296	0.0	0.0470561	0.0	0.0232153	0.0	0.03	0.0	1.492	0.0	5.0	0.0	1.733	0.0	0.0350632	0.0	1.59709e-05	0.00459193	0.179903	0.0173996	0.194806	0.0	0.00388621	0.0	0.00196709	0.00163976	1.71005	0.0	0.884659	0.0470222	0.530966	0.15305	0.999999	2.19657	0.496011	0.155972	0.0418159	0.0152078	0.164569	0.0274746	0.02	7.66757	-1727.16	4.0	3.79568e-05	-6239.28	3.0	5.21596e-05	1.0	393.567	25.1373	172.929	19.0257	0.305261	0.030442	1095.37	15.2894	
0.0-2.4	6.5-30.0	20.0-30.0	0.785-1.178	0.016	0.12	802.0	795.0	520.965	24.8539	273.971	19.2532	-0.444472	0.239123	-0.05	0.0	0.412144	0.0	3.09296	0.0	0.0470561	0.0	0.0232153	0.0	0.03	0.0	1.492	0.0	5.0	0.0	1.733	0.0	0.0350632	0.0	1.13479e-05	0.00459405	0.229535	0.0240814	0.194806	0.0	0.00388621	0.0	-0.000274892	0.00158484	1.71005	0.0	0.813043	0.0425458	0.76095	0.768917	0.55164	0.744287	0.168299	0.304234	0.0725328	0.0756754	0.13977	0.0322925	0.0305597	0.0294455	-1563.61	4.0	7.94653e-07	-5178.28	3.0	3.53595e-05	1.0	386.081	23.3297	134.884	15.698	0.258912	0.0274845	1049.73	13.2667	
0.0-2.4	6.5-30.0	20.0-30.0	1.178-1.571	0.008	0.128	825.0	823.0	529.567	25.3327	293.39	20.1392	-0.0269644	0.229266	-0.05	0.0	0.412144	0.0	3.09296	0.0	0.0470561	0.0	0.0232153	0.0	0.03	0.0	1.492	0.0	5.0	0.0	1.733	0.0	0.0350632	0.0	3.66622e-05	0.000202958	0.191858	0.0212631	0.194806	0.0	0.00388621	0.0	0.000155565	0.00166419	1.71005	0.0	0.811632	0.0483935	0.542199	0.168101	0.542005	0.227906	0.100925	0.170361	0.0397316	0.0147451	0.206216	0.0460636	0.0356311	0.0160319	-1559.92	4.0	6.15806e-05	-5351.23	3.0	1.2083e-05	1.0	388.509	24.4359	141.058	17.2407	0.266365	0.0299592	1048.85	15.0766	
0.0-2.4	6.5-30.0	30.0-60.0	0.000-0.393	0.016	0.12	1184.0	1178.0	789.083	30.5241	388.92	23.0559	-0.481363	0.201323	-0.05	0.0	0.412144	0.0	3.09296	0.0	0.0470561	0.0	0.0253657	0.0	0.03	0.0	1.492	0.0	5.0	0.0	1.733	0.0	0.0359282	0.0	1.21545e-05	0.000118996	0.163799	0.0147151	0.194806	0.0	0.00388621	0.0	0.000308102	0.00125204	1.71005	0.0	0.761762	0.0335227	0.58764	0.321499	0.715973	0.758267	0.214608	0.302587	0.0316137	0.0190767	0.178968	0.0287324	0.02017	0.515891	-2456.74	4.0	2.48643e-06	-8154.39	3.0	9.7615e-08	1.0	581.192	29.8474	207.891	21.2152	0.263459	0.0248795	1018.28	10.0962	
0.0-2.4	6.5-30.0	30.0-60.0	0.000-1.571	0.008	0.145	4208.0	4206.0	3031.37	59.7313	1175.01	41.3679	-0.539883	0.116822	-0.05	0.0	0.412144	0.0	3.09296	0.0	0.0470561	0.0	0.0253657	0.000859684	0.03	0.0	1.492	0.0	5.0	0.0	1.733	0.0	0.0359282	0.000178398	3.69686e-05	0.0287936	0.175947	0.00835931	0.194806	0.0	0.00388621	0.0	-0.000208512	0.000717968	1.71005	0.0	0.817498	0.0194712	0.706212	0.160596	0.57755	0.158357	0.151514	0.0858328	0.0484767	0.0151735	0.218083	0.0219558	0.0374415	0.0150786	-8846.15	4.0	1.12372e-05	-34833.3	4.0	5.37196e-05	1.0	2249.09	58.6865	782.285	41.4455	0.258063	0.0126914	1052.51	6.08868	
0.0-2.4	6.5-30.0	30.0-60.0	0.393-0.785	0.016	0.096	1120.0	1110.0	806.791	30.5513	303.175	20.7309	-0.806189	0.232218	-0.05	0.0	0.412144	0.0	3.09296	0.0	0.0470561	0.0	0.0253657	0.0	0.03	0.0	1.492	0.0	5.0	0.0	1.733	0.0	0.0359282	0.0	1.00324e-05	0.000766952	0.173412	0.017694	0.194806	0.0	0.00388621	0.0	-0.00136571	0.00150022	1.71005	0.0	0.871656	0.0443925	0.679589	0.826569	0.451909	0.385049	0.069845	0.142635	0.0359924	0.032656	0.260899	0.051829	0.0445576	0.0154798	-2320.95	4.0	2.86219e-07	-7732.54	3.0	6.44541e-06	1.0	607.475	30.6054	199.316	21.5519	0.247048	0.0250215	1086.94	14.3324	
0.0-2.4	6.5-30.0	30.0-60.0	0.785-1.178	0.008	0.12	960.0	958.0	714.542	28.7524	243.455	18.8583	-0.191909	0.255251	-0.05	0.0	0.412144	0.0	3.09296	0.0	0.0470561	0.0	0.0253657	0.0	0.03	0.0	1.492	0.0	5.0	0.0	1.733	0.0	0.0359282	0.0	1.26912e-05	0.00459344	0.173637	0.0170619	0.194806	0.0	0.00388621	0.0	0.000363559	0.00154553	1.71005	0.0	0.847433	0.0395017	0.704081	0.110937	0.985889	0.0178087	0.278833	0.109421	0.0541251	0.0199243	0.161312	0.0262269	1.20519	1.43066	-2077.85	4.0	4.70288e-07	-6560.48	3.0	9.65866e-08	1.0	535.098	28.666	179.444	20.2549	0.251131	0.0264843	1071.41	12.5788	
0.0-2.4	6.5-30.0	30.0-60.0	1.178-1.571	0.008	0.105	944.0	940.0	705.757	28.5961	234.235	18.6076	-0.658542	0.262674	-0.05	0.0	0.412144	0.0	3.09296	0.0	0.0470561	0.0	0.0253657	0.0	0.03	0.0	1.492	0.0	5.0	0.0	1.733	0.0	0.0359282	0.0	4.85093e-05	0.000406753	0.197397	0.0186891	0.194806	0.0	0.00388621	0.0	0.000669541	0.00153519	1.71005	0.0	0.856237	0.0403084	0.653905	0.246425	1.0	0.17046	0.31788	0.243985	0.0602467	0.0301596	0.211687	0.0324957	0.922451	5.07391	-1972.07	4.0	2.48565e-07	-6420.24	3.0	8.37407e-07	1.0	522.124	27.7157	183.633	19.3897	0.260193	0.0253704	1077.03	12.9013	
0.0-2.4	6.5-8.0	0.0-100.0	0.000-1.571	0.016	0.16	8647.0	8644.0	3962.15	90.9738	4681.86	94.8432	-0.107579	0.0599246	-0.05	0.0	0.603424	0.0805278	3.09051	0.000783257	0.028968	0.00171742	0.0640907	0.00833992	0.03	0.0	1.492	0.0	5.0	0.0	1.733	0.0	0.0462098	0.00271916	2.99332e-05	0.00458551	0.203779	0.00989932	0.247328	0.092515	0.00999999	0.0035556	0.00205715	0.000718618	1.76918	0.144226	0.921544	0.0161881	0.552493	0.0619541	0.928867	0.0637454	0.575548	0.0472736	0.0664437	0.0135974	0.139525	0.0111728	0.231482	0.0882662	-12656.4	4.0	5.03339e-06	-73520.6	7.0	1.75948e-05	1.0	3145.22	84.8821	816.925	48.3897	0.206182	0.0112581	1188.84	51.9199	
0.0-2.4	6.5-8.0	10.0-60.0	0.000-0.393	0.016	0.128	1519.0	1516.0	711.026	31.8547	805.014	33.2984	-0.177103	0.138605	-0.05	0.0	0.603424	0.0	3.09051	0.0	0.028968	0.0	0.066456	0.0	0.03	0.0	1.492	0.0	5.0	0.0	1.733	0.0	0.0475163	0.0	0.000280358	0.0026809	0.208265	0.0231362	0.247328	0.0	0.00999999	0.0	0.00149221	0.00160745	1.76918	0.0	0.900609	0.0337004	0.517458	0.758477	0.8036	0.313909	0.561138	0.746221	0.0166952	0.0200893	0.142934	0.0336363	0.117365	0.073252	-2341.8	4.0	7.58921e-07	-10271.1	3.0	1.25319e-05	1.0	562.183	31.3866	148.843	19.8805	0.209335	0.0263405	1176.7	9.70691	
0.0-2.4	6.5-8.0	10.0-60.0	0.000-1.571	0.016	0.16	5212.0	5210.0	2699.18	73.7174	2510.27	72.4115	-0.158234	0.0791643	-0.05	0.0	0.603424	0.0	3.09051	0.0	0.028968	0.0	0.066456	0.00564935	0.03	0.0	1.492	0.0	5.0	0.0	1.733	0.0	0.0475163	0.0015667	2.99332e-05	0.00458551	0.198737	0.011265	0.247328	0.0	0.00999999	0.0	0.00144114	0.000890087	1.76918	0.0	0.900224	0.0195494	0.506627	0.143809	0.86788	0.0719899	0.582703	0.103977	0.0456789	0.0172541	0.148834	0.0173219	0.214132	0.0609543	-8198.57	4.0	8.08468e-05	-42081.5	4.0	9.57483e-05	1.0	2110.21	68.6152	588.971	40.5627	0.218203	0.0137956	1176.48	5.62958	
0.0-2.4	6.5-8.0	10.0-60.0	0.393-0.785	0.016	0.128	1354.0	1345.0	692.843	30.9233	652.368	30.264	-0.144396	0.15441	-0.05	0.0	0.603424	0.0	3.09051	0.0	0.028968	0.0	0.066456	0.0	0.03	0.0	1.492	0.0	5.0	0.0	1.733	0.0	0.0475163	0.0	3.68991e-05	0.00458231	0.183274	0.0218377	0.247328	0.0	0.00999999	0.0	0.00249518	0.00198238	1.76918	0.0	1.01754	0.0423473	0.413304	0.377563	0.749631	0.273724	0.575002	0.290631	0.0364377	0.0346885	0.167241	0.0491386	0.13517	0.0721814	-2117.97	4.0	1.67813e-05	-9034.9	3.0	6.09673e-05	1.0	551.461	31.4278	141.382	20.5358	0.204061	0.028206	1246.37	13.0109	
0.0-2.4	6.5-8.0	10.0-60.0	0.785-1.178	0.016	0.152	1201.0	1200.0	670.301	29.9221	529.698	27.4726	-0.11395	0.171655	-0.05	0.0	0.603424	0.0	3.09051	0.0	0.028968	0.0	0.066456	0.0	0.03	0.0	1.492	0.0	5.0	0.0	1.733	0.0	0.0475163	0.0	0.000162346	0.00052087	0.194603	0.0215874	0.247328	0.0	0.00999999	0.0	-0.00109083	0.00171668	1.76918	0.0	0.863992	0.037728	0.999998	1.12202	0.390385	0.186114	0.617815	0.107914	0.101701	1.29021	0.161507	0.0422458	0.0928465	0.0276848	-2000.33	4.0	1.09183e-06	-8005.28	3.0	2.6939e-07	1.0	521.643	29.7074	148.658	19.6043	0.221777	0.0275205	1155.85	10.6132	
0.0-2.4	6.5-8.0	10.0-60.0	1.178-1.571	0.024	0.136	1138.0	1135.0	627.267	29.0895	507.708	26.9562	-0.189211	0.175266	-0.05	0.0	0.603424	0.0	3.09051	0.0	0.028968	0.0	0.066456	0.0	0.03	0.0	1.492	0.0	5.0	0.0	1.733	0.0	0.0475163	0.0	1.00919e-05	0.00212113	0.208729	0.0229205	0.247328	0.0	0.00999999	0.0	0.00173865	0.00177863	1.76918	0.0	0.831331	0.0422444	0.427596	0.0899835	0.916505	0.0802942	0.571608	0.0858457	0.0575456	0.0150482	0.206781	0.0425002	0.348267	0.189238	-1770.69	4.0	7.19987e-06	-7492.65	3.0	6.92541e-06	1.0	475.108	28.3108	152.159	19.1268	0.242575	0.0283413	1137.68	11.6171	
0.0-2.4	8.0-10.0	0.0-100.0	0.000-1.571	0.016	0.184	6217.0	6217.0	3920.27	76.6136	2296.98	65.1254	-0.182189	0.0840604	-0.05	0.0	0.456324	0.0666085	3.0929	0.000629888	0.0461602	0.00284689	0.0224004	0.00136399	0.03	0.0	1.492	0.0	5.0	0.0	1.733	0.0	0.0352863	0.00116978	8.20597e-05	0.000220638	0.195511	0.00788211	0.223696	0.161641	0.000490403	0.00440363	0.00210003	0.000689194	1.60773	0.189769	0.894101	0.0186953	0.566182	0.0851815	0.977685	0.0164247	0.444659	0.0811584	0.0452553	0.00815525	0.174423	0.0130164	0.375813	0.190555	-11574.2	4.0	4.52837e-06	-52927.7	7.0	6.19339e-05	1.0	2876.45	70.9165	1043.83	47.8042	0.266263	0.0110281	1094.9	73.1336	
0.0-2.4	8.0-10.0	10.0-60.0	0.000-0.393	0.016	0.145	1133.0	1132.0	728.328	29.5356	403.653	23.4031	-0.0067487	0.195347	-0.05	0.0	0.456324	0.0	3.0929	0.0	0.0461602	0.0	0.0230173	0.0	0.03	0.0	1.492	0.0	5.0	0.0	1.733	0.0	0.0355015	0.0	8.51781e-05	0.000319537	0.179978	0.0171802	0.223696	0.0	0.000490403	0.0	0.0012065	0.00152237	1.60773	0.0	0.83508	0.0388823	0.576451	0.058063	0.999946	14.6583	0.31618	0.132388	0.0429768	0.0069247	0.137465	0.0185022	0.0200047	81.3589	-2225.45	4.0	4.57237e-05	-7737.54	3.0	7.90371e-07	1.0	547.135	28.7647	181.193	19.7257	0.248779	0.0251344	1058.1	11.9112	
0.0-2.4	8.0-10.0	10.0-60.0	0.000-1.571	0.016	0.145	3916.0	3915.0	2606.51	56.0168	1308.25	42.8907	-0.313967	0.10927	-0.05	0.0	0.456324	0.0	3.0929	0.0	0.0461602	0.0	0.0230173	0.000964423	0.03	0.0	1.492	0.0	5.0	0.0	1.733	0.0	0.0355015	0.000169975	8.96232e-05	0.000224682	0.19118	0.00944228	0.223696	0.0	0.000490403	0.0	0.00166699	0.000835726	1.60773	0.0	0.846858	0.0224996	0.537132	0.0481411	0.911869	0.216923	0.296479	0.120214	0.0435265	0.00661916	0.183086	0.0182257	0.0424718	0.0339939	-7615.86	4.0	1.58293e-05	-31771.4	4.0	3.22133e-05	1.0	1917.56	54.0838	688.959	38.0263	0.264322	0.0134376	1065.34	6.94224	
0.0-2.4	8.0-10.0	10.0-60.0	0.393-0.785	0.016	0.12	1050.0	1049.0	691.322	28.6947	357.645	22.1296	-0.400855	0.208813	-0.05	0.0	0.456324	0.0	3.0929	0.0	0.0461602	0.0	0.0230173	0.0	0.03	0.0	1.492	0.0	5.0	0.0	1.733	0.0	0.0355015	0.0	0.000180866	0.000958622	0.179623	0.0176854	0.223696	0.0	0.000490403	0.0	0.000640966	0.00172333	1.60773	0.0	0.873155	0.0526812	0.655415	0.157094	0.69182	0.345934	0.262459	0.236394	0.0416225	0.0175864	0.224542	0.0396971	0.0374081	0.0245995	-1992.04	4.0	7.22354e-06	-7122.09	3.0	5.22217e-06	1.0	495.621	28.1853	195.701	20.9093	0.283082	0.0278697	1081.69	16.5061	
0.0-2.4	8.0-10.0	10.0-60.0	0.785-1.178	0.008	0.112	893.0	890.0	594.892	26.599	295.084	20.1928	-0.42815	0.230644	-0.05	0.0	0.456324	0.0	3.0929	0.0	0.0461602	0.0	0.0230173	0.0	0.03	0.0	1.492	0.0	5.0	0.0	1.733	0.0	0.0355015	0.0	0.000152887	0.000500196	0.229819	0.0227038	0.223696	0.0	0.000490403	0.0	0.00169158	0.00166984	1.60773	0.0	0.889984	0.0448239	0.721603	0.0410783	0.999998	17.4736	0.620412	0.0385169	0.0537353	0.0066746	0.173061	0.0120061	0.0227075	48.5093	-1731.48	4.0	7.96262e-07	-5905.94	3.0	6.34541e-06	1.0	437.031	25.0806	157.861	17.2343	0.265361	0.0264294	1092.29	14.1761	
0.0-2.4	8.0-10.0	10.0-60.0	1.178-1.571	0.008	0.12	840.0	839.0	593.234	26.3208	245.757	18.5825	-0.504818	0.25384	-0.05	0.0	0.456324	0.0	3.0929	0.0	0.0461602	0.0	0.0230173	0.0	0.03	0.0	1.492	0.0	5.0	0.0	1.733	0.0	0.0355015	0.0	0.000146321	0.00058429	0.178828	0.0183394	0.223696	0.0	0.000490403	0.0	-0.000385353	0.00183462	1.60773	0.0	0.847958	0.0477051	0.618808	0.0762011	0.999999	0.0335982	0.319317	0.0947084	0.0598309	0.0156882	0.2056	0.0318505	0.481779	2.63152	-1680.55	4.0	2.00634e-07	-5580.11	3.0	3.94677e-06	1.0	431.63	25.9403	161.604	18.9093	0.272412	0.0294945	1066.02	14.7291	
1.2-1.6	6.5-30.0	0.0-100.0	0.000-1.571	0.008	0.136	5263.0	5256.0	2904.42	73.5705	2351.14	69.6915	-0.0367284	0.0873977	-0.05	0.0	0.455381	0.134426	3.09129	0.000955161	0.0460715	0.00372951	0.0318109	0.00248121	0.03	0.0	1.492	0.0	5.0	0.0	1.733	0.0	0.0389577	0.00149359	2.31047e-05	0.000294422	0.188309	0.00927725	0.103775	0.0507441	0.00999984	0.0195355	0.00174771	0.000729855	2.09199	0.256609	0.954248	0.0194208	0.68253	0.135578	0.578096	0.203097	0.38695	0.133363	0.0798413	0.0188831	0.176915	0.0188278	0.0417715	0.0200694	-8759.55	4.0	5.46361e-07	-42854.3	7.0	0.000143622	1.0	2154.03	67.502	750.394	44.0538	0.258362	0.0136833	1127.06	46.7651	
1.2-1.6	6.5-30.0	10.0-60.0	0.000-0.393	0.016	0.12	962.0	960.0	540.188	26.2616	419.809	23.8599	0.0485327	0.191132	-0.05	0.0	0.455381	0.0	3.09129	0.0	0.0460715	0.0	0.0315312	0.0	0.03	0.0	1.492	0.0	5.0	0.0	1.733	0.0	0.0388337	0.0	3.25785e-05	0.00458429	0.1816	0.0211725	0.103775	0.0	0.00999984	0.0	-0.000128739	0.00174334	2.09199	0.0	0.984328	0.0440674	0.878174	0.157805	0.403715	0.339022	0.143582	0.692182	0.123108	0.0963312	0.13676	0.0279798	0.0241224	0.0617835	-1667.0	4.0	3.69687e-06	-6218.71	3.0	1.23449e-06	1.0	408.555	26.2192	131.634	18.2728	0.243681	0.0316843	1150.01	16.9022	
1.2-1.6	6.5-30.0	10.0-60.0	0.000-1.571	0.008	0.128	3265.0	3260.0	1951.61	50.3765	1308.22	43.5272	-0.217252	0.108904	-0.05	0.0	0.455381	0.0	3.09129	0.0	0.0460715	0.0	0.0315312	0.00163802	0.03	0.0	1.492	0.0	5.0	0.0	1.733	0.0	0.0388337	0.000362172	2.94195e-05	0.000284662	0.183122	0.0111636	0.103775	0.0	0.00999984	0.0	0.00161236	0.000927581	2.09199	0.0	0.997277	0.0242926	0.66578	0.154532	0.753217	0.332622	0.474252	0.220424	0.0770723	0.0210596	0.178667	0.0239051	0.0382777	0.0614813	-5742.14	4.0	4.13488e-07	-25266.9	4.0	2.41307e-05	1.0	1461.59	49.766	490.018	34.8319	0.251084	0.0166294	1159.96	9.35906	
1.2-1.6	6.5-30.0	10.0-60.0	0.393-0.785	0.008	0.112	864.0	860.0	491.918	25.0549	368.047	22.4471	-0.339773	0.20509	-0.05	0.0	0.455381	0.0	3.09129	0.0	0.0460715	0.0	0.0315312	0.0	0.03	0.0	1.492	0.0	5.0	0.0	1.733	0.0	0.0388337	0.0	1.71581e-05	0.00459138	0.166606	0.0196902	0.103775	0.0	0.00999984	0.0	0.0013657	0.00202633	2.09199	0.0	1.11761	0.0501079	0.698806	0.209566	0.999993	0.92679	0.709478	0.0978633	0.100477	0.0540431	0.220872	0.0439348	0.0360881	3.62355	-1441.28	4.0	9.8969e-06	-5483.64	3.0	6.50947e-06	1.0	351.614	25.5361	140.304	19.5559	0.285218	0.0370051	1254.43	20.0049	
1.2-1.6	6.5-30.0	10.0-60.0	0.785-1.178	0.008	0.128	745.0	744.0	467.303	24.0391	276.693	19.6798	-0.469249	0.238292	-0.05	0.0	0.455381	0.0	3.09129	0.0	0.0460715	0.0	0.0315312	0.0	0.03	0.0	1.492	0.0	5.0	0.0	1.733	0.0	0.0388337	0.0	7.39757e-05	0.000766255	0.178069	0.0234661	0.103775	0.0	0.00999984	0.0	0.000318976	0.00173297	2.09199	0.0	0.910525	0.046608	0.620889	0.00211152	1.0	15.1723	0.397131	0.00229043	0.0573027	0.000398799	0.13924	0.000600017	0.0767717	61.8085	-1410.31	4.0	7.54582e-05	-4700.07	3.0	1.40647e-06	1.0	365.013	24.1906	102.29	16.1337	0.218894	0.0326372	1094.16	17.3804	
1.2-1.6	6.5-30.0	10.0-60.0	1.178-1.571	0.008	0.128	694.0	693.0	453.528	23.5448	239.452	18.4472	-0.24159	0.255193	-0.05	0.0	0.455381	0.0	3.09129	0.0	0.0460715	0.0	0.0315312	0.0	0.03	0.0	1.492	0.0	5.0	0.0	1.733	0.0	0.0388337	0.0	0.000198875	0.00213097	0.200177	0.0243782	0.103775	0.0	0.00999984	0.0	0.00367995	0.00192922	2.09199	0.0	0.987857	0.0516606	0.532998	0.0945888	0.943951	0.964608	0.42569	0.330854	0.0786385	0.0225623	0.226522	0.0496311	0.0243947	0.844506	-1239.17	4.0	9.03277e-07	-4358.77	3.0	5.86359e-07	1.0	335.635	22.997	117.893	16.2084	0.259946	0.0330926	1152.72	19.8389	
1.2-2.4	6.5-30.0	0.0-100.0	0.000-1.571	0.008	0.128	11906.0	11862.0	6328.1	115.307	5533.91	111.807	-0.246538	0.0569365	-0.05	0.0	0.531695	0.0954984	3.09123	0.000721534	0.0532825	0.00281424	0.0318072	0.00240087	0.03	0.0	1.492	0.0	5.0	0.0	1.733	0.0	0.044534	0.00138641	2.08969e-05	0.00458966	0.192331	0.00668784	0.162424	0.0759366	0.00569552	0.00415524	0.00195313	0.000532822	1.80411	0.165191	0.941627	0.0131638	0.741412	0.0863916	0.635473	0.158787	0.474767	0.093103	0.093463	0.0180425	0.17452	0.0119964	0.0429037	0.0185361	-18554.1	4.0	1.04205e-05	-105614.0	7.0	1.7602e-05	1.0	4790.74	105.134	1537.35	64.9434	0.242941	0.00925891	1127.52	45.5171	
1.2-2.4	6.5-30.0	10.0-60.0	0.000-0.393	0.016	0.152	2171.0	2170.0	1159.29	39.2424	1010.7	37.3007	-0.221432	0.123626	-0.05	0.0	0.531695	0.0	3.09123	0.0	0.0532825	0.0	0.0314801	0.0	0.03	0.0	1.492	0.0	5.0	0.0	1.733	0.0	0.044425	0.0	6.80295e-05	0.000214407	0.184707	0.0151701	0.162424	0.0	0.00569552	0.0	0.000577007	0.0011401	1.80411	0.0	0.858502	0.0259969	0.865083	0.0891731	0.515126	0.214576	0.365428	0.243684	0.120006	0.0530413	0.142526	0.0179085	0.0307391	0.0177319	-3615.55	4.0	5.268e-07	-15651.3	3.0	3.84635e-06	1.0	888.511	39.0225	270.776	26.4985	0.233571	0.0214466	1070.5	8.73111	
1.2-2.4	6.5-30.0	10.0-60.0	0.000-1.571	0.008	0.16	7413.0	7411.0	4271.92	75.5799	3139.16	67.6726	-0.359087	0.070592	-0.05	0.0	0.531695	0.0	3.09123	0.0	0.0532825	0.0	0.0314801	0.00129477	0.03	0.0	1.492	0.0	5.0	0.0	1.733	0.0	0.044425	0.000214832	2.84753e-05	0.00013348	0.184656	0.0076688	0.162424	0.0	0.00569552	0.0	0.00284638	0.000654743	1.80411	0.0	0.924422	0.0159184	0.561853	0.0554031	0.910676	0.0553393	0.478109	0.0622253	0.0416677	0.0090214	0.162133	0.0122939	0.187145	0.0662677	-12257.7	4.0	3.73938e-06	-62972.5	4.0	6.1752e-06	1.0	3211.48	74.5259	1060.45	51.7475	0.248236	0.0112892	1115.53	5.52436	
1.2-2.4	6.5-30.0	10.0-60.0	0.393-0.785	0.016	0.128	1905.0	1890.0	1082.04	37.4225	807.83	33.5612	-0.447171	0.139346	-0.05	0.0	0.531695	0.0	3.09123	0.0	0.0532825	0.0	0.0314801	0.0	0.03	0.0	1.492	0.0	5.0	0.0	1.733	0.0	0.044425	0.0	2.93303e-05	0.000179133	0.164707	0.0137953	0.162424	0.0	0.00569552	0.0	0.00411171	0.00145833	1.80411	0.0	1.01304	0.0353707	0.501791	0.111302	0.91801	0.0622345	0.475458	0.124605	0.034271	0.0131846	0.185002	0.0277981	0.238149	0.123216	-3071.89	4.0	5.59626e-06	-13478.2	3.0	2.31398e-05	1.0	796.492	38.3289	285.551	28.4221	0.2639	0.0246304	1178.23	12.7361	
1.2-2.4	6.5-30.0	10.0-60.0	0.785-1.178	0.016	0.152	1711.0	1707.0	1016.93	36.185	690.069	31.3452	-0.407058	0.150936	-0.05	0.0	0.531695	0.0	3.09123	0.0	0.0532825	0.0	0.0314801	0.0	0.03	0.0	1.492	0.0	5.0	0.0	1.733	0.0	0.044425	0.0	0.000107249	0.000427742	0.191481	0.0165402	0.162424	0.0	0.00569552	0.0	0.00124052	0.0013699	1.80411	0.0	0.926326	0.0335682	0.726045	0.145894	0.6455	0.338893	0.359958	0.253675	0.0805964	0.0283786	0.154131	0.0261839	0.0377508	0.0380746	-2858.91	4.0	7.49234e-05	-12037.2	3.0	4.31578e-08	1.0	778.996	35.8885	237.931	24.3173	0.233971	0.0224165	1116.86	11.6597	
1.2-2.4	6.5-30.0	10.0-60.0	1.178-1.571	0.008	0.152	1626.0	1625.0	1008.61	35.7927	616.371	29.8146	-0.413807	0.159863	-0.05	0.0	0.531695	0.0	3.09123	0.0	0.0532825	0.0	0.0314801	0.0	0.03	0.0	1.492	0.0	5.0	0.0	1.733	0.0	0.044425	0.0	0.000157903	0.000565848	0.194705	0.0156656	0.162424	0.0	0.00569552	0.0	0.00221209	0.00135517	1.80411	0.0	0.851947	0.0360051	0.642636	0.102586	0.440834	0.214481	0.0543968	0.640503	0.0634903	0.0200888	0.211605	0.0295438	0.0200003	0.022888	-2719.89	4.0	2.00208e-06	-11438.5	3.0	2.43959e-06	1.0	728.688	35.027	279.922	25.6296	0.277532	0.0234245	1066.11	12.0495	
1.6-2.4	3.0-6.5	0.0-100.0	0.000-1.571	0.032	0.136	32037.0	31112.0	6342.96	140.416	24769.1	195.278	-0.0721438	0.0249107	-0.05	0.0	5.43627e-08	0.0857002	3.09067	0.00115781	0.0521668	0.0906499	0.0508519	0.00117618	0.03	0.0	1.86	0.0	5.0	0.0	1.38	0.0	0.0508519	0.00059085	1.41936e-05	0.00459275	0.233741	0.0127074	0.342453	0.252255	0.0157318	0.00949993	0.00560853	0.000627087	1.52985	0.175655	0.948655	0.00927787	0.999998	115.991	0.678936	2.39743	0.760225	0.194336	0.117469	0.00326254	0.133258	0.180414	0.187286	0.478074	-30781.3	4.0	5.33193e-06	-295923.0	7.0	2.97804e-05	1.0	5444.13	138.31	898.826	70.7166	0.141705	0.0106984	1180.36	86.3059	
1.6-2.4	3.0-6.5	10.0-60.0	0.000-0.393	0.024	0.209	5099.0	5096.0	1272.73	51.7611	3823.54	72.3174	-0.219543	0.0631743	-0.05	0.0	5.43627e-08	0.0	3.09067	0.0	0.0521668	0.0	0.0516458	0.0	0.03	0.0	1.86	0.0	5.0	0.0	1.38	0.0	0.0516458	0.0	9.26481e-05	0.000607494	0.259233	0.0355444	0.342453	0.0	0.0157318	0.0	0.0054125	0.00149681	1.52985	0.0	0.887136	0.0221589	0.895621	0.0383664	0.388445	0.235954	0.523475	0.303101	0.358516	0.108431	0.165778	0.0158927	0.0371308	0.0296047	-5253.24	4.0	2.88455e-05	-39388.9	3.0	5.07619e-05	1.0	1143.99	52.8662	128.743	25.6449	0.101155	0.0197251	1148.47	5.6275	
1.6-2.4	3.0-6.5	10.0-60.0	0.000-1.571	0.024	0.136	17966.0	17528.0	4277.57	108.895	13250.3	144.323	-0.0759717	0.0338956	-0.05	0.0	5.43627e-08	0.0	3.09067	0.0	0.0521668	0.0	0.0516458	0.00138769	0.03	0.0	1.86	0.0	5.0	0.0	1.38	0.0	0.0516458	0.000693845	1.41936e-05	0.00459275	0.23876	0.0150919	0.342453	0.0	0.0157318	0.0	0.00482137	0.000803118	1.52985	0.0	0.923099	0.0117718	1.0	0.00171382	0.667748	0.0467351	0.752054	0.0147866	0.6664	1.86873	0.129978	0.0111946	0.155977	0.0198707	-18368.3	4.0	2.08536e-06	-157064.0	4.0	2.61322e-06	1.0	3685.71	106.88	591.86	53.3545	0.138363	0.0119654	1166.96	3.0615	
1.6-2.4	3.0-6.5	10.0-60.0	0.393-0.785	0.032	0.192	4716.0	4702.0	1064.43	48.8397	3637.57	70.4161	-0.206588	0.0646731	-0.05	0.0	5.43627e-08	0.0	3.09067	0.0	0.0521668	0.0	0.0516458	0.0	0.03	0.0	1.86	0.0	5.0	0.0	1.38	0.0	0.0516458	0.0	0.000122183	0.000722923	0.234915	0.0228623	0.342453	0.0	0.0157318	0.0	-0.00545575	0.0015736	1.52985	0.0	0.843955	0.0238947	1.0	16.6026	0.800987	0.00765884	0.459655	0.0125565	0.00924865	23.1485	0.0557214	0.00183628	0.19767	0.00504708	-4631.29	4.0	1.41644e-06	-35895.5	3.0	8.90701e-08	1.0	824.906	48.2373	239.519	31.8593	0.225022	0.0280938	1126.87	5.88361	
1.6-2.4	3.0-6.5	10.0-60.0	0.785-1.178	0.032	0.192	4209.0	4199.0	950.953	45.9589	3248.04	66.4025	-0.147803	0.0683588	-0.05	0.0	5.43627e-08	0.0	3.09067	0.0	0.0521668	0.0	0.0516458	0.0	0.03	0.0	1.86	0.0	5.0	0.0	1.38	0.0	0.0516458	0.0	3.95245e-05	0.0045811	0.193196	0.0262686	0.342453	0.0	0.0157318	0.0	0.00683931	0.00163502	1.52985	0.0	0.898937	0.0237646	1.0	15.467	0.627031	0.042426	0.771455	0.0163134	0.0103726	33.9915	0.136718	0.00852351	0.172601	0.0114601	-4307.21	4.0	1.38047e-05	-31583.4	3.0	1.06269e-07	1.0	796.234	47.7331	154.719	29.2154	0.162699	0.0296989	1154.49	6.08369	
1.6-2.4	3.0-6.5	10.0-60.0	1.178-1.571	0.024	0.16	3942.0	3916.0	1011.54	45.903	2904.56	63.2466	0.0271888	0.0722737	-0.05	0.0	5.43627e-08	0.0	3.09067	0.0	0.0521668	0.0	0.0516458	0.0	0.03	0.0	1.86	0.0	5.0	0.0	1.38	0.0	0.0516458	0.0	2.20625e-05	0.000302496	0.257176	0.0366559	0.342453	0.0	0.0157318	0.0	0.00704695	0.00175315	1.52985	0.0	0.974549	0.0253191	0.720479	0.104659	0.948559	0.0682863	0.782921	0.0421362	0.0846547	0.0335943	0.150182	0.0182645	0.347395	0.212014	-4103.8	4.0	7.54634e-06	-29257.3	3.0	1.51644e-05	1.0	896.168	46.2908	115.371	22.7243	0.114055	0.0218607	1194.15	6.79344	
1.6-2.4	6.5-30.0	0.0-100.0	0.000-1.571	0.008	0.152	6643.0	6637.0	3419.61	92.3317	3217.44	91.2275	-0.424311	0.0756593	-0.05	0.0	0.652823	0.152473	3.0911	0.00108634	0.0569301	0.00395795	0.0308437	0.00589094	0.03	0.0	1.492	0.0	5.0	0.0	1.733	0.0	0.0494581	0.00239424	2.77437e-05	0.00458652	0.197047	0.00973952	0.211707	0.175346	0.00199102	0.00574194	0.00242745	0.000778791	1.6767	0.235346	0.946743	0.0177991	0.999257	0.0949148	0.521745	0.0663506	0.620194	0.0338227	0.0078221	0.884608	0.1842	0.014909	0.106959	0.016709	-9815.89	4.0	1.83428e-05	-54918.1	7.0	1.78243e-06	1.0	2640.41	83.209	779.2	47.7882	0.227862	0.0125476	1140.94	82.3879	
1.6-2.4	6.5-30.0	10.0-60.0	0.000-0.393	0.016	0.152	1209.0	1209.0	618.337	29.1016	590.616	28.6214	-0.423215	0.162669	-0.05	0.0	0.652823	0.0	3.0911	0.0	0.0569301	0.0	0.0304907	0.0	0.03	0.0	1.492	0.0	5.0	0.0	1.733	0.0	0.0493821	0.0	1.5549e-05	0.00459212	0.1873	0.0210482	0.211707	0.0	0.00199102	0.0	0.00229463	0.00145283	1.6767	0.0	0.809155	0.0307636	0.824264	0.0863481	1.0	0.704862	0.740109	0.0463484	0.117696	0.0502319	0.161929	0.0251794	0.0273609	5.24385	-1967.38	4.0	4.48331e-07	-7944.91	3.0	2.09396e-06	1.0	476.019	28.5202	142.319	18.8773	0.230164	0.0285426	1054.18	9.30704	
1.6-2.4	6.5-30.0	10.0-60.0	0.000-1.571	0.016	0.16	4148.0	4143.0	2309.93	56.0637	1832.76	51.6322	-0.479945	0.0927693	-0.05	0.0	0.652823	0.0	3.0911	0.0	0.0569301	0.0	0.0304907	0.00229635	0.03	0.0	1.492	0.0	5.0	0.0	1.733	0.0	0.0493821	0.000246125	7.1128e-05	0.0211424	0.185161	0.0105293	0.211707	0.0	0.00199102	0.0	0.00256727	0.000933033	1.6767	0.0	0.88848	0.0210931	0.75392	0.112622	0.884364	0.0596364	0.604853	0.0634571	0.0372909	0.0173777	0.159942	0.0146525	0.22402	0.0686258	-6530.26	4.0	1.33005e-07	-32574.1	4.0	3.22343e-05	1.0	1732.09	55.4855	577.844	38.8336	0.250156	0.0156769	1103.38	6.69452	
1.6-2.4	6.5-30.0	10.0-60.0	0.393-0.785	0.016	0.12	1041.0	1026.0	588.032	27.6453	437.843	24.782	-0.532464	0.189955	-0.05	0.0	0.652823	0.0	3.0911	0.0	0.0569301	0.0	0.0304907	0.0	0.03	0.0	1.492	0.0	5.0	0.0	1.733	0.0	0.0493821	0.0	7.78825e-05	0.000273021	0.154817	0.0185622	0.211707	0.0	0.00199102	0.0	0.00271941	0.00213765	1.6767	0.0	0.928819	0.0496777	0.95304	0.0682395	0.375872	0.148762	0.276044	0.239223	0.208936	0.214177	0.196318	0.0325051	0.0373138	0.0155166	-1647.33	4.0	7.28119e-07	-6668.1	3.0	2.89858e-05	1.0	435.278	29.2877	152.754	22.1489	0.259772	0.0356313	1129.27	16.1048	
1.6-2.4	6.5-30.0	10.0-60.0	0.785-1.178	0.016	0.145	966.0	964.0	551.2	27.025	412.688	24.3274	-0.396796	0.194977	-0.05	0.0	0.652823	0.0	3.0911	0.0	0.0569301	0.0	0.0304907	0.0	0.03	0.0	1.492	0.0	5.0	0.0	1.733	0.0	0.0493821	0.0	0.000193155	0.0006043	0.199867	0.0227253	0.211707	0.0	0.00199102	0.0	0.00160113	0.00215351	1.6767	0.0	0.918122	0.0486122	0.873372	0.126756	0.339469	0.881261	0.0141571	2.63882	0.141021	0.0871515	0.158199	0.0305548	0.0261608	0.0841257	-1467.33	4.0	3.38371e-08	-6186.03	3.0	3.83785e-05	1.0	412.818	26.6697	138.381	18.645	0.251055	0.0315071	1122.35	15.6739	
1.6-2.4	6.5-30.0	10.0-60.0	1.178-1.571	0.008	0.152	932.0	931.0	553.217	26.8631	377.768	23.3707	-0.549115	0.204734	-0.05	0.0	0.652823	0.0	3.0911	0.0	0.0569301	0.0	0.0304907	0.0	0.03	0.0	1.492	0.0	5.0	0.0	1.733	0.0	0.0493821	0.0	0.000179578	0.000851436	0.195682	0.0210787	0.211707	0.0	0.00199102	0.0	0.000855388	0.00191522	1.6767	0.0	0.861952	0.0467589	0.994776	2.73019	0.672185	2.77568	0.598245	1.04535	0.00773897	1.44138e-05	0.194168	0.0408425	0.02	0.0272109	-1478.39	4.0	3.36732e-06	-5971.31	3.0	2.37703e-06	1.0	397.613	26.1559	155.604	19.1951	0.281271	0.0318961	1086.67	14.6187	
