rap0.0-1.2_pT6.5-30.0_cent10.0-60.0
1011.71
5848.65 3862.21 1012.86 921.511
88.348 68.4399 34.1429 32.2565
451.266
2947.18 1659.67 465.145 360.467
70.0186 49.8171 24.8605 21.8962
715.404
4153.65 2794.06 764.988 665.412
81.1065 63.6375 32.3229 30.1774
296.306
1695.0 1068.15 247.869 256.1
57.42 44.2332 21.2036 21.1782
0.292877
0.28981 0.276564 0.244722 0.277913
0.00878755 0.0103513 0.0192405 0.0208217
rap0.0-2.4_pT10.0-30.0_cent10.0-60.0
2691.91
899.02 1796.74 4393.81 2920.79
32.0597 46.3932 74.4289 59.1851
945.091
380.975 570.294 1445.1 887.281
22.5778 30.4287 50.9014 38.3332
1889.77
633.282 1270.15 2967.91 2019.96
30.5454 43.4351 68.9144 55.2699
802.133
265.738 526.593 1425.89 900.831
22.6455 31.5578 52.9625 41.3836
0.29798
0.295586 0.293082 0.324523 0.30842
0.0228775 0.01585 0.0107274 0.0127158
rap0.0-2.4_pT6.5-10.0_cent10.0-60.0
1121.07
1703.72 7822.41 1422.57 5241.74
46.0799 121.336 42.9004 82.3976
316.868
498.333 7012.89 1228.4 3883.61
30.2962 117.841 40.574 73.6972
751.377
1077.59 5972.07 1089.17 3981.21
42.1611 111.316 42.2544 80.4051
369.69
626.14 1850.34 333.401 1260.53
34.8557 68.0724 28.4194 54.2312
0.329766
0.367512 0.236543 0.234365 0.240479
0.0178815 0.00789092 0.0186854 0.00963069
rap0.0-2.4_pT6.5-30.0_cent0.0-10.0
1247.59
1367.27 1206.93 933.783 3579.0
41.6685 38.7955 35.1849 69.8723
845.386
1027.67 769.062 958.339 3662.88
37.3715 32.6686 35.5317 70.4695
948.192
1040.17 897.314 642.195 2559.54
41.6633 37.9743 33.6599 67.3726
299.401
327.108 309.619 291.588 1019.46
28.8155 26.6302 25.8489 49.3787
0.239983
0.239241 0.256534 0.312265 0.284846
0.0197738 0.0204656 0.0250568 0.0126264
rap0.0-2.4_pT6.5-30.0_cent10.0-20.0
898.45
879.156 852.34 12119.1 780.489
34.4802 33.3141 139.45 31.6366
877.726
1012.96 806.886 8541.56 663.507
36.3684 32.626 125.959 29.7307
657.124
814.971 631.044 8840.08 538.944
321.927 33.0909 128.59 29.7776
241.326
64.1845 221.296 3278.98 241.545
320.346 23.6955 87.2471 22.4796
0.268602
0.073007 0.259634 0.270564 0.309479
0.364368 0.0258822 0.00649118 0.0259266
rap0.0-2.4_pT6.5-30.0_cent10.0-30.0
707.357
2842.29 689.76 662.402 1381.23
60.9838 29.624 28.7935 41.8078
598.574
2288.44 542.17 472.54 1081.77
56.2599 27.0182 25.2829 38.0581
547.527
2044.29 509.867 441.57 1016.75
58.1886 28.328 27.7684 39.7423
159.829
797.995 179.893 220.833 364.48
41.895 19.5614 22.2443 27.4596
0.225953
0.280758 0.260805 0.333381 0.263881
0.0134528 0.026054 0.0302935 0.0182055
rap0.0-2.4_pT6.5-30.0_cent10.0-60.0
1279.73
5070.08 1217.63 1192.53 2163.53
80.4467 38.7753 38.3697 51.7222
974.256
3657.17 816.333 770.436 1473.37
71.1246 33.2009 32.4061 44.5546
943.676
3702.35 899.866 832.387 1597.77
76.6959 36.7823 36.9954 49.7327
336.059
1367.73 317.768 360.147 565.763
53.8726 25.1826 28.0296 34.6016
0.2626
0.269765 0.260971 0.302001 0.2615
0.00972531 0.0189384 0.0214017 0.0147207
rap0.0-2.4_pT6.5-30.0_cent20.0-30.0
2095.21
8100.21 1931.96 1900.5 594.331
100.234 48.3189 47.9135 27.2032
1278.74
4833.97 1062.06 1006.43 415.667
82.3449 38.2753 37.4387 23.6931
1560.66
5962.14 1435.15 1357.83 471.839
96.5712 46.5167 46.2776 26.0985
534.551
2138.08 496.806 542.668 122.493
67.6971 32.0911 34.0139 15.6893
0.25513
0.263953 0.257152 0.285539 0.206102
0.00769276 0.015315 0.0163857 0.0246551
rap0.0-2.4_pT6.5-30.0_cent30.0-60.0
566.497
2227.12 520.965 529.567 789.083
52.4791 24.8539 25.3327 30.5241
381.415
1369.69 273.971 293.39 388.92
43.5521 19.2532 20.1392 23.0559
393.567
1655.09 386.081 388.509 581.192
50.0124 23.3297 24.4359 29.8474
172.929
572.032 134.884 141.058 207.891
34.0871 15.698 17.2407 21.2152
0.305261
0.256848 0.258912 0.266365 0.263459
0.014058 0.0274845 0.0299592 0.0248795
rap0.0-2.4_pT6.5-8.0_cent0.0-100.0
806.791
3031.37 714.542 705.757 3962.15
59.7313 28.7524 28.5961 90.9738
303.175
1175.01 243.455 234.235 4681.86
41.3679 18.8583 18.6076 94.8432
607.475
2249.09 535.098 522.124 3145.22
58.6865 28.666 27.7157 84.8821
199.316
782.285 179.444 183.633 816.925
41.4455 20.2549 19.3897 48.3897
0.247048
0.258063 0.251131 0.260193 0.206182
0.0126914 0.0264843 0.0253704 0.0112581
rap0.0-2.4_pT6.5-8.0_cent10.0-60.0
2699.18
711.026 692.843 670.301 627.267
31.8547 30.9233 29.9221 29.0895
2510.27
805.014 652.368 529.698 507.708
33.2984 30.264 27.4726 26.9562
2110.21
562.183 551.461 521.643 475.108
31.3866 31.4278 29.7074 28.3108
588.971
148.843 141.382 148.658 152.159
19.8805 20.5358 19.6043 19.1268
0.218203
0.209335 0.204061 0.221777 0.242575
0.0263405 0.028206 0.0275205 0.0283413
rap0.0-2.4_pT8.0-10.0_cent10.0-60.0
728.328
3920.27 2606.51 691.322 594.892
76.6136 56.0168 28.6947 26.599
403.653
2296.98 1308.25 357.645 295.084
65.1254 42.8907 22.1296 20.1928
547.135
2876.45 1917.56 495.621 437.031
70.9165 54.0838 28.1853 25.0806
181.193
1043.83 688.959 195.701 157.861
47.8042 38.0263 20.9093 17.2343
0.248779
0.266263 0.264322 0.283082 0.265361
0.0110281 0.0134376 0.0278697 0.0264294
rap1.2-1.6_pT6.5-30.0_cent10.0-60.0
2904.42
593.234 540.188 1951.61 491.918
26.3208 26.2616 50.3765 25.0549
2351.14
245.757 419.809 1308.22 368.047
18.5825 23.8599 43.5272 22.4471
2154.03
431.63 408.555 1461.59 351.614
25.9403 26.2192 49.766 25.5361
750.394
161.604 131.634 490.018 140.304
18.9093 18.2728 34.8319 19.5559
0.258362
0.272412 0.243681 0.251084 0.285218
0.0294945 0.0316843 0.0166294 0.0370051
rap1.2-2.4_pT6.5-30.0_cent10.0-60.0
453.528
467.303 6328.1 1159.29 4271.92
24.0391 115.307 39.2424 75.5799
239.452
276.693 5533.91 1010.7 3139.16
19.6798 111.807 37.3007 67.6726
335.635
365.013 4790.74 888.511 3211.48
24.1906 105.134 39.0225 74.5259
117.893
102.29 1537.35 270.776 1060.45
16.1337 64.9434 26.4985 51.7475
0.259946
0.218894 0.242941 0.233571 0.248236
0.0326372 0.00925891 0.0214466 0.0112892
rap1.6-2.4_pT3.0-6.5_cent10.0-60.0
1016.93
1082.04 1008.61 6342.96 1272.73
37.4225 35.7927 140.416 51.7611
690.069
807.83 616.371 24769.1 3823.54
33.5612 29.8146 195.278 72.3174
778.996
796.492 728.688 5444.13 1143.99
38.3289 35.027 138.31 52.8662
237.931
285.551 279.922 898.826 128.743
28.4221 25.6296 70.7166 25.6449
0.233971
0.2639 0.277532 0.141705 0.101155
0.0246304 0.0234245 0.0106984 0.0197251
rap1.6-2.4_pT6.5-30.0_cent0.0-100.0
1064.43
4277.57 950.953 1011.54 3419.61
108.895 45.9589 45.903 92.3317
3637.57
13250.3 3248.04 2904.56 3217.44
144.323 66.4025 63.2466 91.2275
824.906
3685.71 796.234 896.168 2640.41
106.88 47.7331 46.2908 83.209
239.519
591.86 154.719 115.371 779.2
53.3545 29.2154 22.7243 47.7882
0.225022
0.138363 0.162699 0.114055 0.227862
0.0119654 0.0296989 0.0218607 0.0125476
rap1.6-2.4_pT6.5-30.0_cent10.0-60.0
2309.93
618.337 588.032 551.2 553.217
29.1016 27.6453 27.025 26.8631
1832.76
590.616 437.843 412.688 377.768
28.6214 24.782 24.3274 23.3707
1732.09
476.019 435.278 412.818 397.613
28.5202 29.2877 26.6697 26.1559
577.844
142.319 152.754 138.381 155.604
18.8773 22.1489 18.645 19.1951
0.250156
0.230164 0.259772 0.251055 0.281271
0.0285426 0.0356313 0.0315071 0.0318961
