weightedEff_noTnP_4DEff_RapPtEffMap2_Ratio
rap	pT	cent	dPhi	ctauErrMin	ctauErrMax	NoCutEntry	CutEntry	NSig	NSigErr	NBkg	NBkgErr	coefExp	coefExpErr	coefPol1	coefPol1Err	coeffGaus	coeffGausErr	meanSig1	meanSig1Err	sigmaSig1	sigmaSig1Err	sigmaSig2	sigmaSig2Err	sigmaSig3	sigmaSig3Err	alpha	alphaErr	enne	enneErr	enneW	enneWErr	sigWidth	sigWidthErr	Gmc	GmcErr	bTau	bTauErr	fracRes	fracResErr	meanResSigW	meanResSigWErr	meanResSigN	meanResSigNErr	sigmaResSigW	sigmaResSigWErr	sigmaResSigN	sigmaResSigNErr	fpm	fpmErr	fLiving	fLivingErr	fbkgCtTot	fbkgCtTotErr	lambdam	lambdamErr	lambdap	lambdapErr	lambdasym	lambdasymErr	NLL	nFitPar	EDM	NLLMass	nFitParMass	EDMMass	Prob	PROMPT	PROMPTErr	NON-PROMPT	NON-PROMPTErr	Bfraction	BfractionErr	Resolution	ResolutionErr	
0.0-0.4	6.5-30.0	0.0-100.0	0.000-1.571	0.008	0.064	5595.0	5591.0	3693.92	67.8513	1897.06	52.9745	-0.166535	0.0911758	-0.05	0.0	0.54631	0.077692	3.09254	0.000381198	0.0191556	0.00103608	0.0191965	0.00151026	0.03	0.0	1.492	0.0	5.0	0.0	1.733	0.0	0.0191741	0.000444508	3.59557e-05	0.000193278	0.382497	0.0120239	0.709974	0.264125	-0.00206547	0.00229629	0.00263054	0.00129608	1.32298	0.0992276	0.669279	0.0333201	0.74352	0.0923136	0.630663	0.120846	0.319895	0.0501794	0.0493931	0.0220315	0.290167	0.0231471	0.0710505	0.0128443	-10435.6	4.0	7.80112e-07	-48968.3	7.0	6.15432e-06	1.0	2387.59	57.0276	1306.33	43.6411	0.353642	0.00986822	1171.56	83.5322	
0.0-1.2	6.5-30.0	0.0-10.0	0.000-1.571	0.008	0.088	8273.0	8269.0	4336.45	78.6587	3932.28	76.0419	0.025884	0.0622659	-0.05	0.0	0.549824	0.0	3.09235	0.0	0.0205339	0.0	0.0367118	0.00160867	0.03	0.0	1.492	0.0	5.0	0.0	1.733	0.0	0.0289578	0.000459049	1.12992e-05	0.000388937	0.342152	0.0107528	0.282557	0.0	0.00228371	0.0	0.0014159	0.000660206	1.58042	0.0	0.882291	0.0199783	0.727478	0.0634698	0.48331	0.103775	0.304012	0.149246	0.117951	0.0187106	0.219266	0.0148079	0.0386933	0.0129654	-12647.9	4.0	1.30379e-06	-71858.8	4.0	6.05906e-05	1.0	2936.97	67.6873	1399.48	48.8662	0.322725	0.00962889	1124.38	5.62359	
0.0-1.2	6.5-30.0	0.0-100.0	0.000-1.571	0.008	0.105	21841.0	21835.0	13423.5	136.672	8411.69	116.906	0.0111324	0.044455	-0.05	0.0	0.549824	0.0485585	3.09235	0.000269586	0.0205339	0.000562398	0.0348799	0.00175706	0.03	0.0	1.492	0.0	5.0	0.0	1.733	0.0	0.0279199	0.000613618	1.16782e-05	0.000130175	0.318855	0.00578246	0.282557	0.19576	0.00228371	0.00264771	0.00054279	0.000361911	1.58042	0.170805	0.861884	0.0105431	0.579541	0.0346009	0.905038	0.0156742	0.434584	0.030243	0.0533985	0.00480979	0.205472	0.00890872	0.388744	0.044153	-37834.6	4.0	1.80799e-05	-215029.0	7.0	3.85463e-05	1.0	9205.39	117.691	4218.11	83.1341	0.314233	0.00530276	1112.97	84.4834	
0.0-1.2	6.5-30.0	10.0-20.0	0.000-1.571	0.008	0.088	5090.0	5087.0	3019.4	62.2376	2067.25	54.0491	0.081317	0.0860694	-0.05	0.0	0.549824	0.0	3.09235	0.0	0.0205339	0.0	0.0337339	0.00148435	0.03	0.0	1.492	0.0	5.0	0.0	1.733	0.0	0.0272785	0.000413175	1.12992e-05	0.000388937	0.297725	0.0111792	0.282557	0.0	0.00228371	0.0	-0.000195942	0.000782058	1.58042	0.0	0.847427	0.0235121	0.424269	0.107837	0.792989	0.0445516	0.278763	0.131103	0.0332079	0.00691413	0.203247	0.0256554	0.415411	0.0456563	-8157.61	4.0	1.3883e-07	-42513.0	4.0	3.43443e-05	1.0	1983.05	53.7885	1036.35	40.9721	0.343231	0.0115793	1104.97	6.46843	
0.0-1.2	6.5-30.0	20.0-30.0	0.000-1.571	0.008	0.105	3700.0	3696.0	2386.59	54.4788	1309.31	43.4804	0.178227	0.108587	-0.05	0.0	0.549824	0.0	3.09235	0.0	0.0205339	0.0	0.0330643	0.00166397	0.03	0.0	1.492	0.0	5.0	0.0	1.733	0.0	0.0269069	0.000460249	1.16782e-05	0.000130175	0.320026	0.0141851	0.282557	0.0	0.00228371	0.0	0.00133214	0.000816956	1.58042	0.0	0.827794	0.023439	0.528711	0.000344482	1.0	0.865988	0.377665	0.000381776	0.0449862	4.75503e-05	0.215485	0.000171658	0.0201765	90.3894	-6831.1	4.0	7.61584e-07	-30097.7	4.0	1.40143e-05	1.0	1662.94	47.9159	723.653	33.5835	0.303216	0.0122518	1094.25	6.36069	
0.0-1.2	6.5-30.0	30.0-40.0	0.000-1.571	0.008	0.064	2227.0	2225.0	1587.72	44.0427	637.273	31.4526	-0.428817	0.157932	-0.05	0.0	0.549824	0.0	3.09235	0.0	0.0205339	0.0	0.0386764	0.00229895	0.03	0.0	1.492	0.0	5.0	0.0	1.733	0.0	0.0300871	0.000665195	1.32366e-05	0.000329048	0.291233	0.0158644	0.282557	0.0	0.00228371	0.0	-0.00155409	0.0010229	1.58042	0.0	0.827863	0.026619	0.567187	0.155989	0.999798	1.12398	0.413706	0.174865	0.067197	0.00868478	0.193843	0.068746	0.0564638	11.3566	-4663.81	4.0	6.7537e-06	-17277.3	4.0	1.82853e-06	1.0	1139.06	39.276	448.663	26.4411	0.282583	0.0146933	1094.28	7.22399	
0.0-1.2	6.5-30.0	40.0-50.0	0.000-1.571	0.016	0.048	1301.0	1284.0	999.765	34.2852	284.155	21.4451	-0.281032	0.236126	-0.05	0.0	0.549824	0.0	3.09235	0.0	0.0205339	0.0	0.0354066	0.00290339	0.03	0.0	1.492	0.0	5.0	0.0	1.733	0.0	0.0282167	0.000820043	1.43354e-05	8.22848e-05	0.279558	0.0185701	0.282557	0.0	0.00228371	0.0	-0.00258691	0.00132706	1.58042	0.0	0.810749	0.0376197	0.730688	0.234666	0.673617	0.250976	2.35104e-06	0.191911	0.015514	0.011526	0.397506	0.0529324	0.0229296	0.01292	-2774.5	4.0	1.62893e-05	-9493.58	4.0	1.38189e-05	1.0	690.724	30.5777	309.041	22.0507	0.309114	0.0193414	1085.05	10.0834	
0.0-1.2	6.5-30.0	50.0-100.0	0.000-1.571	0.008	0.056	1249.0	1246.0	1090.92	34.621	155.079	16.2098	-0.405921	0.325445	-0.05	0.0	0.549824	0.0	3.09235	0.0	0.0205339	0.0	0.0329573	0.00201673	0.03	0.0	1.492	0.0	5.0	0.0	1.733	0.0	0.0268478	0.000557242	1.34486e-05	0.000306561	0.351413	0.0225503	0.282557	0.0	0.00228371	0.0	0.00106264	0.00110652	1.58042	0.0	0.759153	0.0334551	0.821784	0.0195644	1.0	12.6201	0.21975	0.0194013	0.00711793	0.00330601	0.227725	0.00868039	0.0200366	54.9517	-3209.15	4.0	5.61349e-05	-9569.05	4.0	2.71711e-07	1.0	780.224	30.9251	310.692	20.9876	0.284799	0.0169832	1057.93	8.61174	
0.0-2.4	10.0-13.0	0.0-100.0	0.000-1.571	0.008	0.136	6727.0	6725.0	4949.18	79.4807	1775.82	56.0708	-0.499685	0.09926	-0.05	0.0	0.35188	0.0702776	3.09206	0.000576066	0.021202	0.00181705	0.0420425	0.00230981	0.03	0.0	1.492	0.0	5.0	0.0	1.733	0.0	0.0361079	0.00109824	1.25623e-05	9.06713e-05	0.253515	0.00771829	0.0553454	0.0788853	0.000212513	0.0144851	0.000343306	0.000518416	2.09412	0.553674	0.922188	0.015406	0.662363	0.0458807	0.863767	0.15813	0.229292	0.0934224	0.0372467	0.0141466	0.197437	0.0152793	0.0966705	0.0453843	-13232.7	4.0	2.05539e-05	-59007.6	7.0	1.069e-05	1.0	3398.34	71.1458	1550.85	51.9958	0.313354	0.00922231	1022.78	75.3193	
0.0-2.4	10.0-30.0	0.0-100.0	0.000-1.571	0.004	0.144	10254.0	10252.0	7626.34	98.5946	2625.77	68.7024	-0.507279	0.0820119	-0.05	0.0	0.401372	0.0552761	3.09272	0.000455802	0.0219049	0.00133414	0.0439368	0.00206088	0.03	0.0	1.492	0.0	5.0	0.0	1.733	0.0	0.0367179	0.000931881	1.0177e-05	0.00195203	0.237392	0.00568326	0.0477214	0.0592155	-0.000892962	0.00748279	-0.000303132	0.000398903	2.03646	0.461587	0.941966	0.012717	0.829723	0.0638249	0.824502	0.152042	0.300637	0.0988344	0.0677993	0.0130024	0.206173	0.0101133	0.0307526	0.0173708	-20590.6	4.0	7.81554e-07	-94478.6	7.0	3.97902e-05	1.0	5056.97	87.6811	2569.37	67.2098	0.336907	0.00766128	1021.21	52.4097	
0.0-2.4	11.0-13.0	0.0-100.0	0.000-1.571	0.008	0.105	3452.0	3450.0	2611.29	57.3421	838.781	38.929	-0.647992	0.145964	-0.05	0.0	0.446893	0.0825151	3.09254	0.000791545	0.0225512	0.00203474	0.0481161	0.0039697	0.03	0.0	1.492	0.0	5.0	0.0	1.733	0.0	0.0388304	0.00168566	4.93653e-05	0.000238442	0.271436	0.0107975	0.0328637	0.0389686	-0.000371389	0.0145275	0.000714225	0.000716621	2.53131	0.734887	0.943699	0.0220601	0.790844	0.0742815	0.618626	0.0584467	1.32579e-07	0.0977888	0.0750174	0.0180925	0.19938	0.015073	0.02	0.0104749	-6732.69	4.0	2.78687e-06	-28083.0	7.0	0.000141701	1.0	1724.07	50.4587	887.224	38.6308	0.339764	0.0127745	1035.31	60.5086	
0.0-2.4	13.0-16.0	0.0-100.0	0.000-1.571	0.008	0.08	2128.0	2122.0	1659.83	45.8848	462.1	30.1283	-0.315689	0.197628	-0.05	0.0	0.528051	0.0926045	3.09383	0.000966096	0.0238409	0.00250676	0.0542919	0.00545958	0.03	0.0	1.492	0.0	5.0	0.0	1.733	0.0	0.0411249	0.00219861	1.00002e-05	0.000966722	0.253992	0.0134649	0.0326157	0.0670782	-0.00999634	0.0183094	0.001775	0.000872771	1.86063	0.773549	1.00597	0.0285528	0.934304	0.143541	0.687157	0.187926	0.106903	0.0601898	0.0444044	0.0239263	0.187595	0.0204513	0.0405009	0.0098309	-4475.37	4.0	6.81224e-05	-16346.4	7.0	1.01563e-05	1.0	1143.36	41.2708	516.477	30.1349	0.311161	0.0159883	1044.93	47.1938	
0.0-2.4	13.0-30.0	0.0-100.0	0.000-1.571	0.008	0.105	3526.0	3526.0	2680.68	58.2118	845.431	39.411	-0.521777	0.143831	-0.05	0.0	0.475584	0.0751858	3.09401	0.000740821	0.0227331	0.00179272	0.0475602	0.00347596	0.03	0.0	1.492	0.0	5.0	0.0	1.733	0.0	0.0378417	0.00145917	2.10356e-05	0.0045896	0.212348	0.00823757	0.0347602	0.122355	-0.00537756	0.015369	-0.0005838	0.000629683	1.80759	0.989032	0.965011	0.0224227	0.999926	3.33886	0.710279	0.183084	0.349343	0.199484	0.00716564	4.7634	0.234317	0.0194265	0.0434381	0.0128561	-7373.97	4.0	3.54167e-06	-28870.3	7.0	6.09742e-05	1.0	1660.33	51.0542	1020.35	42.3975	0.380631	0.0134843	1006.21	78.1339	
0.0-2.4	16.0-30.0	0.0-100.0	0.000-1.571	0.008	0.064	1398.0	1397.0	1027.22	35.777	369.778	24.9496	-0.757272	0.218699	-0.05	0.0	0.203839	0.190125	3.09467	0.00133051	0.0191333	0.00505796	0.0341641	0.0046349	0.03	0.0	1.492	0.0	5.0	0.0	1.733	0.0	0.0316842	0.00234504	5.46616e-05	1.05755	0.181846	0.0103156	0.461092	0.573416	0.00155876	0.00498774	-0.00323048	0.00119979	1.33655	0.440517	0.747063	0.0418648	0.725381	0.36909	0.9683	0.0564465	0.387016	0.326412	0.00707597	2.42265e-09	0.267262	0.0290095	0.0629326	0.0622365	-2929.53	4.0	5.30304e-07	-10107.6	7.0	2.67937e-05	1.0	573.446	29.527	453.776	26.8836	0.441751	0.021171	1060.4	209.812	
0.0-2.4	6.5-30.0	0.0-10.0	0.000-1.571	0.008	0.184	20790.0	20790.0	9439.17	116.076	11350.8	124.038	-0.0648513	0.0366276	-0.05	0.0	0.413561	0.0	3.09238	0.0	0.0482269	0.0	0.0248684	0.000562305	0.03	0.0	1.492	0.0	5.0	0.0	1.733	0.0	0.0363944	0.000112662	3.80561e-05	6.9663e-05	0.296541	0.00733201	0.19482	0.0	0.00388614	0.0	0.00189779	0.000428455	1.71004	0.0	0.972124	0.0114665	0.818967	0.0901563	0.446353	0.0920766	0.487119	0.0430801	0.127848	0.0256687	0.212164	0.0129898	0.0655902	0.0120424	-28599.7	4.0	1.53734e-06	-195653.0	4.0	1.02461e-07	1.0	6900.65	106.405	2538.52	71.3826	0.268935	0.0068009	1153.52	3.89035	
0.0-2.4	6.5-30.0	0.0-100.0	0.000-1.571	0.004	0.128	53776.0	53651.0	29488.4	224.012	24162.7	211.787	-0.140336	0.0260214	-0.05	0.0	0.413561	0.029214	3.09238	0.000248731	0.0482269	0.00130639	0.02479	0.00056045	0.03	0.0	1.492	0.0	5.0	0.0	1.733	0.0	0.036363	0.000508967	3.69757e-05	6.79802e-05	0.272112	0.00378349	0.19482	0.0809237	0.00388614	0.00250476	0.00208321	0.000240634	1.71004	0.123875	0.924326	0.00632006	0.577737	0.0259124	0.934151	0.0109748	0.502346	0.0210001	0.0565786	0.00386531	0.181037	0.00511157	0.333696	0.0346973	-84035.5	4.0	7.50597e-07	-563649.0	7.0	8.20014e-06	1.0	21567.5	197.963	7920.96	126.36	0.268613	0.00376802	1121.44	41.6808	
0.0-2.4	6.5-30.0	0.0-5.0	0.000-1.571	0.008	0.184	11430.0	11430.0	5185.3	86.2124	6244.68	92.1517	0.0416964	0.0493401	-0.05	0.0	0.413561	0.0	3.09238	0.0	0.0482269	0.0	0.0240624	0.000767997	0.03	0.0	1.492	0.0	5.0	0.0	1.733	0.0	0.0360752	0.000150204	3.80561e-05	6.9663e-05	0.349042	0.0113544	0.19482	0.0	0.00388614	0.0	0.00340075	0.000593879	1.71004	0.0	1.0194	0.0161684	0.709306	0.0426969	0.642934	0.290996	0.453007	0.250208	0.102688	0.0123594	0.162845	0.00865816	0.0203105	0.160639	-15403.1	4.0	1.036e-05	-100763.0	4.0	7.61312e-07	1.0	3794.54	78.2329	1390.76	51.7185	0.268211	0.00892167	1185.93	5.59521	
0.0-2.4	6.5-30.0	10.0-15.0	0.000-1.571	0.008	0.152	7179.0	7176.0	3581.02	70.2288	3594.76	70.3254	-0.138037	0.065238	-0.05	0.0	0.413561	0.0	3.09238	0.0	0.0482269	0.0	0.0246033	0.000846645	0.03	0.0	1.492	0.0	5.0	0.0	1.733	0.0	0.0362886	0.000168313	1.79985e-05	0.004591	0.262224	0.0101879	0.19482	0.0	0.00388614	0.0	0.00441479	0.000696154	1.71004	0.0	0.922983	0.0180308	0.395655	0.0431289	0.831692	0.0534144	0.329186	0.06523	0.0299387	0.00516162	0.162312	0.0150903	0.155349	0.0316763	-10603.1	4.0	1.04822e-05	-60358.2	4.0	1.29245e-05	1.0	2567.56	64.3562	1013.45	44.7355	0.283007	0.0111918	1120.55	5.97917	
0.0-2.4	6.5-30.0	10.0-20.0	0.000-1.571	0.008	0.16	13032.0	13029.0	6798.34	95.8223	6230.12	92.809	-0.121436	0.0495968	-0.05	0.0	0.413561	0.0	3.09238	0.0	0.0482269	0.0	0.0251298	0.000646963	0.03	0.0	1.492	0.0	5.0	0.0	1.733	0.0	0.0364995	0.000130609	1.00282e-05	0.000232918	0.253686	0.00720128	0.19482	0.0	0.00388614	0.0	0.00222235	0.000520863	1.71004	0.0	0.924148	0.0134435	0.445472	0.0616175	0.845237	0.0237728	0.348218	0.0749878	0.0333664	0.0046154	0.14406	0.012406	0.341653	0.0291553	-19160.6	4.0	7.20272e-06	-117803.0	4.0	2.77386e-05	1.0	4813.64	88.0273	1984.71	62.674	0.29194	0.00824972	1121.32	4.46054	
0.0-2.4	6.5-30.0	15.0-20.0	0.000-1.571	0.008	0.16	5853.0	5853.0	3214.96	65.0748	2638.15	60.4807	-0.0980859	0.0762893	-0.05	0.0	0.413561	0.0	3.09238	0.0	0.0482269	0.0	0.0257832	0.00097692	0.03	0.0	1.492	0.0	5.0	0.0	1.733	0.0	0.0367658	0.000200884	1.00282e-05	0.000232918	0.250068	0.0101026	0.19482	0.0	0.00388614	0.0	-0.00216875	0.000777581	1.71004	0.0	0.934576	0.0196905	0.707209	0.0906669	0.726016	0.0465915	0.47936	0.0553086	0.0467892	0.01225	0.130647	0.0170119	0.411539	0.0415339	-8616.82	4.0	2.3412e-07	-48490.8	4.0	2.64056e-06	1.0	2238.78	60.0744	976.172	44.1115	0.303635	0.0122672	1128.26	6.56638	
0.0-2.4	6.5-30.0	20.0-25.0	0.000-1.571	0.008	0.145	4822.0	4822.0	2804.3	59.698	2017.63	52.7002	-0.259501	0.087578	-0.05	0.0	0.413561	0.0	3.09238	0.0	0.0482269	0.0	0.0236845	0.000879167	0.03	0.0	1.492	0.0	5.0	0.0	1.733	0.0	0.0359283	0.000169939	3.69686e-05	0.0287936	0.255764	0.0119339	0.19482	0.0	0.00388614	0.0	0.00226859	0.00071141	1.71004	0.0	0.852664	0.018433	0.461516	0.0389671	0.988264	0.0117843	0.399824	0.0639302	0.0427879	0.00510885	0.177285	0.0141342	0.413938	0.245229	-8403.76	4.0	9.54352e-06	-39348.2	4.0	3.45439e-06	1.0	2116.17	55.4107	688.127	35.4332	0.245383	0.0115049	1074.75	5.88748	
0.0-2.4	6.5-30.0	20.0-30.0	0.000-1.571	0.008	0.152	8862.0	8862.0	5298.12	81.5503	3563.62	70.1166	-0.17676	0.0658545	-0.05	0.0	0.413561	0.0	3.09238	0.0	0.0482269	0.0	0.0235881	0.000622005	0.03	0.0	1.492	0.0	5.0	0.0	1.733	0.0	0.0358911	0.000119865	1.79985e-05	0.004591	0.27603	0.00900909	0.19482	0.0	0.00388614	0.0	0.00180279	0.000538575	1.71004	0.0	0.852065	0.0140815	0.545186	0.0930201	0.693463	0.165845	0.334208	0.0986463	0.0461201	0.00819445	0.185807	0.0133368	0.036935	0.0154145	-15342.6	4.0	5.02621e-06	-77975.5	4.0	2.60398e-05	1.0	3898.45	75.2471	1399.66	50.2547	0.264182	0.00856955	1074.37	4.49604	
0.0-2.4	6.5-30.0	25.0-30.0	0.000-1.571	0.008	0.136	4040.0	4035.0	2489.01	55.5148	1545.83	46.2485	-0.0676762	0.0999466	-0.05	0.0	0.413561	0.0	3.09238	0.0	0.0482269	0.0	0.023489	0.000876851	0.03	0.0	1.492	0.0	5.0	0.0	1.733	0.0	0.0358529	0.000168445	3.37928e-05	7.02542e-05	0.297548	0.0134544	0.19482	0.0	0.00388614	0.0	0.00211662	0.00081872	1.71004	0.0	0.892062	0.0214558	0.554839	0.124537	0.965506	0.0602985	0.498208	0.10781	0.0401993	0.0123296	0.17028	0.0144392	0.133203	0.099006	-6948.69	4.0	9.50275e-07	-32475.7	4.0	2.33446e-05	1.0	1782.59	50.8468	706.419	35.3961	0.283816	0.0127344	1100.2	7.00377	
0.0-2.4	6.5-30.0	30.0-35.0	0.000-1.571	0.008	0.128	3067.0	3065.0	1842.51	48.5651	1222.25	41.6934	-0.291746	0.112792	-0.05	0.0	0.413561	0.0	3.09238	0.0	0.0482269	0.0	0.0252289	0.00120179	0.03	0.0	1.492	0.0	5.0	0.0	1.733	0.0	0.0365396	0.000243309	3.69757e-05	6.79802e-05	0.233646	0.0151288	0.19482	0.0	0.00388614	0.0	0.0013207	0.000936914	1.71004	0.0	0.88497	0.0238316	0.599257	0.0757865	0.795419	0.247856	0.441971	0.125691	0.0558604	0.0109485	0.234945	0.0268109	0.0455747	0.0276095	-5441.17	4.0	1.21764e-05	-23673.7	4.0	2.23529e-05	1.0	1432.81	46.3289	409.699	28.9258	0.22236	0.0145641	1095.58	7.74998	
0.0-2.4	6.5-30.0	30.0-40.0	0.000-1.571	0.008	0.128	5280.0	5277.0	3416.15	64.7335	1860.38	51.3294	-0.287318	0.0916571	-0.05	0.0	0.413561	0.0	3.09238	0.0	0.0482269	0.0	0.0246321	0.000794121	0.03	0.0	1.492	0.0	5.0	0.0	1.733	0.0	0.0363	0.000158007	3.69757e-05	6.79802e-05	0.235468	0.0101199	0.19482	0.0	0.00388614	0.0	0.000383807	0.000680141	1.71004	0.0	0.836725	0.0170463	0.998631	0.757243	0.349521	0.0653755	0.397701	0.0759115	0.00709864	0.821536	0.266321	0.0239367	0.065507	0.00819934	-9797.11	4.0	1.20156e-06	-44125.8	4.0	5.50252e-05	1.0	2533.29	61.2672	882.863	41.5834	0.258438	0.011144	1064.62	5.39362	
0.0-2.4	6.5-30.0	35.0-40.0	0.000-1.571	0.008	0.12	2212.0	2212.0	1568.61	42.8188	643.662	30.1439	-0.277283	0.156401	-0.05	0.0	0.413561	0.0	3.09238	0.0	0.0482269	0.0	0.0239442	0.00108948	0.03	0.0	1.492	0.0	5.0	0.0	1.733	0.0	0.0360291	0.000212305	3.63218e-05	5.72307e-05	0.237679	0.0135043	0.19482	0.0	0.00388614	0.0	0.00123207	0.000988212	1.71004	0.0	0.801649	0.0246416	1.0	10.8589	0.319219	0.290452	0.408929	0.237377	0.0957956	0.00146632	0.272816	0.165928	0.0803296	0.0446727	-4375.76	4.0	4.94978e-06	-16885.8	4.0	7.49167e-05	1.0	1099.89	39.9001	468.719	29.2282	0.298813	0.016753	1042.66	7.62735	
0.0-2.4	6.5-30.0	40.0-45.0	0.000-1.571	0.008	0.12	1685.0	1683.0	1210.21	37.6143	472.754	26.0273	-0.3974	0.183249	-0.05	0.0	0.413561	0.0	3.09238	0.0	0.0482269	0.0	0.0231671	0.00114319	0.03	0.0	1.492	0.0	5.0	0.0	1.733	0.0	0.0357299	0.000217346	3.63218e-05	5.72307e-05	0.228836	0.0165974	0.19482	0.0	0.00388614	0.0	-0.00070027	0.00117065	1.71004	0.0	0.824736	0.0316432	0.609884	0.115616	0.564108	0.132045	0.05155	0.105774	0.0275043	0.0103862	0.39096	0.0549553	0.0499985	0.0136122	-3372.26	4.0	4.4899e-06	-12432.0	4.0	1.99181e-06	1.0	914.882	35.675	295.329	23.4179	0.244031	0.0178018	1057.06	9.93936	
0.0-2.4	6.5-30.0	40.0-50.0	0.000-1.571	0.008	0.136	3013.0	3008.0	2198.96	50.5766	808.977	34.1771	-0.855852	0.143137	-0.05	0.0	0.413561	0.0	3.09238	0.0	0.0482269	0.0	0.0251009	0.000929326	0.03	0.0	1.492	0.0	5.0	0.0	1.733	0.0	0.0364878	0.000187457	3.37928e-05	7.02542e-05	0.250971	0.0123678	0.19482	0.0	0.00388614	0.0	-0.00117623	0.000847234	1.71004	0.0	0.780799	0.0231321	0.61155	0.161459	0.65109	0.168536	1.69784e-05	0.721421	0.0312992	0.00695063	0.305012	0.0281015	0.0387768	0.00985908	-5841.16	4.0	2.4402e-05	-23973.1	4.0	1.49124e-06	1.0	1588.03	47.0709	610.931	32.8486	0.277827	0.0135025	1029.84	7.06068	
0.0-2.4	6.5-30.0	45.0-50.0	0.000-1.571	0.008	0.136	1327.0	1325.0	992.629	33.8487	332.361	22.0325	-1.54699	0.235913	-0.05	0.0	0.413561	0.0	3.09238	0.0	0.0482269	0.0	0.0279977	0.0016927	0.03	0.0	1.492	0.0	5.0	0.0	1.733	0.0	0.0377036	0.000368563	3.37928e-05	7.02542e-05	0.271786	0.0180252	0.19482	0.0	0.00388614	0.0	-0.002586	0.00121916	1.71004	0.0	0.728632	0.0336894	0.674557	0.760555	0.751164	0.791518	0.0138445	0.711537	0.0292771	0.0130173	0.228189	0.0296042	0.0281003	0.0185628	-2493.23	4.0	2.682e-05	-9488.34	4.0	1.41386e-05	1.0	669.416	30.7807	323.213	23.4062	0.325613	0.0208022	998.586	9.89645	
0.0-2.4	6.5-30.0	5.0-10.0	0.000-1.571	0.008	0.112	9359.0	9312.0	4254.96	77.6668	5057.65	82.6715	-0.178826	0.0549635	-0.05	0.0	0.413561	0.0	3.09238	0.0	0.0482269	0.0	0.0257894	0.000817793	0.03	0.0	1.492	0.0	5.0	0.0	1.733	0.0	0.0367684	0.000168191	3.69703e-05	0.0265992	0.226569	0.00871769	0.19482	0.0	0.00388614	0.0	0.000270144	0.000626419	1.71004	0.0	0.922259	0.0166352	0.945012	0.0724854	0.259743	0.0428883	0.413915	0.0459677	0.188488	0.0977781	0.280401	0.0219755	0.0740727	0.007925	-13242.2	4.0	3.47739e-07	-80157.5	4.0	4.39767e-05	1.0	3068.51	72.4441	1186.45	50.7936	0.278838	0.0107981	1120.07	5.51442	
0.0-2.4	6.5-30.0	50.0-100.0	0.000-1.571	0.008	0.088	2797.0	2776.0	2302.65	50.7148	473.262	27.2525	-0.451365	0.18701	-0.05	0.0	0.413561	0.0	3.09238	0.0	0.0482269	0.0	0.0252963	0.000981347	0.03	0.0	1.492	0.0	5.0	0.0	1.733	0.0	0.0365669	0.00019906	3.69533e-05	0.0259228	0.287606	0.0145761	0.19482	0.0	0.00388614	0.0	0.00322064	0.000837688	1.71004	0.0	0.840366	0.0226639	0.723962	0.29481	0.999978	1.61922	0.242402	0.27756	0.0272631	0.0217881	0.238851	0.022678	0.0268768	12.8124	-6228.78	4.0	9.73681e-06	-22534.8	4.0	4.92886e-06	1.0	1748.44	47.5972	554.218	30.5219	0.240687	0.012149	1066.93	7.18674	
0.0-2.4	6.5-30.0	50.0-55.0	0.000-1.571	0.008	0.08	975.0	962.0	780.879	29.7373	181.099	16.8688	-0.280489	0.299608	-0.05	0.0	0.413561	0.0	3.09238	0.0	0.0482269	0.0	0.0279509	0.00182455	0.03	0.0	1.492	0.0	5.0	0.0	1.733	0.0	0.0376833	0.000396822	1.00002e-05	2.73951e-05	0.187337	0.0187538	0.19482	0.0	0.00388614	0.0	0.00245796	0.00161794	1.71004	0.0	0.906667	0.047088	0.590347	0.28649	0.820447	0.751768	0.00010622	0.960034	0.0286685	0.0148387	0.209509	0.0378244	0.0253671	0.0266916	-2219.31	4.0	1.30987e-06	-6724.43	4.0	2.59839e-05	1.0	607.9	29.8026	172.979	19.8913	0.221518	0.0240356	1109.77	15.4877	
0.0-2.4	6.5-30.0	50.0-60.0	0.000-1.571	0.008	0.08	1581.0	1564.0	1289.59	38.112	274.328	20.9127	-0.392366	0.245313	-0.05	0.0	0.413561	0.0	3.09238	0.0	0.0482269	0.0	0.0278781	0.00142372	0.03	0.0	1.492	0.0	5.0	0.0	1.733	0.0	0.0376516	0.000309098	1.00002e-05	2.73951e-05	0.186536	0.0140211	0.19482	0.0	0.00388614	0.0	0.00311312	0.00120039	1.71004	0.0	0.869487	0.0331942	0.719309	0.823654	0.648408	0.839224	1.92417e-05	0.994274	0.0217269	0.0218592	0.281126	0.0398995	0.020003	0.138226	-3613.53	4.0	4.50291e-09	-11731.1	4.0	2.32742e-05	1.0	984.654	37.7244	304.934	25.6423	0.236459	0.0186157	1085.55	10.7038	
0.0-2.4	6.5-30.0	55.0-60.0	0.000-1.571	0.008	0.073	605.0	599.0	507.215	23.7663	91.7933	12.2237	-0.63239	0.429804	-0.05	0.0	0.413561	0.0	3.09238	0.0	0.0482269	0.0	0.0275884	0.00222679	0.03	0.0	1.492	0.0	5.0	0.0	1.733	0.0	0.0375263	0.000480023	3.34445e-05	6.9324e-05	0.188304	0.0212055	0.19482	0.0	0.00388614	0.0	0.00436345	0.00174802	1.71004	0.0	0.816148	0.0457866	0.727682	2.23806	0.993879	1.95121	0.293805	1.43917	0.00706009	0.461264	0.394981	0.112325	0.0200139	4.68712	-1397.49	4.0	7.01769e-05	-3947.37	4.0	3.05932e-06	1.0	377.573	23.044	129.642	15.9665	0.255595	0.0291115	1051.68	14.305	
0.0-2.4	6.5-30.0	60.0-100.0	0.000-1.571	0.008	0.088	1216.0	1207.0	1006.87	33.3549	200.195	17.4904	-0.540201	0.286825	-0.05	0.0	0.413561	0.0	3.09238	0.0	0.0482269	0.0	0.0212124	0.00128841	0.03	0.0	1.492	0.0	5.0	0.0	1.733	0.0	0.0350107	0.000228895	3.69533e-05	0.0259228	0.379278	0.0261333	0.19482	0.0	0.00388614	0.0	0.00248011	0.00116977	1.71004	0.0	0.78357	0.0303338	0.827179	0.0559154	0.999995	0.620021	0.222967	0.0673894	0.0474596	0.0165105	0.203822	0.0200204	0.152227	5.15027	-2649.2	4.0	1.47233e-07	-8868.8	4.0	1.18562e-05	1.0	734.948	30.0965	271.918	19.8537	0.270064	0.0175719	1031.54	9.27647	
0.0-2.4	6.5-30.0	60.0-70.0	0.000-1.571	0.008	0.088	815.0	808.0	683.967	27.3152	123.969	13.6437	-0.737671	0.36668	-0.05	0.0	0.413561	0.0	3.09238	0.0	0.0482269	0.0	0.0189372	0.0012321	0.03	0.0	1.492	0.0	5.0	0.0	1.733	0.0	0.0342371	0.000199829	3.69533e-05	0.0259228	0.426357	0.0334045	0.19482	0.0	0.00388614	0.0	0.00233487	0.00144383	1.71004	0.0	0.791978	0.0368819	0.999697	0.0893845	0.999999	8.47921	0.482948	0.0360637	0.00707567	1.13668	0.237995	0.0155804	0.0202029	71.8653	-1758.59	4.0	8.92035e-07	-5662.92	4.0	1.15991e-05	1.0	480.202	24.1002	203.765	16.7112	0.297917	0.0213402	1036.69	11.3433	
0.0-2.4	6.5-30.0	70.0-100.0	0.000-1.571	0.016	0.073	401.0	397.0	321.326	19.0749	75.6202	10.8711	-0.233102	0.460111	-0.05	0.0	0.413561	0.0	3.09238	0.0	0.0482269	0.0	0.0260336	0.00273491	0.03	0.0	1.492	0.0	5.0	0.0	1.733	0.0	0.0368691	0.000566248	3.69173e-05	0.0282483	0.22752	0.0322793	0.19482	0.0	0.00388614	0.0	0.00261699	0.00213989	1.71004	0.0	0.823019	0.0564402	0.786954	0.0393255	0.999999	1.03668	1.4266e-06	0.0219539	0.0501687	0.0135808	0.161069	0.0123275	0.0869186	2.94067	-900.215	4.0	5.95299e-05	-2431.27	4.0	1.88343e-05	1.0	248.029	18.2042	73.2968	11.5557	0.228108	0.0333159	1055.98	17.7095	
0.0-2.4	6.5-7.5	0.0-100.0	0.000-1.571	0.016	0.16	21494.0	21488.0	8896.89	145.222	12591.0	157.398	0.012101	0.0361453	-0.05	0.0	0.330789	0.0653996	3.09074	0.000524945	0.0544427	0.00437463	0.0282524	0.00116946	0.03	0.0	1.492	0.0	5.0	0.0	1.733	0.0	0.0389182	0.00139034	8.17783e-05	0.000350179	0.235274	0.00743722	0.206936	0.0943215	0.00999971	0.0031414	0.00333651	0.00045431	1.88995	0.200823	0.951525	0.0100505	0.482047	0.0246833	0.867957	0.0220632	0.56145	0.0332792	0.057142	0.00526132	0.132931	0.0118428	0.337883	0.0309579	-29306.8	4.0	4.13211e-05	-201359.0	7.0	2.24317e-05	1.0	7070.55	131.406	1826.34	69.5446	0.205279	0.00706214	1207.14	61.4927	
0.0-2.4	6.5-8.0	0.0-100.0	0.000-1.571	0.016	0.16	28858.0	28849.0	12876.0	167.209	15973.0	176.207	-0.0515317	0.0320685	-0.05	0.0	0.364127	0.0535	3.09121	0.000417791	0.0517678	0.00297188	0.0272727	0.000955771	0.03	0.0	1.492	0.0	5.0	0.0	1.733	0.0	0.0380629	0.00102557	2.99332e-05	0.00458551	0.311277	0.00737756	0.247328	0.092515	0.00999999	0.0035556	0.00309933	0.000391556	1.76918	0.144226	0.920799	0.00896836	0.495183	0.0360025	0.882673	0.0197301	0.547034	0.0296472	0.0572902	0.00521011	0.150893	0.00833829	0.30885	0.0288617	-39642.1	4.0	6.19618e-08	-280221.0	7.0	2.43915e-05	1.0	10085.1	148.652	2790.96	79.1132	0.216756	0.00546153	1188.41	51.8126	
0.0-2.4	7.5-8.5	0.0-100.0	0.000-1.571	0.008	0.184	12755.0	12755.0	7139.83	107.164	5615.16	99.7931	-0.243994	0.0539709	-0.05	0.0	0.475686	0.0605389	3.09172	0.000496009	0.0454581	0.00200374	0.023544	0.00127507	0.03	0.0	1.492	0.0	5.0	0.0	1.733	0.0	0.0356877	0.000910148	8.69412e-05	0.000593911	0.366525	0.0103542	0.237333	0.116679	0.00999999	0.0164169	0.0028009	0.000530471	1.6166	0.148917	0.891454	0.013809	0.502536	0.0468961	0.916695	0.0350547	0.426542	0.0474803	0.0487656	0.00599637	0.197302	0.0100992	0.208989	0.0502797	-19588.7	4.0	5.01943e-06	-116035.0	7.0	1.56843e-05	1.0	5348.82	94.9452	1791.01	57.3759	0.250848	0.00709945	1107.4	54.5755	
0.0-2.4	8.0-10.0	0.0-100.0	0.000-1.571	0.008	0.184	14663.0	14663.0	9181.93	117.168	5481.25	100.125	-0.173861	0.0545453	-0.05	0.0	0.448687	0.0437671	3.09288	0.000414713	0.0471291	0.0018733	0.0225155	0.000937393	0.03	0.0	1.492	0.0	5.0	0.0	1.733	0.0	0.0357224	0.000780796	8.20597e-05	0.000220638	0.263762	0.00650862	0.223708	0.161679	0.000490489	0.00440365	0.00269288	0.000455731	1.60773	0.189825	0.903481	0.0122732	0.579878	0.055581	0.977375	0.0121448	0.469421	0.0497889	0.047899	0.0059371	0.234448	0.0105828	0.363271	0.153285	-25151.2	4.0	4.62281e-07	-137220.0	7.0	1.6722e-05	1.0	6599.32	104.451	2582.61	70.0315	0.281271	0.0067298	1100.87	72.0635	
0.0-2.4	8.5-9.5	0.0-100.0	0.000-1.571	0.008	0.12	6841.0	6827.0	4346.58	79.7581	2480.53	67.039	-0.176252	0.0808456	-0.05	0.0	0.467237	0.0623261	3.09408	0.000593945	0.0453993	0.00252059	0.0225474	0.00123291	0.03	0.0	1.492	0.0	5.0	0.0	1.733	0.0	0.0351265	0.00104788	6.95629e-05	0.856416	0.240939	0.00792207	0.195257	0.140777	-0.00999932	0.0168172	0.00196225	0.000665357	1.55521	0.187671	0.898409	0.0178144	0.727815	0.158648	0.701281	0.211709	0.410777	0.0909756	0.044765	0.0191242	0.225764	0.017802	0.0499871	0.0193978	-11910.4	4.0	9.62275e-07	-58856.0	7.0	4.66169e-05	1.0	2966.71	70.3355	1379.87	51.2319	0.317461	0.0102466	1059.15	60.2353	
0.0-2.4	9.5-11.0	0.0-100.0	0.000-1.571	0.008	0.136	5704.0	5700.0	3961.23	76.7549	1738.31	60.5592	-0.306099	0.0995827	-0.05	0.0	0.359846	0.0763783	3.09234	0.000627114	0.0486093	0.00359878	0.0247063	0.00159638	0.03	0.0	1.492	0.0	5.0	0.0	1.733	0.0	0.0352281	0.00135239	1.00134e-05	0.000394123	0.263321	0.0098864	0.411816	0.288493	0.0022233	0.00388478	0.000962529	0.000708993	1.51553	0.180886	0.728071	0.0202467	0.625918	0.1169	0.656497	0.0924617	0.205231	0.118327	0.0178494	0.0112207	0.265523	0.0204413	0.0743108	0.0142276	-10785.4	4.0	1.12077e-07	-48675.7	7.0	4.65381e-05	1.0	2883.47	68.0153	1077.77	44.052	0.272079	0.00979174	1121.45	124.333	
0.4-0.8	6.5-30.0	0.0-100.0	0.000-1.571	0.008	0.073	6285.0	6285.0	4089.1	73.8385	2195.75	59.6472	0.0246584	0.0859093	-0.05	0.0	0.652087	0.0661388	3.093	0.000443596	0.020273	0.000784781	0.0360384	0.00295153	0.03	0.0	1.492	0.0	5.0	0.0	1.733	0.0	0.0268302	0.000901291	1.07909e-05	6.48731e-06	0.319287	0.0102635	0.164736	0.163076	-0.00113548	0.00593586	-0.000854616	0.000590397	1.82366	0.359661	0.925492	0.0176894	0.705505	0.0864072	0.793444	0.0396587	0.441189	0.056085	0.0478427	0.0143763	0.219431	0.0195196	0.424356	0.0573848	-11281.8	4.0	3.25799e-07	-54806.9	7.0	1.88374e-05	1.0	2715.5	62.8367	1373.6	46.4678	0.335918	0.00960951	1123.97	101.829	
0.8-1.2	6.5-30.0	0.0-100.0	0.000-1.571	0.008	0.105	9960.0	9954.0	5635.02	97.205	4319.14	90.1782	0.081286	0.0632889	-0.05	0.0	0.381077	0.0942926	3.09234	0.000577133	0.0274526	0.00234528	0.0348759	0.00279982	0.03	0.0	1.492	0.0	5.0	0.0	1.733	0.0	0.0322492	0.00106633	3.76156e-05	0.000218351	0.261949	0.00818598	0.510138	0.279061	0.00698866	0.00378923	3.86337e-05	0.000650233	1.44442	0.131788	0.717148	0.0174225	0.503418	0.0452259	0.909953	0.0284254	0.467344	0.0419016	0.0520974	0.00602417	0.170956	0.0109953	0.285429	0.0528174	-16686.9	4.0	1.95538e-06	-88348.0	7.0	6.47118e-05	1.0	4122.08	84.955	1512.95	53.3138	0.26849	0.00825	1147.28	104.578	
1.2-1.6	6.5-30.0	0.0-10.0	0.000-1.571	0.008	0.136	5321.0	5313.0	2210.8	57.9466	3102.13	65.1855	0.119142	0.0699547	-0.05	0.0	0.489961	0.0	3.09129	0.0	0.0453219	0.0	0.0323333	0.00167714	0.03	0.0	1.492	0.0	5.0	0.0	1.733	0.0	0.0392382	0.000352438	2.31047e-05	0.000294422	0.23121	0.0117581	0.103775	0.0	0.00999984	0.0	0.00152726	0.000782451	2.09199	0.0	0.880664	0.0210628	0.920072	0.0737726	0.274047	0.0516064	0.299463	0.0771823	0.183951	0.0937562	0.213631	0.0191702	0.0549549	0.00711498	-7061.63	4.0	4.27012e-08	-42363.8	4.0	2.16465e-05	1.0	1540.97	53.4989	669.83	39.2305	0.302981	0.0158688	1072.03	7.75364	
1.2-1.6	6.5-30.0	0.0-100.0	0.000-1.571	0.008	0.136	13594.0	13572.0	7027.16	121.236	6545.2	119.08	-0.0609861	0.0513079	-0.05	0.0	0.489961	0.0922973	3.09129	0.000628644	0.0453219	0.00269197	0.0314862	0.001413	0.03	0.0	1.492	0.0	5.0	0.0	1.733	0.0	0.0388852	0.00103615	2.31047e-05	0.000294422	0.223714	0.00670007	0.103775	0.0507441	0.00999984	0.0195355	0.00178327	0.000474594	2.09199	0.256609	0.948402	0.0122747	0.734301	0.0862511	0.468029	0.0908399	0.34921	0.0826005	0.0972124	0.0171148	0.211045	0.0128299	0.0421732	0.00939352	-20608.0	4.0	3.837e-06	-122855.0	7.0	2.24021e-05	1.0	5119.63	106.519	1907.53	68.0278	0.271451	0.00847252	1122.63	46.7012	
1.2-1.6	6.5-30.0	10.0-20.0	0.000-1.571	0.008	0.128	3208.0	3196.0	1626.07	48.6067	1569.67	48.0224	-0.1773	0.0988698	-0.05	0.0	0.489961	0.0	3.09129	0.0	0.0453219	0.0	0.0358043	0.002405	0.03	0.0	1.492	0.0	5.0	0.0	1.733	0.0	0.0407463	0.000538934	2.94195e-05	0.000284662	0.204007	0.0116617	0.103775	0.0	0.00999984	0.0	0.00280013	0.00107075	2.09199	0.0	1.05591	0.0265992	0.57812	0.526113	0.999569	12.9128	0.615804	1.59911	0.098243	0.260162	0.170204	0.324801	0.02016	106.348	-4713.25	4.0	2.60732e-05	-24204.8	4.0	6.61837e-05	1.0	1114.8	45.3725	511.278	34.3771	0.314425	0.018937	1205.57	10.4397	
1.2-1.6	6.5-30.0	20.0-30.0	0.000-1.571	0.008	0.105	2319.0	2312.0	1311.07	41.1734	1001.12	37.2159	-0.0717449	0.123888	-0.05	0.0	0.489961	0.0	3.09129	0.0	0.0453219	0.0	0.0272059	0.00176234	0.03	0.0	1.492	0.0	5.0	0.0	1.733	0.0	0.0372012	0.000328678	1.00889e-05	0.00459463	0.236081	0.0162283	0.103775	0.0	0.00999984	0.0	0.000391869	0.00105666	2.09199	0.0	0.964095	0.0251306	0.456418	0.248779	0.713898	0.363632	0.271961	0.241924	0.0276392	0.00841157	0.148417	0.021038	0.0272893	0.013825	-4035.16	4.0	4.76498e-06	-17065.3	4.0	0.000127315	1.0	985.53	38.8332	325.542	25.5859	0.248302	0.0178897	1134.54	9.56948	
1.2-1.6	6.5-30.0	30.0-40.0	0.000-1.571	0.008	0.12	1333.0	1330.0	791.507	32.0639	538.337	27.8371	0.00730268	0.169016	-0.05	0.0	0.489961	0.0	3.09129	0.0	0.0453219	0.0	0.0309187	0.00277488	0.03	0.0	1.492	0.0	5.0	0.0	1.733	0.0	0.0386522	0.000566061	1.72747e-05	0.00459133	0.186936	0.0234445	0.103775	0.0	0.00999984	0.0	0.00495608	0.00136814	2.09199	0.0	0.89858	0.0354897	1.0	32.3665	0.331182	0.000994542	0.287273	0.000863695	0.0891993	39.0998	0.327342	0.000790904	0.0711308	0.000154762	-2318.91	4.0	1.05964e-06	-9113.57	4.0	3.58148e-05	1.0	642.476	32.6155	149.031	20.5628	0.188287	0.0248344	1085.27	13.1676	
1.2-1.6	6.5-30.0	40.0-50.0	0.000-1.571	0.016	0.064	725.0	707.0	525.558	24.7561	181.329	16.392	-1.69025	0.327466	-0.05	0.0	0.489961	0.0	3.09129	0.0	0.0453219	0.0	0.0303019	0.00332973	0.03	0.0	1.492	0.0	5.0	0.0	1.733	0.0	0.0384023	0.000670032	2.95545e-05	0.000300613	0.249805	0.0272878	0.103775	0.0	0.00999984	0.0	-0.00403967	0.00199151	2.09199	0.0	1.04637	0.0536881	0.999913	0.947938	0.999998	3.33174	0.522454	0.0498125	0.00847963	1.09803	0.215762	0.022477	0.0597823	12.837	-1373.06	4.0	1.80403e-05	-4605.95	4.0	3.18562e-05	1.0	392.273	23.936	133.285	16.4596	0.253606	0.0289506	1198.09	21.0116	
1.2-1.6	6.5-30.0	50.0-100.0	0.000-1.571	0.016	0.073	685.0	678.0	543.546	24.5599	134.429	13.9315	-1.16999	0.355889	-0.05	0.0	0.489961	0.0	3.09129	0.0	0.0453219	0.0	0.0290492	0.00237539	0.03	0.0	1.492	0.0	5.0	0.0	1.733	0.0	0.0379054	0.000464241	1.01642e-05	0.000817577	0.228259	0.0272569	0.103775	0.0	0.00999984	0.0	0.005991	0.00180586	2.09199	0.0	0.962639	0.049371	0.701351	1.10981	0.756314	1.03868	4.62382e-07	0.794473	0.02827	0.044908	0.310163	0.0549872	0.0200005	0.0902022	-1433.29	4.0	6.56337e-05	-4498.2	4.0	2.68261e-06	1.0	428.079	23.9624	115.467	15.0759	0.212433	0.0260223	1133.43	18.79	
1.6-2.0	6.5-30.0	0.0-100.0	0.000-1.571	0.008	0.16	13370.0	13363.0	6608.4	126.533	6754.62	127.102	-0.371546	0.0523553	-0.05	0.0	0.520463	0.108295	3.09107	0.000759743	0.0561602	0.00319544	0.033507	0.00287782	0.03	0.0	1.492	0.0	5.0	0.0	1.733	0.0	0.0466895	0.00162265	2.61437e-05	0.00458725	0.201286	0.00778451	0.462154	0.274076	0.00485629	0.00340939	0.00184165	0.000705892	1.4787	0.146906	0.858517	0.0158646	0.997041	0.121026	0.472866	0.0499552	0.653841	0.0228446	0.00743308	0.88616	0.179326	0.0117882	0.105777	0.0114515	-19975.2	4.0	7.63985e-06	-119665.0	7.0	4.49528e-05	1.0	5329.82	116.361	1278.58	61.0301	0.193478	0.00845966	1186.15	93.8699	
1.6-2.4	3.0-30.0	0.0-100.0	0.000-1.571	0.008	0.264	349418.0	349401.0	59918.4	460.002	289483.0	664.172	-0.00330106	0.00726908	-0.05	0.0	0.0385405	0.00920523	3.08924	0.000392766	0.0163375	0.00176582	0.052	0.000172392	0.03	0.0	1.89	0.0	5.0	0.0	1.44	0.0	0.0510889	0.000138871	1.05692e-05	6.49144e-05	0.221805	0.00411619	0.19593	0.106578	0.00823221	0.0041731	0.00639337	0.000166762	1.71895	0.159922	0.998075	0.00236195	1.0	0.00204862	0.820565	0.00525934	0.753471	0.00384166	0.0533117	0.000516849	0.114031	0.00201506	0.326312	0.00648835	-325235.0	4.0	9.28549e-06	-4162890.0	7.0	0.0001438	1.0	50775.0	454.135	9143.36	243.343	0.152597	0.00388861	1174.7	49.9991	
1.6-2.4	3.0-4.5	0.0-100.0	0.000-1.571	0.016	0.264	250622.0	250611.0	32280.3	378.482	218329.0	573.812	0.134213	0.00837902	-0.05	0.0	8.0272e-08	0.0116465	3.08837	0.000609	0.063587	0.0559733	0.0508648	0.000650461	0.03	0.0	1.86	0.0	5.0	0.0	1.38	0.0	0.0508648	0.000335741	8.85777e-05	0.0369611	0.234644	0.00727397	0.101357	0.069759	0.0499991	0.0925249	0.0030024	0.000199634	1.84755	0.275177	1.04097	0.00258533	1.0	38.1525	0.850452	0.0116275	0.682744	0.0173637	0.0252812	249.686	0.0845393	0.00298261	0.345042	0.00486638	-220394.0	4.0	1.4741e-05	-2897940.0	7.0	3.66128e-05	1.0	28488.2	377.46	3792.1	181.339	0.117474	0.00544615	1148.81	41.8931	
1.6-2.4	3.0-5.5	0.0-100.0	0.000-1.571	0.016	0.264	306477.0	306460.0	42763.4	914.785	263696.0	1022.81	0.0166979	0.00765374	-0.05	0.0	0.883213	0.0372756	3.08855	0.000510404	0.0480674	0.00079579	0.13	0.00651333	0.03	0.0	1.86	0.0	5.0	0.0	1.38	0.0	0.0633588	0.00229885	1.55371e-05	0.00459213	0.232769	0.00582256	0.125652	0.0884483	0.0251244	0.0167426	0.00685906	0.00017821	1.92178	0.271466	1.044	0.0023651	1.0	23.5773	0.823706	0.0591277	0.764208	0.0187022	0.0925287	97.5182	0.108502	0.0104956	0.340529	0.0165758	-274514.0	4.0	6.42987e-05	-3606810.0	7.0	4.71728e-05	1.0	37261.4	821.833	5501.97	232.189	0.128661	0.00468035	1190.4	55.6545	
1.6-2.4	3.0-6.5	0.0-10.0	0.000-1.571	0.016	0.264	178811.0	178793.0	19455.4	299.319	159336.0	479.009	0.0355286	0.00969699	-0.05	0.0	4.54196e-09	0.0	3.08952	0.0	0.0411396	0.0	0.0479844	0.00072248	0.03	0.0	1.86	0.0	5.0	0.0	1.38	0.0	0.0479844	0.00036124	1.3729e-05	0.00459296	0.236917	0.00939474	0.173641	0.0	0.0248856	0.0	0.00641994	0.000246276	1.74699	0.0	1.04232	0.00335715	1.0	0.0018458	0.805854	5.29429e-05	0.76141	2.89916e-05	0.255558	13.0993	0.116627	1.77535e-05	0.367353	7.08748e-05	-150588.0	4.0	7.90045e-06	-2005930.0	4.0	1.06134e-05	1.0	16986.0	298.443	2469.44	149.063	0.126928	0.00740876	1194.88	1.21001	
1.6-2.4	3.0-6.5	0.0-100.0	0.000-1.571	0.016	0.264	331077.0	331060.0	50792.8	444.896	280270.0	652.867	0.010304	0.00738937	-0.05	0.0	4.54196e-09	0.0206072	3.08952	0.000449233	0.0411396	0.0659237	0.050523	0.000463603	0.03	0.0	1.86	0.0	5.0	0.0	1.38	0.0	0.050523	0.000247839	1.3729e-05	0.00459296	0.235423	0.00514908	0.173641	0.119565	0.0248856	0.0127773	0.0056467	0.00017455	1.74699	0.202734	1.02121	0.00238451	1.0	0.00290846	0.803261	0.00566475	0.757112	0.00443594	0.12381	0.012162	0.107755	0.00226405	0.32268	0.00621533	-300496.0	4.0	0.000107209	-3923540.0	7.0	9.12437e-05	1.0	44024.8	439.138	6767.95	218.304	0.133246	0.00413644	1179.72	57.1978	
1.6-2.4	3.0-6.5	0.0-20.0	0.000-1.571	0.016	0.264	268606.0	268589.0	33719.5	384.967	234870.0	591.029	0.018252	0.00799617	-0.05	0.0	4.54196e-09	0.0	3.08952	0.0	0.0411396	0.0	0.0499415	0.000577208	0.03	0.0	1.86	0.0	5.0	0.0	1.38	0.0	0.0499415	0.000288604	1.3729e-05	0.00459296	0.233934	0.00676579	0.173641	0.0	0.0248856	0.0	0.0060348	0.000197093	1.74699	0.0	1.03001	0.00268261	1.0	0.185428	0.811477	0.000261291	0.754722	0.000149728	0.185906	11.6698	0.106589	7.84919e-05	0.341692	0.000326477	-236603.0	4.0	2.58727e-05	-3124040.0	4.0	0.000195437	1.0	29478.3	381.27	4241.11	185.6	0.125776	0.00531363	1186.02	0.962599	
1.6-2.4	3.0-6.5	10.0-20.0	0.000-1.571	0.016	0.209	89795.0	89714.0	14531.3	242.408	75183.6	345.516	-0.0152409	0.014176	-0.05	0.0	4.54196e-09	0.0	3.08952	0.0	0.0411396	0.0	0.0541936	0.000949536	0.03	0.0	1.86	0.0	5.0	0.0	1.38	0.0	0.0541936	0.000474768	1.37782e-05	0.00459294	0.23005	0.0103604	0.173641	0.0	0.0248856	0.0	0.00792097	0.000326572	1.74699	0.0	1.00919	0.00441762	0.937325	0.00969243	0.771471	0.0413931	0.772015	0.00999852	0.350943	0.0367737	0.137938	0.00350872	0.0830428	0.011115	-86554.6	4.0	2.13426e-06	-946197.0	4.0	2.14356e-05	1.0	13031.0	240.926	1500.3	106.853	0.103246	0.00714874	1171.14	1.57286	
1.6-2.4	3.0-6.5	20.0-30.0	0.000-1.571	0.016	0.192	33840.0	33830.0	7041.35	150.978	26788.0	206.232	-0.0815821	0.0238218	-0.05	0.0	4.54196e-09	0.0	3.08952	0.0	0.0411396	0.0	0.0552084	0.00121532	0.03	0.0	1.86	0.0	5.0	0.0	1.38	0.0	0.0552084	0.000607662	1.37746e-05	0.00459294	0.22798	0.0108839	0.173641	0.0	0.0248856	0.0	0.0032584	0.000521557	1.74699	0.0	0.993524	0.00711122	0.967569	0.0241033	0.751348	0.0425377	0.75607	0.013481	0.415659	0.113728	0.112173	0.0103899	0.195312	0.0262797	-33365.1	4.0	5.58529e-05	-324514.0	4.0	6.3975e-05	1.0	5911.63	147.736	1129.72	79.6604	0.160441	0.0107775	1160.02	2.5165	
1.6-2.4	3.0-6.5	20.0-40.0	0.000-1.571	0.016	0.192	50137.0	50116.0	11462.8	182.378	38653.2	245.858	-0.0551402	0.0198283	-0.05	0.0	4.54196e-09	0.0	3.08952	0.0	0.0411396	0.0	0.0521471	0.000866822	0.03	0.0	1.86	0.0	5.0	0.0	1.38	0.0	0.0521471	0.000433411	1.37746e-05	0.00459294	0.233601	0.00895598	0.173641	0.0	0.0248856	0.0	0.00384275	0.000424332	1.74699	0.0	0.991815	0.00588113	0.974306	0.0225741	0.750764	0.040817	0.759098	0.010474	0.375855	0.117101	0.113157	0.00779029	0.187165	0.0195217	-50735.5	4.0	6.77635e-05	-501209.0	4.0	2.51188e-05	1.0	9712.4	180.496	1750.44	97.3426	0.152706	0.00813703	1158.81	2.07979	
1.6-2.4	3.0-6.5	30.0-40.0	0.000-1.571	0.016	0.152	16296.0	16182.0	4408.35	103.037	11773.8	134.088	0.0299191	0.0359143	-0.05	0.0	4.54196e-09	0.0	3.08952	0.0	0.0411396	0.0	0.0469952	0.00118386	0.03	0.0	1.86	0.0	5.0	0.0	1.38	0.0	0.0469952	0.000591932	1.3843e-05	0.00459291	0.244492	0.0155958	0.173641	0.0	0.0248856	0.0	0.0049756	0.000729437	1.74699	0.0	0.985166	0.0103636	0.999917	0.634729	0.716672	0.00658133	0.761991	0.00188833	0.152886	0.958525	0.114919	0.000934607	0.153484	0.00212067	-17585.8	4.0	4.62985e-06	-144180.0	4.0	6.11891e-06	1.0	3786.34	103.725	622.015	56.0205	0.141099	0.0122724	1154.11	3.65521	
1.6-2.4	3.0-6.5	40.0-100.0	0.000-1.571	0.016	0.168	12333.0	12321.0	5648.86	98.1253	6671.61	103.201	0.127658	0.0482634	-0.05	0.0	4.54196e-09	0.0	3.08952	0.0	0.0411396	0.0	0.0509983	0.000844797	0.03	0.0	1.86	0.0	5.0	0.0	1.38	0.0	0.0509983	0.000422398	1.33924e-05	0.00459311	0.234022	0.0132126	0.173641	0.0	0.0248856	0.0	0.00620652	0.000792167	1.74699	0.0	0.931352	0.0110804	0.999999	0.202334	0.764289	0.0458148	0.789926	0.0157579	0.17496	0.858066	0.17951	0.0166072	0.232242	0.0402779	-15193.0	4.0	6.58467e-05	-108363.0	4.0	6.82426e-05	1.0	4839.44	102.696	809.424	60.6396	0.14329	0.0104423	1116.58	3.81872	
1.6-2.4	3.0-6.5	40.0-50.0	0.000-1.571	0.016	0.145	7286.0	7238.0	2891.68	72.461	4346.29	81.8837	0.135056	0.0595154	-0.05	0.0	4.54196e-09	0.0	3.08952	0.0	0.0411396	0.0	0.0493232	0.00116403	0.03	0.0	1.86	0.0	5.0	0.0	1.38	0.0	0.0493232	0.000582014	1.39771e-05	0.00459285	0.221294	0.0143031	0.173641	0.0	0.0248856	0.0	0.00180939	0.0010437	1.74699	0.0	0.868964	0.0156738	0.998397	0.993271	0.837724	0.0326552	0.508979	0.0630165	0.0120703	1.43107	0.0500001	0.00296287	0.262939	0.0295545	-8600.96	4.0	0.000103827	-59419.1	4.0	4.99464e-07	1.0	2314.21	74.04	577.467	48.2536	0.1997	0.0159191	1074.21	5.23873	
1.6-2.4	3.0-6.5	50.0-100.0	0.000-1.571	0.016	0.168	5046.0	5046.0	2776.38	66.1978	2269.69	62.2517	0.184429	0.0836084	-0.05	0.0	4.54196e-09	0.0	3.08952	0.0	0.0411396	0.0	0.0533727	0.0012753	0.03	0.0	1.86	0.0	5.0	0.0	1.38	0.0	0.0533727	0.00063765	1.33924e-05	0.00459311	0.249615	0.0211757	0.173641	0.0	0.0248856	0.0	0.00424319	0.00122948	1.74699	0.0	0.949031	0.016072	0.871509	0.0332437	0.999986	0.106245	0.773714	0.0224657	0.237906	0.0534906	0.18896	0.0169951	0.0200002	4.55639	-6739.07	4.0	3.12938e-06	-40347.1	4.0	9.01689e-06	1.0	2426.64	70.2717	349.737	40.743	0.125969	0.0143642	1128.81	5.58302	
1.6-2.4	4.5-5.5	0.0-100.0	0.000-1.571	0.016	0.192	55855.0	55783.0	11338.2	190.347	44444.8	263.313	-0.414028	0.0189427	-0.05	0.0	0.0728787	0.0650336	3.08961	0.000830343	0.0254799	0.00780211	0.0520926	0.00220314	0.03	0.0	1.86	0.0	5.0	0.0	1.38	0.0	0.050628	0.0012507	2.24592e-05	0.000300031	0.237053	0.00892613	0.168306	0.155053	0.0139897	0.0158776	0.00772482	0.000395899	1.94031	0.379299	1.06426	0.00599001	0.843949	0.0327335	0.904241	0.0660535	0.797887	0.00819419	0.147338	0.0227406	0.153387	0.00848977	0.324659	0.0666396	-54539.4	4.0	5.01112e-08	-563364.0	7.0	0.00891028	1.0	9394.81	185.004	1943.42	102.055	0.171404	0.00852859	1255.25	95.1096	
1.6-2.4	5.5-6.5	0.0-100.0	0.000-1.571	0.016	0.168	24599.0	24562.0	7425.46	131.119	17136.5	164.019	-0.454462	0.0305514	-0.05	0.0	0.0238506	0.0288772	3.0936	0.000936712	0.0207412	0.00937468	0.0523397	0.00146033	0.03	0.0	1.86	0.0	5.0	0.0	1.38	0.0	0.0518108	0.00078992	1.49587e-05	0.00459239	0.225551	0.00969991	0.433557	0.413492	0.016385	0.017632	0.00383198	0.000663053	1.45242	0.194727	0.867825	0.0118389	0.82493	0.0508159	0.477289	0.0687441	0.64115	0.0378696	0.163071	0.023233	0.204963	0.0110946	0.0635113	0.0140282	-27111.4	4.0	1.39942e-06	-229435.0	7.0	0.000556946	1.0	6228.4	126.841	1197.06	66.6299	0.161211	0.00850965	1158.1	132.166	
1.6-2.4	6.5-30.0	0.0-10.0	0.000-1.571	0.008	0.184	7195.0	7195.0	2976.79	69.3445	4218.14	77.7793	-0.314226	0.0605304	-0.05	0.0	0.626844	0.0	3.09078	0.0	0.0584782	0.0	0.0327531	0.00211243	0.03	0.0	1.492	0.0	5.0	0.0	1.733	0.0	0.0504374	0.000255943	6.70809e-05	0.00017923	0.228552	0.0146745	0.211707	0.0	0.00199102	0.0	0.00297518	0.000842734	1.6767	0.0	1.04779	0.0189808	1.0	13.1144	0.327286	0.0125313	0.584041	0.00344687	0.219836	22.7718	0.197761	0.00270069	0.0898356	0.00190986	-9432.59	4.0	1.80458e-05	-59198.1	4.0	1.24778e-05	1.0	2488.77	68.3826	488.024	38.0027	0.163943	0.0121817	1208.56	6.48602	
1.6-2.4	6.5-30.0	0.0-100.0	0.000-1.571	0.008	0.152	18341.0	18325.0	9173.74	165.497	9150.99	165.365	-0.380514	0.0462848	-0.05	0.0	0.626844	0.111841	3.09078	0.000678256	0.0584782	0.00297302	0.0320494	0.0040811	0.03	0.0	1.492	0.0	5.0	0.0	1.733	0.0	0.0502684	0.00178373	2.77437e-05	0.00458652	0.194555	0.00625763	0.211707	0.175346	0.00199102	0.00574194	0.00258093	0.000470671	1.6767	0.235346	0.945858	0.0105067	0.999975	6.48763	0.515928	0.042652	0.65154	0.0187735	0.00767515	0.000101013	0.176514	0.00920679	0.10576	0.0102485	-27249.8	4.0	0.00010534	-169785.0	7.0	7.69673e-05	1.0	7266.08	148.346	1907.66	77.5146	0.207948	0.00757118	1140.36	82.353	
1.6-2.4	6.5-30.0	10.0-20.0	0.000-1.571	0.008	0.16	4734.0	4734.0	2228.76	58.4748	2505.16	60.7909	-0.300906	0.0786857	-0.05	0.0	0.626844	0.0	3.09078	0.0	0.0584782	0.0	0.0337966	0.00278663	0.03	0.0	1.492	0.0	5.0	0.0	1.733	0.0	0.0506936	0.000346625	2.91966e-05	0.00458585	0.174771	0.0112408	0.211707	0.0	0.00199102	0.0	0.00150868	0.000967113	1.6767	0.0	0.968431	0.0205094	0.890641	0.00330561	0.999911	1.47178	0.685952	0.0026876	0.220431	0.00545856	0.135342	0.00106224	0.208388	7.86409	-6842.62	4.0	3.23483e-06	-37258.5	4.0	3.52007e-06	1.0	1741.79	59.0529	486.967	39.5237	0.218492	0.0167814	1155.2	6.77678	
1.6-2.4	6.5-30.0	20.0-30.0	0.000-1.571	0.008	0.152	2842.0	2842.0	1579.2	46.0167	1262.84	42.4406	-0.679722	0.11267	-0.05	0.0	0.626844	0.0	3.09078	0.0	0.0584782	0.0	0.0268121	0.00219966	0.03	0.0	1.492	0.0	5.0	0.0	1.733	0.0	0.0491109	0.000224063	2.77437e-05	0.00458652	0.207757	0.0147206	0.211707	0.0	0.00199102	0.0	0.00384004	0.00102958	1.6767	0.0	0.839908	0.0243653	0.74794	0.0897764	0.921713	0.0823402	0.686068	0.0516529	0.0664265	0.030652	0.141369	0.0190965	0.300864	0.157641	-4716.37	4.0	5.09192e-08	-21301.6	4.0	1.43901e-06	1.0	1229.54	44.9296	349.655	28.9626	0.221413	0.0171678	1072.97	7.51747	
1.6-2.4	6.5-30.0	30.0-40.0	0.000-1.571	0.008	0.12	1719.0	1717.0	1056.39	37.1298	660.511	31.3494	-0.439575	0.154908	-0.05	0.0	0.626844	0.0	3.09078	0.0	0.0584782	0.0	0.0285769	0.00271857	0.03	0.0	1.492	0.0	5.0	0.0	1.733	0.0	0.0494808	0.00029294	7.90451e-05	0.000185159	0.158919	0.0125994	0.211707	0.0	0.00199102	0.0	0.000968135	0.00135335	1.6767	0.0	0.843865	0.0291821	1.0	0.00689835	0.999997	0.0671678	0.770416	0.0341345	1.40763	0.303313	0.196853	0.0276692	0.0673186	2.85025	-3000.54	4.0	3.08937e-07	-12133.8	4.0	6.1258e-06	1.0	741.552	37.5567	314.835	29.2169	0.29803	0.0255969	1075.42	9.02545	
1.6-2.4	6.5-30.0	40.0-50.0	0.000-1.571	0.008	0.136	985.0	983.0	649.457	28.4049	333.503	22.1563	-0.886829	0.222436	-0.05	0.0	0.626844	0.0	3.09078	0.0	0.0584782	0.0	0.0311494	0.0033424	0.03	0.0	1.492	0.0	5.0	0.0	1.733	0.0	0.0500568	0.000388065	6.70209e-05	0.882424	0.173029	0.0185487	0.211707	0.0	0.00199102	0.0	0.000957482	0.00147963	1.6767	0.0	0.682914	0.034607	0.614934	0.132985	0.99999	0.719582	0.461379	0.13114	0.0385154	0.0145062	0.224344	0.0349588	0.0200025	3.18997	-1796.57	4.0	1.41482e-05	-6468.91	4.0	1.96395e-06	1.0	489.947	28.0353	159.509	19.3769	0.245604	0.0278348	981.231	9.49328	
1.6-2.4	6.5-30.0	50.0-100.0	0.000-1.571	0.008	0.088	863.0	846.0	669.956	28.1209	176.025	17.2301	-0.0383562	0.304624	-0.05	0.0	0.626844	0.0	3.09078	0.0	0.0584782	0.0	0.0445238	0.00464993	0.03	0.0	1.492	0.0	5.0	0.0	1.733	0.0	0.0536968	0.000719367	7.21792e-05	0.000182081	0.18099	0.021476	0.211707	0.0	0.00199102	0.0	0.00514986	0.0018734	1.6767	0.0	0.828381	0.0401366	0.641791	0.0402309	0.999942	3.06455	0.345024	0.0576396	0.0474264	0.0064347	0.195756	0.014417	0.0200144	11.9046	-1764.77	4.0	9.2855e-05	-5601.42	4.0	2.93991e-06	1.0	537.622	28.5139	132.334	18.2937	0.197527	0.0260167	1065.89	12.2947	
2.0-2.4	6.5-30.0	0.0-100.0	0.000-1.571	0.008	0.152	4970.0	4967.0	2590.33	70.6894	2376.66	69.1544	-0.419528	0.0836184	-0.05	0.0	0.852763	0.0639119	3.09094	0.00147849	0.063075	0.00307787	0.0248213	0.00541776	0.03	0.0	1.492	0.0	5.0	0.0	1.733	0.0	0.0590202	0.00168039	7.87116e-05	0.000484264	0.185959	0.0109131	0.0616687	0.0610904	-0.00999983	0.0176875	0.0025476	0.00080505	2.1655	0.541626	0.939684	0.0168462	0.805998	0.00240665	1.0	15.0947	0.653773	0.00163284	0.108847	0.00118427	0.16273	0.000738668	0.125772	60.0528	-7320.3	4.0	3.8074e-06	-39490.8	7.0	5.06172e-05	1.0	1993.32	66.7698	597.01	42.0069	0.230476	0.0149474	1057.23	65.1382	
