weightedEff_TnPAtRD3_4DEff_RapPtEffMap2_Ratio
rap	pT	cent	dPhi	ctauErrMin	ctauErrMax	NoCutEntry	CutEntry	NSig	NSigErr	NBkg	NBkgErr	coefExp	coefExpErr	coefPol1	coefPol1Err	coeffGaus	coeffGausErr	meanSig1	meanSig1Err	sigmaSig1	sigmaSig1Err	sigmaSig2	sigmaSig2Err	sigmaSig3	sigmaSig3Err	alpha	alphaErr	enne	enneErr	enneW	enneWErr	sigWidth	sigWidthErr	Gmc	GmcErr	bTau	bTauErr	fracRes	fracResErr	meanResSigW	meanResSigWErr	meanResSigN	meanResSigNErr	sigmaResSigW	sigmaResSigWErr	sigmaResSigN	sigmaResSigNErr	fpm	fpmErr	fLiving	fLivingErr	fbkgCtTot	fbkgCtTotErr	lambdam	lambdamErr	lambdap	lambdapErr	lambdasym	lambdasymErr	NLL	nFitPar	EDM	NLLMass	nFitParMass	EDMMass	Prob	PROMPT	PROMPTErr	NON-PROMPT	NON-PROMPTErr	Bfraction	BfractionErr	Resolution	ResolutionErr	
0.0-0.4	6.5-30.0	0.0-100.0	0.000-1.571	0.008	0.105	9027.0	9013.0	7775.53	92.521	1237.12	44.9518	-1.06335	0.117186	-0.05	0.0	0.417533	0.0700052	3.09368	0.000254592	0.0153015	0.000756236	0.0231245	0.000945053	0.03	0.0	1.696	0.0	5.0	0.0	1.718	0.0	0.0202294	0.0004253	1.23578e-05	0.0128429	0.369782	0.00941946	0.44677	0.141299	-0.000774749	0.00115443	0.000431631	0.000704301	1.18582	0.0694746	0.879545	0.0190491	1.0	0.0736129	0.861358	0.0274959	0.214081	0.0250781	0.143052	50.1711	0.362135	0.0178739	0.219215	0.0422865	-23407.0	4.0	1.04012e-05	-88644.3	7.0	0.000118729	1.0	5605.08	82.9946	2170.45	55.7395	0.279139	0.00635267	1027.72	28.5264	
0.0-1.2	6.5-30.0	0.0-100.0	0.000-1.571	0.008	0.145	32074.0	32056.0	27644.0	175.721	4412.08	87.4437	-1.07494	0.0637227	-0.05	0.0	0.38077	0.0417555	3.09367	0.000181392	0.0185746	0.000684079	0.0313443	0.000757492	0.03	0.0	1.696	0.0	5.0	0.0	1.718	0.0	0.0271982	0.000375261	1.01594e-05	0.0045946	0.370145	0.00502643	0.0390389	0.0103328	-0.00174128	0.00308162	0.000298014	0.000233014	2.01564	0.13992	0.990058	0.00646326	0.999996	0.0226512	0.894348	0.0162998	0.265805	0.0161236	0.143143	0.79475	0.421725	0.0109423	0.174981	0.022735	-75678.4	4.0	6.11561e-07	-348763.0	7.0	1.37677e-05	1.0	19902.3	158.085	7741.66	106.807	0.280048	0.00342912	1049.07	9.68199	
0.0-2.4	10.0-13.0	0.0-100.0	0.000-1.571	0.008	0.145	12388.0	12378.0	10508.0	111.161	1870.11	60.9843	-1.22888	0.0987746	-0.05	0.0	0.459374	0.0422862	3.09338	0.00036185	0.0462642	0.00141908	0.0231948	0.00094462	0.03	0.0	1.696	0.0	5.0	0.0	1.718	0.0	0.0356944	0.000656678	1.22072e-05	0.0133174	0.386395	0.00791106	0.0307555	0.0102492	0.002156	0.00527054	0.000333508	0.000357898	2.23784	0.221634	0.986317	0.0108382	0.97055	5.38766	0.999999	0.109768	0.236457	3.91445	0.141171	37.1486	0.396352	0.0885749	0.155222	7.81718e-06	-25852.0	4.0	3.4808e-08	-120286.0	7.0	0.000128431	1.0	7203.06	96.7164	3304.98	69.0662	0.314519	0.00566833	1047.34	13.2269	
0.0-2.4	10.0-30.0	0.0-100.0	0.000-1.571	0.008	0.145	19478.0	19467.0	16249.6	138.561	3217.06	78.4901	-1.24433	0.0750346	-0.05	0.0	0.462774	0.033025	3.09352	0.000287825	0.0454364	0.00112629	0.022904	0.000710102	0.03	0.0	1.696	0.0	5.0	0.0	1.718	0.0	0.0351739	0.000509316	1.00498e-05	0.00459465	0.375057	0.00576176	0.0302029	0.00772777	-0.00137981	0.00391645	2.80855e-05	0.000275555	2.28455	0.177331	0.992169	0.00892767	0.999409	0.956725	0.949562	0.0673019	0.253912	0.0105547	0.158455	1.39236	0.418684	0.00500602	0.141002	0.0764387	-38853.2	4.0	4.27399e-06	-197441.0	7.0	5.6327e-05	1.0	10407.8	117.023	5841.85	91.103	0.359506	0.00469415	1054.66	10.5077	
0.0-2.4	11.0-13.0	0.0-100.0	0.000-1.571	0.008	0.145	6606.0	6603.0	5614.2	81.4378	988.996	44.7931	-1.35264	0.139427	-0.05	0.0	0.354908	0.0480544	3.09365	0.000496611	0.0527962	0.00275687	0.0246605	0.00104034	0.03	0.0	1.696	0.0	5.0	0.0	1.718	0.0	0.0371698	0.00101418	3.00105e-05	0.000309596	0.393488	0.0104338	0.035575	0.0156752	0.00158392	0.00595811	0.000282632	0.000494718	2.10523	0.269949	1.0041	0.0155106	0.981918	0.0255449	1.0	10.3038	0.250689	0.0274403	0.140984	0.10307	0.389754	0.0195511	0.140976	36809.2	-13267.8	4.0	3.4012e-07	-59840.5	7.0	5.1903e-05	1.0	3683.37	69.484	1930.83	52.514	0.343918	0.00791236	1063.02	17.3103	
0.0-2.4	13.0-16.0	0.0-100.0	0.000-1.571	0.008	0.081	4196.0	4191.0	3393.62	62.5318	797.368	36.2368	-1.09867	0.147088	-0.05	0.0	0.593654	0.058493	3.09359	0.000599536	0.0413926	0.001653	0.018543	0.00153939	0.03	0.0	1.696	0.0	5.0	0.0	1.718	0.0	0.0340126	0.000855751	2.11265e-05	10.8791	0.374503	0.0119846	0.0661462	0.04102	-0.00168051	0.0047893	-0.000581255	0.000609167	1.77416	0.264604	0.995398	0.0208758	0.999842	0.717762	0.94267	0.0980732	0.268834	0.013092	0.259431	1.25929	0.446227	0.0127755	0.2176	0.0995577	-8025.89	4.0	9.66281e-06	-35983.0	7.0	1.89669e-06	1.0	2051.89	51.819	1341.72	43.2079	0.395367	0.0104419	1064.65	26.969	
0.0-2.4	13.0-30.0	0.0-100.0	0.000-1.571	0.008	0.081	7090.0	7083.0	5733.68	83.0569	1348.92	50.1099	-1.27349	0.115292	-0.05	0.0	0.481719	0.060353	3.09383	0.000478947	0.0436601	0.00180491	0.0220809	0.00133145	0.03	0.0	1.696	0.0	5.0	0.0	1.718	0.0	0.0342191	0.000865161	1.02238e-05	0.00459457	0.364651	0.00848955	0.0480882	0.0218371	-0.00242622	0.00419284	-0.000319221	0.000440343	1.94086	0.230379	0.998774	0.0159756	1.0	0.615079	0.961365	0.0131874	0.285153	0.0210837	0.154117	0.334212	0.44082	0.0198697	0.2338	0.0796005	-13105.3	4.0	1.16272e-05	-64347.3	7.0	3.50646e-05	1.0	3237.26	65.9523	2496.43	58.8079	0.435397	0.00808815	1063.35	18.8515	
0.0-2.4	16.0-30.0	0.0-100.0	0.000-1.571	0.008	0.056	2894.0	2882.0	2364.63	51.8523	517.511	29.0125	-1.40493	0.188113	-0.05	0.0	0.154194	0.0565796	3.09365	0.000761977	0.015065	0.00267562	0.0366911	0.00162008	0.03	0.0	1.696	0.0	5.0	0.0	1.718	0.0	0.0342586	0.000871918	1.01425e-05	0.00459461	0.354768	0.0119622	0.0340288	0.0240391	-0.00317689	0.0069571	-3.79811e-05	0.000641023	2.18001	0.438439	0.996562	0.0251819	1.0	971.25	0.985769	6.52891	0.297273	0.303494	0.140928	58988.7	0.431103	0.486285	0.23533	0.586556	-5109.15	4.0	7.29319e-05	-23499.0	7.0	0.000154315	1.0	1201.12	39.8076	1163.51	39.2669	0.492048	0.0126229	1058.8	28.675	
0.0-2.4	6.5-30.0	0.0-100.0	0.000-1.571	0.004	0.224	70598.0	70575.0	60145.7	266.47	10430.3	145.821	-1.12028	0.0416326	-0.05	0.0	0.458053	0.0191884	3.09238	0.000160859	0.0469548	0.000603246	0.0254654	0.000410397	0.03	0.0	1.696	0.0	5.0	0.0	1.718	0.0	0.0368963	0.00027883	1.01537e-05	0.0045946	0.369384	0.00357429	0.0430983	0.00586475	-0.000930869	0.00240021	0.000393137	0.000164987	2.16125	0.0881268	0.962748	0.00425033	0.992983	0.0578206	0.864311	0.119543	0.290587	0.0385098	0.141904	3.66544e-08	0.425024	0.0251768	0.140934	4.00156e-10	-148909.0	4.0	2.86483e-06	-807079.0	7.0	4.02275e-05	1.0	44302.3	241.379	15843.4	157.054	0.263417	0.00233591	1043.19	6.83324	
0.0-2.4	6.5-7.5	0.0-100.0	0.000-1.571	0.008	0.168	21045.0	21032.0	18192.9	147.808	2839.09	80.5597	-0.754534	0.0800865	-0.05	0.0	0.443728	0.0403451	3.09109	0.000318043	0.0496699	0.00121452	0.0285033	0.000872776	0.03	0.0	1.696	0.0	5.0	0.0	1.718	0.0	0.0393276	0.000571718	2.82935e-05	5.56844e-05	0.396778	0.00823126	0.0564692	0.0173463	0.0089199	0.0166626	0.000475141	0.000355637	1.98278	0.173627	0.973718	0.00760521	1.0	0.0248605	0.795603	0.0314644	0.40437	0.0225321	0.140949	831.038	0.422395	0.0172895	0.140927	9.45677e-09	-45106.1	4.0	4.40764e-05	-214665.0	7.0	7.53183e-05	1.0	14641.2	138.93	3551.62	77.3594	0.195221	0.00394531	1056.69	15.6667	
0.0-2.4	6.5-8.0	0.0-100.0	0.000-1.571	0.008	0.168	29509.0	29491.0	25394.9	173.782	4096.3	94.3443	-0.861296	0.0662408	-0.05	0.0	0.497746	0.0330907	3.09126	0.000264494	0.0482297	0.000875238	0.026726	0.000801037	0.03	0.0	1.696	0.0	5.0	0.0	1.718	0.0	0.038943	0.000457243	1.01726e-05	0.00459459	0.394434	0.00679969	0.0575665	0.0136708	0.00223244	0.00490816	0.000609446	0.000292017	2.00934	0.138671	0.958604	0.00635977	0.999999	36.5423	0.74298	0.484042	0.303116	0.042557	0.140979	117935.0	0.40851	0.0779349	0.140988	2.98538e-09	-63516.2	4.0	7.37362e-06	-311145.0	7.0	2.47382e-06	1.0	20286.9	162.937	5107.95	92.1807	0.201141	0.0033588	1048.07	13.0187	
0.0-2.4	7.5-8.5	0.0-100.0	0.000-1.571	0.008	0.136	15588.0	15566.0	13288.1	124.448	2278.02	66.912	-1.20123	0.0891565	-0.05	0.0	0.545133	0.0412408	3.09179	0.000343972	0.0454641	0.000996037	0.0240453	0.00107024	0.03	0.0	1.696	0.0	5.0	0.0	1.718	0.0	0.0372797	0.000551187	3.14286e-05	0.000250139	0.363225	0.00826087	0.0553572	0.0153282	-0.00751851	0.00509998	0.00180502	0.000371977	2.03235	0.165504	0.944721	0.00884272	0.999053	0.0121013	0.706253	0.0484933	0.26773	0.0360218	0.141335	1.80683e-06	0.441676	0.0200716	0.140978	0.0225797	-33982.6	4.0	3.56763e-05	-154602.0	7.0	5.15185e-05	1.0	10313.0	115.425	2975.08	69.0701	0.223892	0.00475622	1035.25	15.4613	
0.0-2.4	8.0-10.0	0.0-100.0	0.000-1.571	0.008	0.136	21610.0	21597.0	18478.5	148.047	3118.11	80.9812	-1.33256	0.0776797	-0.05	0.0	0.409633	0.0392771	3.09271	0.000281884	0.045574	0.0011569	0.0262093	0.0007483	0.03	0.0	1.696	0.0	5.0	0.0	1.718	0.0	0.0354449	0.000517486	2.68589e-05	0.000536565	0.349652	0.00634149	0.0458891	0.0102194	-0.0026995	0.0043131	0.000523439	0.000295472	2.19478	0.149274	0.943037	0.00747146	1.0	0.0160241	0.841579	0.0232859	0.234596	0.0200158	0.141553	0.000137844	0.44782	0.0142272	0.151764	0.0186633	-47246.1	4.0	5.79041e-07	-222014.0	7.0	0.000136617	1.0	13863.9	135.281	4614.66	85.6162	0.249731	0.00417901	1034.19	12.5516	
0.0-2.4	8.5-9.5	0.0-100.0	0.000-1.571	0.008	0.136	10626.0	10622.0	9106.32	103.498	1515.65	55.8356	-1.25818	0.110286	-0.05	0.0	0.391578	0.0531472	3.09329	0.000392333	0.044662	0.00173254	0.0259789	0.000892918	0.03	0.0	1.696	0.0	5.0	0.0	1.718	0.0	0.0345211	0.000701727	1.33225e-05	0.00459315	0.36298	0.00925803	0.0500628	0.0142661	0.00161968	0.00572458	0.000634146	0.000414547	2.25294	0.202615	0.938656	0.010427	0.996041	0.00550644	0.910397	0.032855	0.242582	0.0281497	0.412387	0.465844	0.453183	0.0210637	0.141051	4.30034e-08	-23540.2	4.0	8.34642e-07	-101874.0	7.0	1.76807e-05	1.0	6829.69	94.5267	2276.63	59.8287	0.250006	0.00592379	1044.54	18.5635	
0.0-2.4	9.5-11.0	0.0-100.0	0.000-1.571	0.008	0.128	9641.0	9633.0	8174.0	98.0496	1458.92	53.8393	-1.29901	0.11178	-0.05	0.0	0.5342	0.0545285	3.09286	0.000416416	0.0432811	0.00127989	0.0229238	0.00132578	0.03	0.0	1.696	0.0	5.0	0.0	1.718	0.0	0.0352912	0.000697877	2.86811e-05	0.000348843	0.360112	0.00899561	0.0230452	0.0104935	-0.00132346	0.00761159	-0.000769834	0.00040989	2.46487	0.337054	0.957557	0.0113936	0.933485	0.0126905	0.999993	2.19185	0.207155	0.0104142	0.140925	1.66684e-08	0.418108	0.00837042	0.142512	10.7528	-20745.7	4.0	0.000104722	-91286.8	7.0	1.62186e-05	1.0	5847.9	87.2526	2326.1	58.9143	0.284573	0.00634793	1017.74	17.1088	
0.4-0.8	6.5-30.0	0.0-100.0	0.000-1.571	0.008	0.073	10014.0	9977.0	8561.98	97.7447	1414.71	49.0542	-1.21654	0.111785	-0.05	0.0	0.388797	0.0725636	3.0942	0.000306998	0.0196293	0.000935243	0.0270965	0.0012052	0.03	0.0	1.696	0.0	5.0	0.0	1.718	0.0	0.0244656	0.000504584	2.82435e-05	0.000449249	0.360185	0.00832391	0.076506	0.0434519	-0.00258405	0.00354869	-0.000560884	0.000429032	1.67312	0.203336	0.97578	0.0122436	0.993141	0.906325	0.886845	0.192749	0.207264	0.018588	0.141434	1.22402	0.449284	0.0248728	0.14113	0.0581429	-23686.8	4.0	4.49372e-05	-97482.9	7.0	9.30221e-05	1.0	5969.66	86.6962	2592.32	61.2173	0.302771	0.00625891	1045.69	23.472	
0.8-1.2	6.5-30.0	0.0-100.0	0.000-1.571	0.008	0.145	13033.0	13029.0	11095.9	113.174	1933.18	60.3791	-1.1049	0.0961723	-0.05	0.0	0.549453	0.0569169	3.09338	0.000351483	0.0351609	0.000913931	0.0286165	0.00121611	0.03	0.0	1.696	0.0	5.0	0.0	1.718	0.0	0.0323765	0.000408206	1.00235e-05	0.00459466	0.380759	0.00850843	0.021701	0.00683238	-0.000835981	0.00729644	0.0011073	0.000361708	2.63751	0.286474	1.00855	0.00991401	0.99799	0.965322	0.955625	0.156314	0.359466	0.023416	0.140975	7.25004e-07	0.439552	0.0263884	0.221795	0.23951	-29242.8	4.0	6.68566e-07	-128111.0	7.0	5.81864e-06	1.0	8209.87	102.148	2885.99	65.4882	0.260096	0.00527221	1070.54	13.0124	
1.2-1.6	6.5-30.0	0.0-100.0	0.000-1.571	0.004	0.152	15972.0	15963.0	13836.4	128.887	2126.3	70.0079	-0.883998	0.0963332	-0.05	0.0	0.535742	0.0591357	3.08935	0.000382914	0.0339044	0.000912418	0.0476123	0.00203105	0.03	0.0	1.696	0.0	5.0	0.0	1.718	0.0	0.0408446	0.000711891	1.10187e-05	0.00459421	0.378074	0.00754104	0.0606589	0.0149845	-0.000791808	0.00423917	0.00107542	0.000349602	1.99894	0.146766	0.958082	0.00892569	1.0	6.5235	0.806253	0.0158093	0.326475	0.0106963	0.152193	5.21805	0.466871	0.0112348	0.140935	0.0123304	-33164.0	4.0	5.16716e-08	-158259.0	7.0	4.9559e-05	1.0	10149.6	115.98	3686.79	75.4467	0.266456	0.0048551	1051.01	14.3745	
1.6-2.0	6.5-30.0	0.0-100.0	0.000-1.571	0.004	0.145	15668.0	15656.0	13351.5	129.631	2304.49	75.8764	-1.34074	0.0978513	-0.05	0.0	0.754376	0.05814	3.08949	0.00044363	0.0420052	0.000871748	0.0639526	0.00466502	0.03	0.0	1.696	0.0	5.0	0.0	1.718	0.0	0.0483284	0.00107033	1.76494e-05	0.00459116	0.355623	0.0077441	0.0501204	0.0105066	0.00447381	0.00580861	0.00055362	0.000369828	2.34179	0.172123	0.931321	0.00868103	0.999634	222775.0	0.8341	23957.2	0.334748	4016.64	0.140888	511396.0	0.42675	93.0282	0.140943	1481.73	-30595.3	4.0	3.77089e-05	-153009.0	7.0	6.18453e-06	1.0	10088.2	118.573	3263.36	73.9586	0.244418	0.00500527	1048.21	15.4956	
1.6-2.4	3.0-30.0	0.0-100.0	0.000-1.571	0.004	0.24	87050.0	86934.0	72978.7	317.544	13956.0	204.482	-0.525407	0.0373121	-0.05	0.0	0.300727	0.0390261	3.08921	0.000207814	0.0663476	0.00196674	0.0430399	0.000682381	0.03	0.0	2.059	0.0	5.0	0.0	1.41	0.0	0.0511777	0.000650759	1.03367e-05	0.00459452	0.373708	0.40161	0.048199	0.00677046	0.00323956	0.0047584	0.00049033	0.00840459	2.28286	0.107063	0.877053	0.489806	0.817944	0.0	0.9999	0.0	0.604322	0.0	0.0846182	0.0	0.4172	0.0	0.483258	0.0	-1e+30	4.0	0.0	-990429.0	7.0	0.000140606	1.0	67650.7	26592.7	5327.95	26591.1	0.073007	0.364368	991.631	206.39	
1.6-2.4	3.0-4.5	0.0-100.0	0.000-1.571	0.024	0.24	31937.0	31866.0	26573.9	205.898	5291.6	145.303	0.139516	0.0620097	-0.05	0.0	0.236488	0.0512246	3.08924	0.000361813	0.0787616	0.00556366	0.0441997	0.0011391	0.03	0.0	2.04	0.0	5.0	0.0	1.31	0.0	0.0543933	0.00142598	2.69452e-05	0.00010696	0.3967	0.0102892	0.0920982	0.0334626	-0.00295184	0.0134997	-2.16404e-05	0.000461092	1.7428	0.171363	0.915153	0.00586553	1.0	0.00601674	0.51644	0.037511	0.431129	0.0265025	0.140893	1.32253e-07	0.466501	0.0205721	0.141117	0.0115235	-54108.9	4.0	2.73155e-07	-329379.0	7.0	0.000270354	1.0	23571.1	201.107	3002.83	87.355	0.112999	0.0031685	1019.86	22.6532	
1.6-2.4	3.0-5.5	0.0-100.0	0.000-1.571	0.024	0.24	50270.0	50168.0	41839.0	248.429	8329.04	167.899	-0.140365	0.0495576	-0.05	0.0	0.273095	0.0474942	3.08875	0.00028094	0.0699557	0.00313799	0.0433914	0.000894457	0.03	0.0	2.04	0.0	5.0	0.0	1.31	0.0	0.0520106	0.000937125	1.07449e-05	0.00459433	0.38265	0.00770156	0.0947176	0.0252455	-0.00210053	0.00695986	-0.000319123	0.000345524	1.7053	0.119034	0.9116	0.00470221	0.999452	0.00716377	0.600466	0.0388874	0.366049	0.0275768	0.140957	0.752282	0.4359	0.0141431	0.140892	0.0142234	-87680.8	4.0	7.18339e-07	-542524.0	7.0	8.08905e-05	1.0	36869.0	243.551	4970.0	110.737	0.118789	0.00255103	1013.78	16.149	
1.6-2.4	3.0-6.5	0.0-100.0	0.000-1.571	0.016	0.24	64498.0	64387.0	54019.4	278.041	10367.8	183.402	-0.27306	0.04421	-0.05	0.0	0.303345	0.0418985	3.08909	0.0002459	0.0681071	0.00231086	0.0429955	0.000788184	0.03	0.0	2.04	0.0	5.0	0.0	1.31	0.0	0.0519128	0.00076161	1.26007e-05	0.00459348	0.397183	0.00667249	0.0545752	0.0111807	0.00463949	0.00732318	7.95093e-05	0.000278817	2.11806	0.135123	0.930049	0.00401798	0.86142	0.0382228	0.747179	0.00312292	0.339494	0.0232443	0.140957	1.19453	0.396043	0.00255147	0.140895	1.14921e-09	-114794.0	4.0	1.34124e-05	-713213.0	7.0	5.83623e-05	1.0	47333.3	271.746	6686.12	125.204	0.123772	0.00222848	1030.83	12.5199	
1.6-2.4	4.5-5.5	0.0-100.0	0.000-1.571	0.024	0.192	18332.0	18296.0	15338.0	143.619	2957.98	90.803	-0.673463	0.0825322	-0.05	0.0	0.368429	0.0854842	3.08787	0.000446645	0.0591303	0.00257057	0.0422927	0.00135787	0.03	0.0	2.04	0.0	5.0	0.0	1.31	0.0	0.0491716	0.00100557	2.75213e-05	0.000465277	0.364825	0.01137	0.103514	0.0420907	-0.000476917	0.00793976	-0.000402705	0.000525429	1.6297	0.164957	0.911619	0.00792272	0.903718	0.0981594	0.854866	0.780193	0.319482	0.124538	0.140889	4.52506e-09	0.394051	0.0450832	0.140901	0.271795	-33686.4	4.0	5.31062e-05	-180248.0	7.0	4.93127e-05	1.0	13340.4	140.847	1997.54	67.7052	0.130235	0.00424244	1009.93	23.6983	
1.6-2.4	5.5-6.5	0.0-100.0	0.000-1.571	0.024	0.16	14228.0	14205.0	12196.1	128.268	2008.9	79.1284	-0.844135	0.100644	-0.05	0.0	0.405996	0.0897485	3.0903	0.000510256	0.0639871	0.00316321	0.0415848	0.00182329	0.03	0.0	2.04	0.0	5.0	0.0	1.31	0.0	0.0518604	0.00136501	1.00139e-05	0.00459467	0.4038	0.0122304	0.163974	0.0525224	0.00159916	0.00563014	0.00067059	0.000537039	1.56105	0.126401	0.884474	0.00943784	0.870141	0.182341	0.928138	0.370339	0.444474	0.0380597	0.140992	3.08914e-09	0.463011	0.0608036	0.140968	5.3997e-07	-27203.6	4.0	4.85654e-05	-136590.0	7.0	7.03509e-06	1.0	10341.2	122.608	1854.88	59.8707	0.152089	0.00464111	1026.45	26.6072	
1.6-2.4	6.5-30.0	0.0-100.0	0.000-1.571	0.008	0.188	22551.0	22543.0	19078.5	155.418	3464.63	92.3066	-1.21956	0.0764766	-0.05	0.0	0.612277	0.0510314	3.08997	0.000398724	0.0529646	0.00103328	0.0399278	0.00150468	0.03	0.0	1.696	0.0	5.0	0.0	1.718	0.0	0.0483292	0.000529578	1.30059e-05	0.00459329	0.36227	0.00680156	0.0446101	0.00857781	0.00265167	0.00592245	5.91418e-05	0.000319796	2.45063	0.167161	0.927586	0.00730297	0.999999	0.291089	0.85058	0.00634515	0.30916	0.00487528	0.502942	2.55806	0.409836	0.00428681	0.140927	0.00588191	-42533.0	4.0	3.55573e-05	-227514.0	7.0	4.75367e-06	1.0	14553.0	143.185	4525.44	88.3534	0.237201	0.00420866	1044.0	14.0677	
2.0-2.4	6.5-30.0	0.0-100.0	0.000-1.571	0.008	0.144	6883.0	6872.0	5809.92	88.3522	1061.8	55.2884	-1.07821	0.143032	-0.05	0.0	0.490751	0.1054	3.08942	0.000817409	0.061087	0.00263034	0.0461729	0.00232424	0.03	0.0	1.696	0.0	5.0	0.0	1.718	0.0	0.0540091	0.00118237	1.21911e-05	0.00459367	0.380943	0.0137278	0.0274908	0.012152	-0.01	0.0156797	-0.00139399	0.000645604	3.13309	0.601028	0.929755	0.0136517	0.996338	0.0906177	0.914357	0.132316	0.264986	0.0530833	0.140952	1.38615e-10	0.37455	0.0283544	0.140924	1.64205e-11	-12007.8	4.0	4.40253e-06	-60553.2	7.0	1.93055e-05	1.0	4509.78	82.2711	1300.14	49.5592	0.22378	0.00782189	1053.82	36.1048	
