weightedEff_TnPAtRD_3DEff_RapPtEffMap2
rap	pT	cent	dPhi	ctauErrMin	ctauErrMax	NoCutEntry	CutEntry	NSig	NSigErr	NBkg	NBkgErr	coefExp	coefExpErr	coefPol1	coefPol1Err	coeffGaus	coeffGausErr	meanSig1	meanSig1Err	sigmaSig1	sigmaSig1Err	sigmaSig2	sigmaSig2Err	sigmaSig3	sigmaSig3Err	alpha	alphaErr	enne	enneErr	enneW	enneWErr	sigWidth	sigWidthErr	Gmc	GmcErr	bTau	bTauErr	fracRes	fracResErr	meanResSigW	meanResSigWErr	meanResSigN	meanResSigNErr	sigmaResSigW	sigmaResSigWErr	sigmaResSigN	sigmaResSigNErr	fpm	fpmErr	fLiving	fLivingErr	fbkgCtTot	fbkgCtTotErr	lambdam	lambdamErr	lambdap	lambdapErr	lambdasym	lambdasymErr	NLL	nFitPar	EDM	NLLMass	nFitParMass	EDMMass	Prob	PROMPT	PROMPTErr	NON-PROMPT	NON-PROMPTErr	Bfraction	BfractionErr	Resolution	ResolutionErr	
0.0-0.4	6.5-30.0	0.0-100.0	0.000-1.571	0.008	0.105	8362.0	8349.0	7206.75	88.9588	1142.45	43.0016	-1.06826	0.121917	-0.05	0.0	0.416542	0.0711978	3.09369	0.000264082	0.0152635	0.000774225	0.0231146	0.000973106	0.03	0.0	1.696	0.0	5.0	0.0	1.718	0.0	0.0202182	0.000436484	1.23578e-05	0.0128429	0.36401	0.00967924	0.44677	0.141299	-0.000774749	0.00115443	0.000441748	0.000726261	1.18582	0.0694746	0.878682	0.01976	1.0	9.10492	0.863272	0.0311214	0.217032	0.0385269	0.14964	10.0267	0.357111	0.0196262	0.214389	0.0444058	-21817.7	4.0	5.99214e-07	-81490.8	7.0	4.18102e-05	1.0	5206.6	79.9494	2000.14	53.581	0.277538	0.0065985	1027.32	28.6038	
0.0-1.2	6.5-30.0	0.0-100.0	0.000-1.571	0.008	0.145	29857.0	29841.0	25769.4	169.774	4071.82	84.3928	-1.07404	0.0663834	-0.05	0.0	0.388436	0.0432192	3.09368	0.000187697	0.0186957	0.000698592	0.0315319	0.000795845	0.03	0.0	1.696	0.0	5.0	0.0	1.718	0.0	0.0272731	0.000391219	1.01594e-05	0.0045946	0.363595	0.00515558	0.0390389	0.0103328	-0.00174128	0.00308162	0.000314497	0.000239408	2.01564	0.13992	0.989415	0.00667795	1.0	1.41733	0.89349	0.0190051	0.270665	0.0167475	0.141293	8132.43	0.414331	0.0112784	0.171521	0.0272544	-71156.8	4.0	3.2121e-07	-322619.0	7.0	0.000168919	1.0	18632.6	153.056	7136.83	102.801	0.27695	0.00354755	1048.49	9.71915	
0.0-2.4	10.0-13.0	0.0-100.0	0.000-1.571	0.016	0.145	11754.0	11743.0	9999.62	108.222	1743.33	58.7594	-1.21647	0.10222	-0.05	0.0	0.446295	0.0415175	3.09343	0.000370511	0.0465425	0.00149939	0.0234333	0.000894466	0.03	0.0	1.696	0.0	5.0	0.0	1.718	0.0	0.0356485	0.000662572	1.2247e-05	0.0131685	0.381069	0.0081277	0.0307331	0.0102486	0.00215386	0.0052703	0.00042937	0.00036482	2.23785	0.221603	0.987239	0.011064	0.970238	0.0135131	0.998559	0.0640566	0.242899	0.0211739	0.140955	1.56956e-07	0.390904	0.0151632	0.141125	1.40316e-06	-24931.0	4.0	4.23443e-05	-113570.0	7.0	2.04121e-05	1.0	6933.24	94.7413	3066.38	66.6847	0.30665	0.00578427	1048.14	13.2504	
0.0-2.4	10.0-30.0	0.0-100.0	0.000-1.571	0.008	0.145	18584.0	18573.0	15543.0	135.431	3029.69	76.3009	-1.23485	0.0772931	-0.05	0.0	0.457233	0.0337369	3.09358	0.00029384	0.0454991	0.00116383	0.0229744	0.000718158	0.03	0.0	1.696	0.0	5.0	0.0	1.718	0.0	0.0351146	0.000521879	1.00498e-05	0.00459465	0.370665	0.00588523	0.0302029	0.00772777	-0.00137981	0.00391645	9.63793e-05	0.000279798	2.28455	0.177331	0.992562	0.00909162	1.0	0.000766699	0.94737	0.0136273	0.259886	0.0161043	0.895951	1.02542	0.414145	0.01242	0.140973	0.032661	-37617.0	4.0	1.67496e-06	-187614.0	7.0	4.5579e-05	1.0	10050.5	114.911	5492.49	88.4637	0.353374	0.00478676	1055.02	10.533	
0.0-2.4	11.0-13.0	0.0-100.0	0.000-1.571	0.016	0.128	6259.0	6246.0	5336.33	79.4467	909.613	43.412	-1.36782	0.146051	-0.05	0.0	0.336606	0.049989	3.09374	0.000509726	0.0535756	0.00305022	0.0250317	0.00107537	0.03	0.0	1.696	0.0	5.0	0.0	1.718	0.0	0.0371732	0.00108357	1.3286e-05	0.00173158	0.387036	0.0107103	0.0355118	0.0156699	0.00158552	0.00596226	0.000402896	0.000504576	2.10615	0.270396	1.00645	0.0158446	0.998606	0.94261	0.967846	0.774804	0.257439	0.0291179	0.1414	1.19716e-05	0.383455	0.0266226	0.141167	0.0884759	-12829.8	4.0	5.73229e-05	-56315.4	7.0	5.63059e-06	1.0	3552.51	68.2362	1783.83	50.6378	0.334279	0.0080795	1065.13	17.342	
0.0-2.4	13.0-16.0	0.0-100.0	0.000-1.571	0.008	0.073	4024.0	4010.0	3255.01	61.1417	754.989	35.1772	-1.09271	0.151048	-0.05	0.0	0.601145	0.059338	3.09364	0.000611343	0.0412253	0.00164827	0.0182474	0.00160741	0.03	0.0	1.696	0.0	5.0	0.0	1.718	0.0	0.0339775	0.000864256	1.46858e-05	0.0174207	0.369723	0.0121667	0.0676796	0.0420728	-0.00161228	0.00472737	-0.00057374	0.000617094	1.76756	0.263409	0.993516	0.0212295	1.0	51.9526	0.940575	0.0465409	0.27532	0.00800154	0.144925	57.539	0.442304	0.00643281	0.207747	0.0272876	-7797.94	4.0	9.41901e-06	-34281.4	7.0	1.46558e-06	1.0	1984.01	50.8454	1271.0	42.0283	0.390475	0.0106264	1063.82	27.4096	
0.0-2.4	13.0-30.0	0.0-100.0	0.000-1.571	0.008	0.073	6829.0	6814.0	5521.59	81.3815	1292.18	48.9188	-1.27013	0.117675	-0.05	0.0	0.502718	0.0624592	3.09391	0.000484045	0.0431555	0.00172758	0.021545	0.00142849	0.03	0.0	1.696	0.0	5.0	0.0	1.718	0.0	0.0341627	0.000871497	1.31401e-05	0.00459323	0.3619	0.0086314	0.0485635	0.0220664	-0.00239609	0.00416909	-0.000275927	0.000445154	1.93822	0.23009	0.998162	0.0162145	1.0	0.308595	0.960944	0.000625056	0.290488	0.00081353	0.146637	18.3099	0.437029	0.000824332	0.225971	0.00324589	-12766.8	4.0	9.82579e-06	-61680.3	7.0	1.53042e-05	1.0	3142.25	64.8502	2379.34	57.3626	0.430915	0.00822127	1063.19	19.0085	
0.0-2.4	16.0-30.0	0.0-100.0	0.000-1.571	0.008	0.056	2805.0	2794.0	2296.82	51.0778	497.161	28.4496	-1.39888	0.191883	-0.05	0.0	0.160443	0.0579469	3.09376	0.000770356	0.0151104	0.00268839	0.0368464	0.00166032	0.03	0.0	1.696	0.0	5.0	0.0	1.718	0.0	0.0342997	0.000892816	1.01425e-05	0.00459461	0.354733	0.0121746	0.0340288	0.0240391	-0.00317689	0.0069571	4.18866e-05	0.000646783	2.18001	0.438439	0.99724	0.0254921	1.0	54.3578	0.985902	0.397872	0.300787	0.0344784	0.140962	4315.01	0.427943	0.0400689	0.235127	0.202321	-4997.99	4.0	5.86422e-05	-22708.6	7.0	1.14578e-05	1.0	1175.44	39.3233	1121.38	38.5346	0.488232	0.0127904	1059.42	28.7124	
0.0-2.4	6.5-30.0	0.0-100.0	0.000-1.571	0.008	0.224	66344.0	66323.0	56609.7	258.408	9712.67	140.888	-1.11233	0.043148	-0.05	0.0	0.46092	0.0197361	3.09241	0.000166704	0.0471369	0.000618458	0.0255631	0.000426627	0.03	0.0	1.696	0.0	5.0	0.0	1.718	0.0	0.0370997	0.00028737	1.01537e-05	0.0045946	0.363443	0.00367375	0.0430903	0.00586459	-0.000930916	0.00240024	0.00043117	0.000168999	2.16125	0.0881168	0.962031	0.00436674	1.0	0.00891758	0.855629	0.0150315	0.294022	0.0124674	0.141208	2.38661e-05	0.420627	0.00797242	0.1409	0.0123166	-141329.0	4.0	1.25016e-05	-754328.0	7.0	3.06571e-05	1.0	41969.8	234.9	14639.9	151.462	0.258612	0.00240103	1042.54	6.8521	
0.0-2.4	6.5-7.5	0.0-100.0	0.000-1.571	0.008	0.168	19440.0	19428.0	16829.6	142.241	2598.62	77.4704	-0.746195	0.0839201	-0.05	0.0	0.45236	0.0426768	3.09106	0.000334699	0.0498521	0.00124186	0.0288058	0.000943253	0.03	0.0	1.696	0.0	5.0	0.0	1.718	0.0	0.0397321	0.000597398	2.82935e-05	5.56844e-05	0.386763	0.00855003	0.0564692	0.0173463	0.0089199	0.0166626	0.000535343	0.000368027	1.98278	0.173627	0.971515	0.00786406	1.0	0.0130732	0.792477	0.0338681	0.415984	0.0239746	0.140994	0.00144683	0.416061	0.0181387	0.140997	2.54394e-09	-42135.7	4.0	9.26176e-05	-196684.0	7.0	5.89224e-05	1.0	13658.9	134.282	3170.76	73.6415	0.188403	0.00407569	1054.77	15.7314	
0.0-2.4	6.5-8.0	0.0-100.0	0.000-1.571	0.008	0.168	27391.0	27375.0	23597.1	166.581	3777.64	88.9812	-0.854409	0.0685882	-0.05	0.0	0.506142	0.0309077	3.09125	0.000277188	0.0485077	0.000885291	0.0269246	0.000738403	0.03	0.0	1.696	0.0	5.0	0.0	1.718	0.0	0.0393569	0.000440428	1.01726e-05	0.00459459	0.386829	0.00704751	0.0575665	0.0136708	0.00223244	0.00490816	0.00065644	0.000301746	2.00934	0.138671	0.956516	0.00656684	1.0	0.00641184	0.739535	0.0232629	0.308124	0.0152408	0.140991	4.1521e-06	0.401807	0.0136751	0.140998	9.82092e-10	-59438.7	4.0	5.28707e-06	-286661.0	7.0	2.50866e-05	1.0	18978.5	156.994	4618.67	88.0942	0.19573	0.00346815	1046.27	13.069	
0.0-2.4	7.5-8.5	0.0-100.0	0.000-1.571	0.016	0.136	14662.0	14642.0	12502.4	120.926	2139.73	65.2664	-1.19066	0.0920298	-0.05	0.0	0.550128	0.0433972	3.09181	0.000357809	0.0457688	0.00103582	0.0241324	0.00115604	0.03	0.0	1.696	0.0	5.0	0.0	1.718	0.0	0.0376084	0.000581746	3.14286e-05	0.000250139	0.360762	0.00852603	0.0553303	0.0153335	-0.00751865	0.00510012	0.00184059	0.000383507	2.03235	0.165519	0.945458	0.00912244	1.0	0.0191117	0.713804	0.052563	0.271637	0.0395104	0.141375	3.27431e-05	0.436206	0.0205929	0.140907	0.0246757	-32009.5	4.0	5.96216e-05	-144454.0	7.0	3.04096e-05	1.0	9734.17	112.304	2768.19	66.8171	0.221414	0.00489651	1035.84	15.4807	
0.0-2.4	8.0-10.0	0.0-100.0	0.000-1.571	0.016	0.136	20368.0	20355.0	17450.0	143.735	2904.97	78.1431	-1.31885	0.08027	-0.05	0.0	0.41204	0.0391214	3.09272	0.000291813	0.0457269	0.00121657	0.0263697	0.000722256	0.03	0.0	1.696	0.0	5.0	0.0	1.718	0.0	0.0356426	0.000524139	2.68589e-05	0.000536565	0.344414	0.00652562	0.0458566	0.0102235	-0.00269923	0.00431292	0.000575995	0.000303221	2.19475	0.149276	0.942904	0.0076717	0.995748	0.0148081	0.842494	0.0632025	0.237438	0.029211	0.275065	0.348783	0.441082	0.0188992	0.14105	6.86295e-10	-44954.4	4.0	1.00364e-05	-208053.0	7.0	1.81121e-06	1.0	13180.0	131.85	4270.02	82.6763	0.2447	0.00428778	1034.02	12.5769	
0.0-2.4	8.5-9.5	0.0-100.0	0.000-1.571	0.016	0.128	9999.0	9992.0	8588.81	100.46	1403.14	53.9022	-1.24296	0.114943	-0.05	0.0	0.391498	0.0560848	3.09328	0.000406348	0.0449194	0.00172583	0.0261741	0.000996798	0.03	0.0	1.696	0.0	5.0	0.0	1.718	0.0	0.0347393	0.000729623	3.19624e-05	0.000279237	0.35606	0.00953408	0.0499415	0.0140142	0.00162356	0.00570947	0.00070664	0.000424902	2.25507	0.199829	0.938083	0.0106933	0.996502	0.643536	0.908419	0.0513756	0.251227	0.124613	0.40804	0.454247	0.444761	0.0195217	0.14118	0.616661	-22435.6	4.0	2.74233e-07	-95235.2	7.0	1.56953e-05	1.0	6498.86	92.1967	2089.95	57.6157	0.243334	0.0060745	1044.04	18.3343	
0.0-2.4	9.5-11.0	0.0-100.0	0.000-1.571	0.016	0.128	9152.0	9145.0	7780.98	95.5905	1364.1	52.149	-1.28334	0.115491	-0.05	0.0	0.531229	0.055449	3.09288	0.000427188	0.0434264	0.00132093	0.0229665	0.00134491	0.03	0.0	1.696	0.0	5.0	0.0	1.718	0.0	0.0353423	0.000715328	2.86811e-05	0.000348843	0.355905	0.00923393	0.0230131	0.0104981	-0.00132242	0.00761127	-0.000715498	0.000417904	2.46485	0.337074	0.956451	0.0116274	0.944291	0.173445	0.964177	0.769536	0.208533	0.0380511	0.141049	0.246307	0.418653	0.0305156	0.141154	7.75092e-07	-19940.2	4.0	1.17915e-06	-86232.3	7.0	4.3313e-05	1.0	5609.99	85.3914	2170.99	57.0362	0.279012	0.00647941	1016.64	17.1603	
0.4-0.8	6.5-30.0	0.0-100.0	0.000-1.571	0.008	0.073	9273.0	9240.0	7941.1	94.0922	1298.89	47.021	-1.20602	0.116555	-0.05	0.0	0.401121	0.073897	3.09418	0.000316922	0.0196591	0.000928995	0.0273589	0.00124176	0.03	0.0	1.696	0.0	5.0	0.0	1.718	0.0	0.024562	0.000517614	2.82435e-05	0.000449249	0.353107	0.00854921	0.076506	0.0434519	-0.00258405	0.00354869	-0.000522049	0.000442355	1.67312	0.203336	0.976342	0.012689	0.987208	0.808087	0.896259	0.228738	0.214323	0.0258286	0.140932	0.854358	0.44124	0.032129	0.142183	0.10125	-22167.2	4.0	6.6128e-07	-89605.8	7.0	1.3189e-05	1.0	5564.15	83.704	2376.94	58.7624	0.299322	0.00649449	1046.17	23.4964	
0.8-1.2	6.5-30.0	0.0-100.0	0.000-1.571	0.008	0.145	12221.0	12218.0	10426.7	109.654	1791.37	58.2127	-1.10712	0.0999861	-0.05	0.0	0.550488	0.0585492	3.09343	0.000362354	0.0351283	0.000950461	0.0286037	0.00128266	0.03	0.0	1.696	0.0	5.0	0.0	1.718	0.0	0.0323586	0.000425413	1.00235e-05	0.00459466	0.373729	0.00869508	0.021701	0.00683238	-0.000835981	0.00729644	0.00110982	0.000369587	2.63751	0.286474	1.00658	0.0101898	0.985769	0.0714288	0.97536	0.0616829	0.362077	0.109061	0.267864	0.400144	0.428701	0.0170937	0.141611	4.85026	-27786.4	4.0	8.65594e-05	-119420.0	7.0	6.61695e-06	1.0	7752.46	99.2404	2674.22	63.1854	0.256478	0.00542658	1068.73	13.081	
1.2-1.6	6.5-30.0	0.0-100.0	0.000-1.571	0.008	0.152	14764.0	14756.0	12816.2	123.946	1939.96	66.9709	-0.88481	0.100705	-0.05	0.0	0.541364	0.0607676	3.08945	0.000397114	0.0341292	0.00094416	0.0474141	0.00210825	0.03	0.0	1.696	0.0	5.0	0.0	1.718	0.0	0.0407632	0.000724575	1.10187e-05	0.00459421	0.369359	0.00782325	0.0606482	0.0149893	-0.000791752	0.00423923	0.00115891	0.000357135	1.99894	0.146804	0.956166	0.0091839	1.0	10125.0	0.805317	0.305153	0.336378	0.0582834	0.141099	15189.9	0.460735	0.019703	0.140949	2.22218e-10	-31334.8	4.0	3.78934e-05	-145226.0	7.0	2.75614e-05	1.0	9512.57	112.135	3303.64	71.6363	0.25777	0.00500281	1049.35	14.438	
1.6-2.0	6.5-30.0	0.0-100.0	0.000-1.571	0.008	0.145	14878.0	14868.0	12698.3	126.412	2169.75	73.8285	-1.32201	0.101427	-0.05	0.0	0.754612	0.0614578	3.08955	0.000456126	0.0421256	0.00089177	0.0637621	0.00498611	0.03	0.0	1.696	0.0	5.0	0.0	1.718	0.0	0.04834	0.00112578	1.76494e-05	0.00459116	0.354119	0.0079824	0.0500984	0.0105086	0.0044738	0.00580856	0.000659746	0.000380089	2.34179	0.172122	0.93271	0.00891431	0.999662	0.602106	0.828997	0.0839665	0.338894	0.0172993	0.140888	0.906126	0.427296	0.0132457	0.140941	4.82414e-09	-29227.3	4.0	4.74934e-05	-144576.0	7.0	1.02156e-05	1.0	9640.62	115.892	3057.65	71.7397	0.240793	0.0051158	1049.33	15.4981	
1.6-2.4	3.0-30.0	0.0-100.0	0.000-1.571	0.008	0.24	76929.0	76831.0	64645.4	298.103	12185.9	190.794	-0.525264	0.0400045	-0.05	0.0	0.310855	0.041683	3.08929	0.000221327	0.0659817	0.00199059	0.043068	0.000730264	0.03	0.0	2.059	0.0	5.0	0.0	1.41	0.0	0.0512991	0.000678699	1.03367e-05	0.00459452	0.373708	0.40161	0.0481881	0.00677161	0.00323962	0.00475838	0.000490334	0.00840459	2.28286	0.107071	0.877053	0.489806	0.817944	0.0	0.9999	0.0	0.604322	0.0	0.0846182	0.0	0.4172	0.0	0.483258	0.0	-1e+30	4.0	0.0	-866069.0	7.0	8.58104e-05	1.0	59925.8	23556.3	4719.57	23554.7	0.073007	0.364368	991.607	206.398	
1.6-2.4	3.0-4.5	0.0-100.0	0.000-1.571	0.032	0.24	26484.0	26425.0	22044.0	185.218	4380.52	128.972	0.169459	0.0683395	-0.05	0.0	0.252412	0.056129	3.08933	0.000398217	0.0775039	0.00544076	0.0440702	0.00124299	0.03	0.0	2.04	0.0	5.0	0.0	1.31	0.0	0.0544808	0.00148036	2.69452e-05	0.00010696	0.400172	0.0113161	0.0920881	0.0334652	-0.00295161	0.0134999	-0.000117365	0.000507259	1.7428	0.171364	0.918367	0.00646535	1.0	51.9714	0.516205	1.42876	0.425275	0.912355	0.140893	836183.0	0.463089	0.0741548	0.1411	0.287845	-44779.3	4.0	1.18506e-06	-268188.0	7.0	0.000246795	1.0	19542.2	181.171	2501.85	79.3987	0.113493	0.0034733	1022.46	22.5854	
1.6-2.4	3.0-5.5	0.0-100.0	0.000-1.571	0.032	0.24	42670.0	42585.0	35579.6	228.838	7004.68	154.202	-0.117701	0.0542898	-0.05	0.0	0.282448	0.0521244	3.08884	0.00030544	0.0695129	0.00326251	0.0434162	0.000978185	0.03	0.0	2.04	0.0	5.0	0.0	1.31	0.0	0.0521283	0.00100283	1.07449e-05	0.00459433	0.389625	0.00836115	0.094709	0.0252478	-0.0021005	0.00695988	-9.71454e-05	0.000373369	1.7053	0.119036	0.910539	0.00510131	0.869594	0.0509127	0.693951	0.00975367	0.344401	0.038695	0.140955	0.75145	0.392803	0.00423007	0.140891	1.56199e-09	-74631.9	4.0	3.63311e-05	-453635.0	7.0	6.59032e-05	1.0	31349.4	224.028	4230.27	101.363	0.118896	0.00274435	1012.91	16.1929	
1.6-2.4	3.0-6.5	0.0-100.0	0.000-1.571	0.024	0.24	55207.0	55113.0	46337.2	257.142	8776.54	169.006	-0.253958	0.0482113	-0.05	0.0	0.314801	0.0454874	3.08917	0.000266472	0.0678655	0.0023864	0.0429786	0.000864653	0.03	0.0	2.04	0.0	5.0	0.0	1.31	0.0	0.052111	0.000813247	1.26007e-05	0.00459348	0.396035	0.00718611	0.0545625	0.0111846	0.00463993	0.00732306	0.000122226	0.000300053	2.11805	0.135133	0.931456	0.00434408	0.848158	0.0434678	0.758936	0.0037804	0.342756	0.0254056	0.140958	1.22901	0.394777	0.00270945	0.140895	1.02564e-09	-98731.7	4.0	9.39791e-06	-602028.0	7.0	4.74132e-05	1.0	40613.1	251.365	5724.08	115.752	0.123531	0.00240213	1032.01	12.5222	
1.6-2.4	4.5-5.5	0.0-100.0	0.000-1.571	0.032	0.24	16185.0	16159.0	13589.5	135.407	2569.68	85.5287	-0.644487	0.0890479	-0.05	0.0	0.366393	0.0921175	3.08804	0.000476532	0.0594038	0.00277725	0.0425304	0.00147022	0.03	0.0	2.04	0.0	5.0	0.0	1.31	0.0	0.0493865	0.00108567	1.34774e-05	0.00459308	0.361018	0.0120342	0.0968683	0.0381653	-0.00131341	0.00820374	-0.000472036	0.000554758	1.67064	0.166896	0.912758	0.00835204	1.0	118809.0	0.708502	10.293	0.317286	2.76944	0.140992	205604.0	0.406496	0.640642	0.140926	8.10475e-10	-29966.7	4.0	7.10711e-05	-157234.0	7.0	7.45435e-05	1.0	11832.9	132.901	1756.51	63.7773	0.129255	0.00451297	1011.33	23.0456	
1.6-2.4	5.5-6.5	0.0-100.0	0.000-1.571	0.024	0.16	12537.0	12517.0	10772.7	120.008	1744.11	73.2844	-0.81687	0.107792	-0.05	0.0	0.412918	0.0922995	3.09029	0.000546319	0.0645481	0.00328262	0.0415642	0.00194425	0.03	0.0	2.04	0.0	5.0	0.0	1.31	0.0	0.0522938	0.00143656	1.00139e-05	0.00459467	0.399806	0.0130509	0.163974	0.0525224	0.00159916	0.00563014	0.000690034	0.00056958	1.56105	0.126401	0.883315	0.010004	0.888333	22.4638	0.897085	26.393	0.450563	0.939999	0.140989	7.46337	0.460765	1.82205	0.14102	8.46456e-06	-24154.4	4.0	3.21715e-05	-118772.0	7.0	9.7858e-06	1.0	9165.72	115.024	1607.0	55.9045	0.149173	0.00491619	1025.62	26.6759	
1.6-2.4	6.5-30.0	0.0-100.0	0.000-1.571	0.008	0.145	21722.0	21701.0	18400.9	153.28	3300.19	91.6124	-1.18915	0.0793332	-0.05	0.0	0.603399	0.0552144	3.09004	0.000407622	0.0531273	0.00104367	0.0404459	0.00166739	0.03	0.0	1.696	0.0	5.0	0.0	1.718	0.0	0.0484963	0.000555974	1.29716e-05	0.00459331	0.361204	0.00696986	0.0442027	0.00851553	0.00268898	0.00598713	0.000176035	0.000326451	2.47355	0.172851	0.928777	0.00744025	0.963203	0.146958	0.910455	0.141326	0.309047	0.0428791	0.140947	0.353648	0.398206	0.0177321	0.140895	5.33022e-09	-41174.7	4.0	1.71955e-06	-218191.0	7.0	7.11656e-06	1.0	14112.2	141.43	4288.72	86.369	0.233071	0.00427338	1046.4	14.3475	
2.0-2.4	6.5-30.0	0.0-100.0	0.000-1.571	0.016	0.145	6843.0	6829.0	5783.38	88.0092	1045.61	54.8284	-1.03818	0.143815	-0.05	0.0	0.491818	0.105015	3.08948	0.000821924	0.0610847	0.00260879	0.0465595	0.00226865	0.03	0.0	1.696	0.0	5.0	0.0	1.718	0.0	0.054192	0.00115842	1.23538e-05	0.00459359	0.377234	0.0138334	0.0274227	0.0121692	-0.01	0.0156609	-0.00127577	0.000647355	3.12971	0.59902	0.930319	0.0136702	0.995757	1.36058	0.915113	0.223991	0.257824	0.0370349	0.141069	1.84955	0.373334	0.0171147	0.14095	5.22188e-11	-12035.0	4.0	9.61243e-06	-60134.4	7.0	4.63655e-05	1.0	4515.68	82.2756	1267.69	49.1861	0.219196	0.00782331	1053.74	35.975	
