weightedEff_noTnPCorr_RapPtEffForw_noLxyzEff
rap	pT	cent	dPhi	ctauErrMin	ctauErrMax	NoCutEntry	CutEntry	NSig	NSigErr	NBkg	NBkgErr	coefExp	coefExpErr	coefPol1	coefPol1Err	coeffGaus	coeffGausErr	meanSig1	meanSig1Err	sigmaSig1	sigmaSig1Err	sigmaSig2	sigmaSig2Err	sigmaSig3	sigmaSig3Err	alpha	alphaErr	enne	enneErr	enneW	enneWErr	sigWidth	sigWidthErr	Gmc	GmcErr	bTau	bTauErr	fracRes	fracResErr	meanResSigW	meanResSigWErr	meanResSigN	meanResSigNErr	sigmaResSigW	sigmaResSigWErr	sigmaResSigN	sigmaResSigNErr	fpm	fpmErr	fLiving	fLivingErr	fbkgCtTot	fbkgCtTotErr	lambdam	lambdamErr	lambdap	lambdapErr	lambdasym	lambdasymErr	NLL	nFitPar	EDM	NLLMass	nFitParMass	EDMMass	Prob	PROMPT	PROMPTErr	NON-PROMPT	NON-PROMPTErr	Bfraction	BfractionErr	Resolution	ResolutionErr	
0.0-0.4	6.5-30.0	0.0-100.0	0.000-1.571	0.008	0.073	9342.0	9317.0	8066.9	94.0406	1249.99	45.0201	-1.03026	0.116498	-0.05	0.0	0.416802	0.0672639	3.09362	0.000250237	0.0153094	0.000723442	0.0231503	0.000928626	0.03	0.0	1.696	0.0	5.0	0.0	1.718	0.0	0.0202545	0.000414075	1.22083e-05	0.0133319	0.363528	0.00930797	0.433101	0.143037	-0.000819428	0.00118745	0.000292869	0.000674543	1.19183	0.0722132	0.880008	0.018158	0.991765	0.727456	0.87904	0.0420583	0.22092	0.0459939	0.141077	0.818884	0.352048	0.0188381	0.225277	0.37155	-24585.9	4.0	2.90357e-06	-92032.2	7.0	8.8251e-06	1.0	5890.56	84.9412	2176.34	56.064	0.269787	0.00619753	1026.75	29.2441	
0.0-1.2	6.5-30.0	0.0-100.0	0.000-1.571	0.008	0.112	33981.0	33937.0	29352.7	181.16	4583.98	89.7061	-1.04732	0.0625279	-0.05	0.0	0.380231	0.0405359	3.0936	0.000176584	0.0186574	0.000677119	0.0315276	0.000731515	0.03	0.0	1.696	0.0	5.0	0.0	1.718	0.0	0.0273569	0.000364968	1.00951e-05	0.00459463	0.364606	0.00493403	0.0484638	0.0133743	-0.00131589	0.00269268	0.000421451	0.000228	1.88988	0.128873	0.98604	0.00627472	0.990224	0.0900681	0.900746	0.0398617	0.271197	0.061104	0.303073	0.135846	0.414438	0.0117415	0.140893	0.269029	-81311.9	4.0	1.15498e-05	-371284.0	7.0	1.51984e-05	1.0	21465.5	164.082	7887.19	108.356	0.268704	0.00329801	1047.97	10.4108	
0.0-2.4	10.0-13.0	0.0-100.0	0.000-1.571	0.008	0.112	12555.0	12530.0	10648.3	111.874	1882.04	61.2356	-1.23385	0.0984936	-0.05	0.0	0.469439	0.0417541	3.09333	0.000362057	0.0464185	0.0013849	0.0231299	0.000957983	0.03	0.0	1.696	0.0	5.0	0.0	1.718	0.0	0.0359908	0.000650474	1.21795e-05	0.0134262	0.380579	0.00789805	0.0307053	0.0102353	0.0021537	0.00527803	0.000410657	0.000353267	2.24087	0.222719	0.98409	0.0106791	0.968604	0.115545	1.0	0.0706332	0.248616	0.0875544	0.141595	0.787416	0.391227	0.0141665	0.140988	1.52393e-07	-26530.0	4.0	0.000100904	-121890.0	7.0	8.73029e-05	1.0	7404.2	98.0078	3244.05	68.6715	0.304656	0.00559871	1045.41	13.2618	
0.0-2.4	10.0-30.0	0.0-100.0	0.000-1.571	0.008	0.112	19567.0	19541.0	16324.1	139.308	3216.92	79.3639	-1.24777	0.0751491	-0.05	0.0	0.468364	0.0347991	3.09347	0.000288567	0.0456674	0.00113234	0.0228356	0.000778797	0.03	0.0	1.696	0.0	5.0	0.0	1.718	0.0	0.035412	0.000531419	1.00593e-05	0.00459465	0.371582	0.00578766	0.0339606	0.00891232	-0.00094478	0.00361098	8.66803e-05	0.000274145	2.18057	0.167362	0.987947	0.00887337	0.971029	0.00784022	0.999995	0.013855	0.266626	0.0151158	0.141028	0.0340063	0.408889	0.0117375	0.141197	6.48336e-08	-39462.0	4.0	6.41235e-06	-198230.0	7.0	7.18534e-05	1.0	10605.4	118.278	5718.73	90.4444	0.350325	0.00466473	1050.89	10.733	
0.0-2.4	11.0-13.0	0.0-100.0	0.000-1.571	0.008	0.112	6599.0	6585.0	5609.73	81.2697	975.382	44.3869	-1.35938	0.140337	-0.05	0.0	0.3721	0.0482935	3.09362	0.000500763	0.0526478	0.0026012	0.0244487	0.00108679	0.03	0.0	1.696	0.0	5.0	0.0	1.718	0.0	0.037506	0.00100037	1.04076e-05	0.00459449	0.386862	0.0104671	0.0356577	0.0157072	0.00158333	0.00595126	0.000341456	0.000490604	2.10552	0.270331	1.00091	0.0153573	0.999916	9.20032	0.959591	0.108618	0.266235	0.0430603	0.140973	12.8604	0.386263	0.010887	0.141027	1.75471e-07	-13477.6	4.0	8.16343e-05	-59660.6	7.0	6.6977e-05	1.0	3743.86	69.9277	1865.88	51.7571	0.332614	0.00786798	1060.27	17.3775	
0.0-2.4	13.0-16.0	0.0-100.0	0.000-1.571	0.008	0.081	4164.0	4159.0	3369.28	62.415	789.714	36.2653	-1.10302	0.147959	-0.05	0.0	0.581206	0.059333	3.0935	0.000601494	0.0419553	0.00173301	0.0186662	0.00155422	0.03	0.0	1.696	0.0	5.0	0.0	1.718	0.0	0.0341904	0.000888059	2.11265e-05	10.8791	0.372252	0.0120894	0.0661462	0.04102	-0.00168051	0.0047893	-0.000609316	0.000609443	1.77416	0.264604	0.993323	0.0209141	0.971174	0.0130728	1.0	11.5037	0.277442	0.0324771	0.21274	0.0830106	0.436394	0.027354	0.259166	27.9821	-8028.07	4.0	8.28371e-06	-35664.9	7.0	2.32442e-06	1.0	2057.61	51.9573	1311.67	42.8612	0.389302	0.0104795	1062.84	27.0449	
0.0-2.4	13.0-30.0	0.0-100.0	0.000-1.571	0.008	0.081	7012.0	7005.0	5667.16	82.5794	1337.48	49.8675	-1.27593	0.115831	-0.05	0.0	0.47941	0.0595805	3.09378	0.000481383	0.0439244	0.00183954	0.0220014	0.00131546	0.03	0.0	1.696	0.0	5.0	0.0	1.718	0.0	0.0343067	0.000872192	1.02238e-05	0.00459457	0.364155	0.00861348	0.0480882	0.0218371	-0.00242622	0.00419284	-0.000362114	0.000441547	1.94086	0.230379	0.997808	0.0160184	1.0	0.309224	0.962482	0.100524	0.290998	0.197268	0.14877	0.0169687	0.436398	0.157	0.236106	0.630372	-13043.8	4.0	6.98528e-06	-63545.0	7.0	8.24416e-05	1.0	3233.55	65.9135	2433.61	58.1551	0.429423	0.00813321	1062.49	18.8789	
0.0-2.4	16.0-30.0	0.0-100.0	0.000-1.571	0.008	0.056	2847.0	2835.0	2321.97	51.3944	513.021	28.8524	-1.40683	0.189026	-0.05	0.0	0.158386	0.0585424	3.09368	0.000766441	0.0150717	0.00275408	0.0367718	0.0016659	0.03	0.0	1.696	0.0	5.0	0.0	1.718	0.0	0.0342634	0.00089786	1.01425e-05	0.00459461	0.356453	0.0122252	0.0340288	0.0240391	-0.00317689	0.0069571	-7.63586e-05	0.000644536	2.18001	0.438439	0.997526	0.0253065	1.0	0.254816	0.985799	0.026305	0.301396	0.078071	0.140949	32.7951	0.427137	0.0668496	0.236279	0.428552	-5044.37	4.0	5.62468e-05	-23063.2	7.0	1.01455e-05	1.0	1192.23	39.6245	1129.74	38.7173	0.486545	0.0127302	1059.68	28.6703	
0.0-2.4	6.5-30.0	0.0-100.0	0.000-1.571	0.004	0.196	78492.0	78460.0	66934.2	282.357	11525.6	155.919	-1.09623	0.0397315	-0.05	0.0	0.473275	0.0200815	3.09219	0.000155271	0.0472077	0.000558919	0.0257224	0.00046046	0.03	0.0	1.696	0.0	5.0	0.0	1.718	0.0	0.0374597	0.000280742	1.01457e-05	1.75103e-06	0.364563	0.00344972	0.0430525	0.00586129	-0.000932797	0.00240231	0.000476153	0.000157811	2.16238	0.0883053	0.962637	0.00399726	1.0	0.00712044	0.844664	0.0116429	0.303291	0.00973482	0.141084	7.97849e-12	0.42213	0.0074698	0.1409	4.77881e-12	-166935.0	4.0	1.56855e-06	-905002.0	7.0	1.0602e-05	1.0	50106.5	257.501	16827.7	163.304	0.251406	0.0021972	1043.11	6.81044	
0.0-2.4	6.5-7.5	0.0-100.0	0.000-1.571	0.008	0.176	25828.0	25813.0	22318.9	163.546	3494.23	89.0086	-0.754588	0.0721158	-0.05	0.0	0.480688	0.0369561	3.0909	0.00029067	0.0490603	0.000992233	0.0283627	0.000845068	0.03	0.0	1.696	0.0	5.0	0.0	1.718	0.0	0.0396829	0.000500717	1.0013e-05	0.00459467	0.388897	0.00751695	0.0565306	0.0172979	0.00889207	0.0165632	0.000615152	0.000321216	1.98132	0.172537	0.975809	0.00682464	1.0	1.81958	0.784785	0.0476233	0.42052	0.0206556	0.140994	7903.43	0.419593	0.0166439	0.141038	3.36407e-09	-55946.4	4.0	3.79994e-06	-268663.0	7.0	3.42373e-06	1.0	18166.9	154.578	4152.02	84.2541	0.186031	0.00352029	1058.44	15.4834	
0.0-2.4	6.5-8.0	0.0-100.0	0.000-1.571	0.008	0.176	35559.0	35538.0	30598.8	189.507	4938.93	101.181	-0.858226	0.0599221	-0.05	0.0	0.520634	0.0271506	3.09108	0.000244094	0.048039	0.000743496	0.0268955	0.000657169	0.03	0.0	1.696	0.0	5.0	0.0	1.718	0.0	0.0393477	0.000376996	1.06881e-05	0.00459436	0.387773	0.00624263	0.0576128	0.0136665	0.00221989	0.00490396	0.000708859	0.00026677	2.00795	0.138209	0.959522	0.0057701	0.999996	0.00488281	0.734732	0.0206507	0.314919	0.0134246	0.140991	7.28116e-07	0.404616	0.0121916	0.141012	1.39955e-09	-77028.1	4.0	9.73939e-06	-381368.0	7.0	1.4671e-05	1.0	24666.4	178.833	5932.39	99.9682	0.193876	0.00303841	1048.77	12.9235	
0.0-2.4	7.5-8.5	0.0-100.0	0.000-1.571	0.008	0.136	17683.0	17659.0	15066.9	133.497	2592.19	73.1183	-1.2041	0.0839512	-0.05	0.0	0.551363	0.0430733	3.09167	0.000329582	0.0458592	0.000965693	0.024574	0.00117018	0.03	0.0	1.696	0.0	5.0	0.0	1.718	0.0	0.0378216	0.000561673	3.14286e-05	0.000250139	0.360287	0.00775829	0.0553572	0.0153282	-0.00751851	0.00509998	0.00182136	0.000351061	2.03235	0.165504	0.944254	0.00830345	1.0	0.137268	0.703788	0.0452322	0.27224	0.034134	0.141115	1551.75	0.437892	0.0186912	0.140959	0.0212492	-38407.6	4.0	3.59415e-05	-177407.0	7.0	4.67033e-06	1.0	11728.9	123.851	3338.0	73.5798	0.221545	0.00447166	1034.85	15.4138	
0.0-2.4	8.0-10.0	0.0-100.0	0.000-1.571	0.008	0.152	23365.0	23363.0	19993.9	154.028	3369.05	84.2043	-1.30519	0.0745296	-0.05	0.0	0.412327	0.0361634	3.09263	0.000275467	0.0464057	0.00116369	0.0265724	0.000671294	0.03	0.0	1.696	0.0	5.0	0.0	1.718	0.0	0.0360956	0.000497642	2.62826e-05	0.000708523	0.344484	0.00612407	0.0467928	0.0103449	-0.00257908	0.00426269	0.000619831	0.000284526	2.18476	0.146934	0.941806	0.00715415	1.0	0.0129565	0.836584	0.0231974	0.24239	0.0196152	0.141294	1.25799e-06	0.439335	0.0136518	0.149381	0.0175416	-51222.5	4.0	8.99465e-06	-241729.0	7.0	9.32963e-06	1.0	15130.4	141.431	4863.5	88.4322	0.24325	0.00400637	1033.85	12.5273	
0.0-2.4	8.5-9.5	0.0-100.0	0.000-1.571	0.008	0.145	11368.0	11368.0	9757.89	107.242	1610.22	57.8965	-1.22575	0.107272	-0.05	0.0	0.395572	0.0521292	3.09321	0.000385045	0.0456025	0.0016564	0.0262687	0.000938321	0.03	0.0	1.696	0.0	5.0	0.0	1.718	0.0	0.0352095	0.000699522	3.09607e-05	0.000394481	0.356384	0.00897392	0.0500062	0.0142607	0.00162795	0.00572661	0.000720045	0.000399848	2.25229	0.202408	0.936931	0.00999624	0.99636	0.214859	0.908685	0.0448455	0.254838	0.117481	0.403195	0.38786	0.441864	0.0184966	0.140967	0.523466	-25355.7	4.0	2.99702e-06	-109688.0	7.0	1.39496e-05	1.0	7389.83	98.4505	2368.06	61.4308	0.242681	0.00570261	1042.89	18.5287	
0.0-2.4	9.5-11.0	0.0-100.0	0.000-1.571	0.008	0.128	9999.0	9991.0	8468.03	100.135	1522.76	55.5056	-1.28112	0.109415	-0.05	0.0	0.534209	0.0552688	3.09282	0.0004133	0.0436715	0.00129282	0.0231514	0.0013633	0.03	0.0	1.696	0.0	5.0	0.0	1.718	0.0	0.0356161	0.000710537	2.86811e-05	0.000348843	0.355385	0.00888797	0.0230452	0.0104935	-0.00132346	0.00761159	-0.000701763	0.000401197	2.46487	0.337054	0.955482	0.0111151	0.941565	0.117081	0.97226	0.935083	0.213213	0.0801941	0.141091	4.09919e-07	0.416018	0.0387665	0.140918	0.741421	-21617.1	4.0	5.52362e-05	-94951.1	7.0	7.09702e-06	1.0	6118.88	89.4718	2349.15	59.5101	0.277414	0.00621499	1015.83	17.1068	
0.4-0.8	6.5-30.0	0.0-100.0	0.000-1.571	0.008	0.073	10467.0	10430.0	8964.34	99.9463	1465.68	49.9031	-1.20316	0.109734	-0.05	0.0	0.41739	0.0703387	3.09415	0.000298217	0.0197428	0.000842017	0.0274773	0.00122202	0.03	0.0	1.696	0.0	5.0	0.0	1.718	0.0	0.0245471	0.0004972	2.82435e-05	0.000449249	0.353714	0.00817282	0.076506	0.0434519	-0.00258405	0.00354869	-0.000454554	0.000420585	1.67312	0.203336	0.9803	0.0119225	0.999992	0.174921	0.870158	0.0269582	0.209022	0.0249641	0.14094	4.03136e-08	0.438451	0.0192459	0.141159	0.0308603	-25147.9	4.0	1.29114e-06	-102449.0	7.0	1.11843e-05	1.0	6348.56	89.3314	2615.78	61.8104	0.291798	0.00607937	1049.59	23.2846	
0.8-1.2	6.5-30.0	0.0-100.0	0.000-1.571	0.008	0.112	14170.0	14151.0	12103.4	118.07	2047.86	62.322	-1.07177	0.0934866	-0.05	0.0	0.529679	0.0544723	3.09329	0.000337354	0.0352833	0.000911488	0.0289357	0.00111703	0.03	0.0	1.696	0.0	5.0	0.0	1.718	0.0	0.0324529	0.000391146	1.00026e-05	0.00459467	0.3755	0.00829863	0.0258401	0.00859777	0.000613602	0.00653335	0.00131084	0.000348648	2.42695	0.263382	1.00561	0.00943642	0.999281	29631.8	0.947526	6557.3	0.375734	1890.64	0.140889	2789540.0	0.439701	1243.28	0.203698	35606.2	-32308.1	4.0	8.17154e-08	-140392.0	7.0	2.56877e-05	1.0	9107.66	107.435	2995.72	67.1017	0.247511	0.00499065	1066.45	13.2457	
1.2-1.6	6.5-30.0	0.0-100.0	0.000-1.571	0.004	0.156	17433.0	17422.0	15114.9	134.779	2306.78	73.1881	-0.824937	0.092448	-0.05	0.0	0.545964	0.0564709	3.08912	0.000365505	0.0341299	0.000858088	0.0476033	0.00196757	0.03	0.0	1.696	0.0	5.0	0.0	1.718	0.0	0.0408026	0.00067464	1.09866e-05	0.00459422	0.373537	0.00743707	0.0602989	0.014894	-0.000798532	0.0042547	0.00110815	0.000337764	2.00122	0.147028	0.95812	0.00844594	1.0	0.0402269	0.774682	0.236669	0.353764	0.175923	0.140956	1.5398e-08	0.467058	0.0582538	0.141032	0.155803	-36935.3	4.0	2.202e-07	-174317.0	7.0	7.46972e-05	1.0	11346.5	122.63	3768.45	77.0108	0.24932	0.0045844	1050.78	14.2835	
1.6-2.0	6.5-30.0	0.0-100.0	0.000-1.571	0.004	0.188	19246.0	19243.0	16403.9	143.862	2838.9	84.448	-1.31881	0.0876739	-0.05	0.0	0.756498	0.051967	3.0895	0.000401191	0.042219	0.000783834	0.0638195	0.00413446	0.03	0.0	1.696	0.0	5.0	0.0	1.718	0.0	0.0483754	0.000941457	1.74374e-05	0.00459126	0.353372	0.00706173	0.0503112	0.0105536	0.00442139	0.005776	0.000689225	0.000337677	2.32689	0.168222	0.931051	0.0078101	0.99997	0.0331301	0.81934	0.027934	0.339183	0.0212254	0.140888	2.57407e-11	0.425232	0.0157434	0.140948	7.55849e-09	-37682.2	4.0	6.33575e-07	-192001.0	7.0	8.66111e-06	1.0	12495.6	132.146	3908.34	81.4141	0.238257	0.0045018	1046.73	15.1911	
1.6-2.4	3.0-30.0	0.0-100.0	0.000-1.571	0.004	0.21	121242.0	121036.0	101350.0	518.983	19683.8	432.252	-0.515964	0.0348474	-0.05	0.0	0.27706	0.0726138	3.0889	0.000180523	0.0697159	0.004759	0.0439581	0.00112492	0.03	0.0	2.059	0.0	5.0	0.0	1.41	0.0	0.0523788	0.00138427	1.00144e-05	0.00459467	0.373707	0.401609	0.0559604	0.00794871	0.00275916	0.00429477	0.000484637	0.00840482	2.15418	0.0987	0.871246	0.485796	0.817944	0.0	0.9999	0.0	0.604322	0.0	0.0846182	0.0	0.4172	0.0	0.483258	0.0	-1e+30	4.0	0.0	-1416570.0	7.0	0.000286326	1.0	93950.3	36931.6	7399.23	36928.5	0.073007	0.364368	988.066	202.434	
1.6-2.4	3.0-4.5	0.0-100.0	0.000-1.571	0.024	0.36	52960.0	52907.0	43953.3	271.376	8953.32	196.505	-0.0161542	0.0464659	-0.05	0.0	0.208856	0.0363204	3.08876	0.000289608	0.0847402	0.00532539	0.0455589	0.000878639	0.03	0.0	2.04	0.0	5.0	0.0	1.31	0.0	0.0560525	0.00121269	2.76516e-05	0.000655533	0.399027	0.00814245	0.0349826	0.0107547	-0.00999498	0.0198762	-0.000251551	0.000356841	2.57478	0.287473	0.950314	0.00442896	1.0	17.3687	0.542432	0.27859	0.43711	0.369403	0.140903	594559.0	0.466865	0.177472	0.140976	1.6374e-07	-87245.2	4.0	8.82581e-05	-572396.0	7.0	0.000803917	1.0	38980.6	265.089	4972.67	115.286	0.113135	0.00252819	1050.44	19.2478	
1.6-2.4	3.0-5.5	0.0-100.0	0.000-1.571	0.024	0.36	77221.0	77148.0	64190.6	685.16	12957.3	645.322	-0.216272	0.0641459	-0.05	0.0	0.24781	0.149367	3.08836	0.000236095	0.074413	0.0130346	0.0446056	0.00264008	0.03	0.0	2.04	0.0	5.0	0.0	1.31	0.0	0.0535612	0.00344033	1.05231e-05	0.00459443	0.383327	0.00628876	0.045351	0.0108932	-0.00850965	0.0164223	-0.000300554	0.00027923	2.22948	0.17295	0.939192	0.00367781	1.0	0.00229731	0.593644	0.0249858	0.397931	0.0175065	0.140946	8.39e-07	0.445522	0.0110138	0.140904	0.00918739	-131456.0	4.0	3.71469e-06	-865729.0	7.0	0.000355447	1.0	56559.1	618.592	7631.54	157.59	0.118889	0.00210161	1033.2	13.7946	
1.6-2.4	3.0-6.5	0.0-100.0	0.000-1.571	0.016	0.24	94165.0	93996.0	78600.1	426.26	15395.6	343.545	-0.316888	0.0398767	-0.05	0.0	0.285677	0.0623652	3.08872	0.000209422	0.0714508	0.00431453	0.0440412	0.00105623	0.03	0.0	2.04	0.0	5.0	0.0	1.31	0.0	0.0533289	0.00127882	1.26007e-05	0.00459348	0.397637	0.00559844	0.0545752	0.0111807	0.00463949	0.00732318	7.69198e-05	0.000239012	2.11806	0.135123	0.930398	0.0033333	0.881374	0.00434669	0.662424	0.00130556	0.358447	0.00277999	0.140955	1.29005	0.401469	0.000838333	0.140896	0.0246709	-163517.0	4.0	2.31435e-05	-1074530.0	7.0	0.00021071	1.0	68993.4	401.696	9606.75	155.171	0.122223	0.00185958	1031.13	12.4783	
1.6-2.4	4.5-5.5	0.0-100.0	0.000-1.571	0.024	0.192	24260.0	24210.0	20356.8	179.793	3852.85	125.56	-0.725454	0.0741888	-0.05	0.0	0.359966	0.0986678	3.08748	0.000399369	0.0606645	0.00347438	0.0431635	0.00125031	0.03	0.0	2.04	0.0	5.0	0.0	1.31	0.0	0.0501715	0.00121997	2.75213e-05	0.000465277	0.357429	0.00976253	0.103514	0.0420907	-0.000476917	0.00793976	-0.000478921	0.000462144	1.6297	0.164957	0.908618	0.00684074	1.0	0.00828711	0.699243	0.0504583	0.318216	0.0370824	0.140894	5.04145e-13	0.415519	0.0157806	0.140904	0.0257339	-44352.1	4.0	0.000105859	-245090.0	7.0	7.03779e-05	1.0	17716.6	173.752	2640.16	79.051	0.129695	0.00371049	1007.5	23.7449	
1.6-2.4	5.5-6.5	0.0-100.0	0.000-1.571	0.024	0.16	16944.0	16916.0	14550.2	138.806	2365.79	84.1262	-0.879193	0.0930306	-0.05	0.0	0.423283	0.079752	3.09039	0.000477419	0.0647749	0.00265188	0.0423414	0.0017084	0.03	0.0	2.04	0.0	5.0	0.0	1.31	0.0	0.0530089	0.00120088	1.00139e-05	0.00459467	0.400416	0.0112659	0.163974	0.0525224	0.00159916	0.00563014	0.000718172	0.0004994	1.56105	0.126401	0.887249	0.00863537	0.881915	3.14591	0.913312	11.0944	0.449599	0.281596	0.140988	2.4172	0.453981	0.708733	0.141018	5.43249e-06	-32229.3	4.0	2.49429e-05	-165423.0	7.0	1.59651e-05	1.0	12387.0	133.346	2163.16	65.1381	0.148669	0.0042462	1028.45	26.4714	
1.6-2.4	6.5-30.0	0.0-100.0	0.000-1.571	0.004	0.188	27076.0	27067.0	22907.8	170.384	4159.28	101.377	-1.20344	0.0698226	-0.05	0.0	0.616631	0.0468786	3.08999	0.000363952	0.0528413	0.000938658	0.0399816	0.00142796	0.03	0.0	1.696	0.0	5.0	0.0	1.718	0.0	0.0483175	0.000485077	1.30059e-05	0.00459329	0.360098	0.00626547	0.0446286	0.00857675	0.0026517	0.00592247	0.00021288	0.000294089	2.45063	0.167164	0.928486	0.00663981	1.0	12.8859	0.840091	0.0286365	0.317264	0.0169224	0.140969	34721.5	0.406865	0.0122538	0.140955	5.49418e-10	-51368.3	4.0	2.28589e-05	-278139.0	7.0	2.1593e-05	1.0	17615.2	157.591	5292.58	96.014	0.231038	0.00382285	1044.81	13.9969	
2.0-2.4	6.5-30.0	0.0-100.0	0.000-1.571	0.008	0.144	7830.0	7817.0	6617.79	94.0813	1199.24	58.5761	-1.05351	0.134467	-0.05	0.0	0.47782	0.0974144	3.08943	0.000767058	0.0615228	0.00251449	0.0463766	0.00209029	0.03	0.0	1.696	0.0	5.0	0.0	1.718	0.0	0.0541449	0.0011067	1.21911e-05	0.00459367	0.380084	0.0130411	0.0274908	0.012152	-0.01	0.0156797	-0.00127404	0.000607232	3.13309	0.601028	0.931389	0.0127628	1.0	0.10113	0.900339	0.229951	0.274944	0.218312	0.141742	8.77254e-07	0.370301	0.0618268	0.140992	0.249401	-13771.8	4.0	2.33296e-05	-69880.5	7.0	3.83585e-05	1.0	5182.59	88.0206	1435.2	52.3018	0.21687	0.00727703	1055.22	35.9922	
