weightedEff_noTnP_4DEff_RapPtEffMap2_Ratio
rap	pT	cent	dPhi	ctauErrMin	ctauErrMax	NoCutEntry	CutEntry	NSig	NSigErr	NBkg	NBkgErr	coefExp	coefExpErr	coefPol1	coefPol1Err	coeffGaus	coeffGausErr	meanSig1	meanSig1Err	sigmaSig1	sigmaSig1Err	sigmaSig2	sigmaSig2Err	sigmaSig3	sigmaSig3Err	alpha	alphaErr	enne	enneErr	enneW	enneWErr	sigWidth	sigWidthErr	Gmc	GmcErr	bTau	bTauErr	fracRes	fracResErr	meanResSigW	meanResSigWErr	meanResSigN	meanResSigNErr	sigmaResSigW	sigmaResSigWErr	sigmaResSigN	sigmaResSigNErr	fpm	fpmErr	fLiving	fLivingErr	fbkgCtTot	fbkgCtTotErr	lambdam	lambdamErr	lambdap	lambdapErr	lambdasym	lambdasymErr	NLL	nFitPar	EDM	NLLMass	nFitParMass	EDMMass	Prob	PROMPT	PROMPTErr	NON-PROMPT	NON-PROMPTErr	Bfraction	BfractionErr	Resolution	ResolutionErr	
0.0-0.4	6.5-30.0	0.0-100.0	0.000-1.571	0.008	0.064	5316.0	5313.0	3501.02	66.0598	1812.0	51.7143	-0.150367	0.0936272	-0.05	0.0	0.452644	0.0820605	3.09334	0.000393547	0.0198312	0.00136304	0.0181489	0.00127023	0.03	0.0	1.492	0.0	5.0	0.0	1.733	0.0	0.0189289	0.000469408	3.59557e-05	0.000193278	0.295565	0.0102228	0.709974	0.264125	-0.00206547	0.00229629	0.00271634	0.00128902	1.32298	0.0992276	0.67127	0.0332483	0.629574	0.013352	1.0	9.11722	0.396234	0.0136003	0.0623391	0.00268791	0.221555	0.00627154	0.431628	44.8338	-10617.5	4.0	5.06033e-07	-46187.9	7.0	4.86879e-06	1.0	2359.23	57.5273	1141.79	42.3309	0.326132	0.0104079	1171.89	83.3766	
0.0-1.2	6.5-30.0	0.0-10.0	0.000-1.571	0.008	0.088	8143.0	8139.0	4234.67	77.7387	3904.04	75.5781	0.0319837	0.0624982	-0.05	0.0	0.535015	0.0	3.09263	0.0	0.0207688	0.0	0.0363783	0.00155737	0.03	0.0	1.492	0.0	5.0	0.0	1.733	0.0	0.0290883	0.000452819	1.12992e-05	0.000388937	0.267921	0.00881842	0.282557	0.0	0.00228371	0.0	0.00174153	0.000679296	1.58042	0.0	0.954557	0.0202156	0.641501	0.000217872	1.0	0.0216466	0.57299	0.000170026	0.100684	6.75349e-05	0.198219	9.16359e-05	0.557558	99.7061	-12816.6	4.0	7.35029e-05	-70507.5	4.0	8.08562e-05	1.0	2878.74	68.2691	1355.93	49.8744	0.320197	0.0102059	1165.96	5.93693	
0.0-1.2	6.5-30.0	0.0-100.0	0.000-1.571	0.008	0.105	21579.0	21573.0	13273.7	136.309	8299.62	116.641	-0.0064131	0.0446829	-0.05	0.0	0.535015	0.0481056	3.09263	0.00027415	0.0207688	0.000585766	0.0345916	0.00160596	0.03	0.0	1.492	0.0	5.0	0.0	1.733	0.0	0.0280565	0.000577032	1.16782e-05	0.000130175	0.28707	0.0053134	0.282557	0.19576	0.00228371	0.00264771	0.000329564	0.000361626	1.58042	0.170805	0.855111	0.0104788	0.585605	0.0343866	0.924685	0.0158072	0.437631	0.0303429	0.0542935	0.00505081	0.198513	0.00843574	0.354283	0.0523356	-38181.0	4.0	1.39086e-05	-212089.0	7.0	3.37138e-05	1.0	9124.39	118.254	4149.34	83.7867	0.312598	0.00543502	1109.21	85.2369	
0.0-1.2	6.5-30.0	10.0-20.0	0.000-1.571	0.008	0.088	5034.0	5031.0	3010.26	62.1267	2020.6	53.5724	-2.62286e-05	0.08694	-0.05	0.0	0.535015	0.0	3.09263	0.0	0.0207688	0.0	0.0335773	0.00144913	0.03	0.0	1.492	0.0	5.0	0.0	1.733	0.0	0.0274775	0.000411702	1.12992e-05	0.000388937	0.30959	0.0115839	0.282557	0.0	0.00228371	0.0	-0.000337296	0.000777391	1.58042	0.0	0.84313	0.0233175	0.454453	0.0974144	0.86047	0.0329629	0.294492	0.117813	0.0357109	0.00713125	0.1956	0.0195907	0.388391	0.0566496	-8227.18	4.0	0.000133155	-42001.4	4.0	1.6099e-05	1.0	1987.17	53.6702	1023.09	40.5505	0.339867	0.0115005	1102.61	6.39602	
0.0-1.2	6.5-30.0	20.0-30.0	0.000-1.571	0.008	0.105	3682.0	3678.0	2402.63	54.2921	1275.45	42.666	0.211262	0.110185	-0.05	0.0	0.535015	0.0	3.09263	0.0	0.0207688	0.0	0.0325236	0.00151431	0.03	0.0	1.492	0.0	5.0	0.0	1.733	0.0	0.0268818	0.000425956	1.16782e-05	0.000130175	0.306555	0.0130398	0.282557	0.0	0.00228371	0.0	0.00124291	0.000816007	1.58042	0.0	0.819998	0.0233203	0.515547	0.0200669	0.999998	1.55675	0.376792	0.0227336	0.0442912	0.002632	0.198192	0.00906397	0.0468593	8.35717	-6918.48	4.0	5.69596e-07	-29983.4	4.0	7.05637e-06	1.0	1648.47	47.6953	754.163	34.3173	0.313891	0.0123976	1090.03	6.29314	
0.0-1.2	6.5-30.0	30.0-40.0	0.000-1.571	0.008	0.064	2206.0	2203.0	1562.77	43.779	640.22	31.5277	-0.49196	0.157916	-0.05	0.0	0.535015	0.0	3.09263	0.0	0.0207688	0.0	0.0389003	0.00226563	0.03	0.0	1.492	0.0	5.0	0.0	1.733	0.0	0.030568	0.00067032	1.32366e-05	0.000329048	0.247998	0.0141062	0.282557	0.0	0.00228371	0.0	-0.00173715	0.00102631	1.58042	0.0	0.824949	0.0265679	0.587958	0.0100101	0.999998	4.36251	0.416365	0.0104857	0.0664541	0.00203753	0.211015	0.0046884	0.0200122	18.0123	-4650.12	4.0	1.99787e-05	-17037.0	4.0	2.04962e-06	1.0	1128.62	39.6036	434.153	26.772	0.27781	0.0152613	1092.7	7.19516	
0.0-1.2	6.5-30.0	40.0-50.0	0.000-1.571	0.016	0.048	1299.0	1281.0	1001.45	34.138	279.528	21.0592	-0.271172	0.237972	-0.05	0.0	0.535015	0.0	3.09263	0.0	0.0207688	0.0	0.0341059	0.00266776	0.03	0.0	1.492	0.0	5.0	0.0	1.733	0.0	0.0277786	0.000761508	1.43354e-05	8.22848e-05	0.289508	0.0189678	0.282557	0.0	0.00228371	0.0	-0.00255411	0.00132314	1.58042	0.0	0.81042	0.0374187	0.704713	0.231779	0.703406	0.263445	2.13361e-06	0.215008	0.0150416	0.0110211	0.361276	0.0484006	0.0208936	0.0491592	-2780.81	4.0	4.12825e-05	-9485.65	4.0	1.90332e-06	1.0	688.249	30.3301	313.203	21.988	0.312749	0.019194	1084.87	10.0271	
0.0-1.2	6.5-30.0	50.0-100.0	0.000-1.571	0.008	0.056	1213.0	1210.0	1057.24	34.0666	152.763	16.0023	-0.391442	0.32797	-0.05	0.0	0.535015	0.0	3.09263	0.0	0.0207688	0.0	0.0330958	0.0019642	0.03	0.0	1.492	0.0	5.0	0.0	1.733	0.0	0.0272045	0.000555554	1.34486e-05	0.000306561	0.29901	0.0205775	0.282557	0.0	0.00228371	0.0	0.000997755	0.00110847	1.58042	0.0	0.757543	0.0334185	0.833472	0.061053	0.999999	8.10906	0.240732	0.057016	0.00708939	4.64705e-07	0.218447	0.0171155	0.0236459	64.9063	-3207.49	4.0	1.02643e-06	-9228.66	4.0	6.89465e-08	1.0	776.633	31.0772	280.603	20.5255	0.265412	0.0174292	1057.1	8.59079	
0.0-2.4	10.0-13.0	0.0-100.0	0.000-1.571	0.008	0.136	6751.0	6748.0	4955.57	79.6925	1792.48	56.4568	-0.521773	0.0988198	-0.05	0.0	0.351795	0.0713729	3.09187	0.000578565	0.0214268	0.00185183	0.0419681	0.00228286	0.03	0.0	1.492	0.0	5.0	0.0	1.733	0.0	0.0361	0.00109157	1.25623e-05	9.06713e-05	0.244689	0.0074268	0.0553454	0.0788853	0.000212513	0.0144851	0.000224813	0.000519787	2.09412	0.553674	0.920016	0.0153969	0.664926	0.0425144	0.89474	0.117579	0.232431	0.0758094	0.0393452	0.012087	0.198154	0.0131186	0.10605	0.0471653	-13252.2	4.0	1.27316e-05	-59207.6	7.0	5.68279e-06	1.0	3382.61	71.3668	1572.96	52.6691	0.317412	0.00932227	1020.93	75.5241	
0.0-2.4	10.0-30.0	0.0-100.0	0.000-1.571	0.004	0.144	10279.0	10276.0	7636.17	98.8318	2640.11	69.0773	-0.523271	0.0818798	-0.05	0.0	0.400642	0.0567396	3.09258	0.000458359	0.0221263	0.00137272	0.0438244	0.00205448	0.03	0.0	1.492	0.0	5.0	0.0	1.733	0.0	0.036705	0.000934713	1.0177e-05	0.00195203	0.230603	0.00550169	0.0477214	0.0592155	-0.000892962	0.00748279	-0.000388462	0.000399728	2.03646	0.461587	0.940242	0.0127067	0.822388	0.0602305	0.850167	0.157103	0.304513	0.101548	0.06631	0.0119963	0.206315	0.00985183	0.029316	0.0188011	-20629.1	4.0	1.33898e-06	-94699.9	7.0	7.44914e-05	1.0	5034.07	87.8994	2602.1	67.9372	0.34076	0.00772667	1019.69	52.5284	
0.0-2.4	11.0-13.0	0.0-100.0	0.000-1.571	0.008	0.105	3464.0	3462.0	2610.49	57.3502	851.684	39.117	-0.688086	0.144905	-0.05	0.0	0.429433	0.0851901	3.09244	0.000801026	0.0224676	0.00212098	0.0472822	0.00385997	0.03	0.0	1.492	0.0	5.0	0.0	1.733	0.0	0.0386308	0.00167249	4.93653e-05	0.000238442	0.259597	0.0103528	0.0328637	0.0389686	-0.000371389	0.0145275	0.000570937	0.000718996	2.53131	0.734887	0.940138	0.0220384	0.796214	0.0717318	0.628016	0.0568515	5.03071e-08	0.0910182	0.0747728	0.0178491	0.208467	0.0152676	0.02	0.00969766	-6730.02	4.0	7.23169e-06	-28163.7	7.0	9.97702e-05	1.0	1715.36	50.6124	895.134	39.092	0.342899	0.0129422	1032.18	60.7395	
0.0-2.4	13.0-16.0	0.0-100.0	0.000-1.571	0.008	0.08	2124.0	2118.0	1659.94	45.9445	458.069	30.1495	-0.30718	0.198835	-0.05	0.0	0.532383	0.0946299	3.09382	0.000974182	0.0242767	0.00256427	0.0544275	0.00546672	0.03	0.0	1.492	0.0	5.0	0.0	1.733	0.0	0.041219	0.00220569	1.00002e-05	0.000966722	0.244544	0.0129136	0.0326157	0.0670782	-0.00999634	0.0183094	0.00165202	0.000875722	1.86063	0.773549	1.00268	0.0285587	0.932597	0.145781	0.685293	0.187939	0.107761	0.0602521	0.0444611	0.0238486	0.182829	0.020038	0.0407172	0.00988022	-4494.83	4.0	0.000105748	-16314.9	7.0	3.76744e-06	1.0	1137.19	41.3718	522.753	30.5002	0.314922	0.0161752	1041.87	47.4097	
0.0-2.4	13.0-30.0	0.0-100.0	0.000-1.571	0.008	0.105	3528.0	3528.0	2684.84	58.2962	843.304	39.4531	-0.526686	0.144101	-0.05	0.0	0.476327	0.0761957	3.09397	0.000744918	0.0229924	0.00182023	0.0474907	0.00345725	0.03	0.0	1.492	0.0	5.0	0.0	1.733	0.0	0.0378535	0.00145403	2.10356e-05	0.0045896	0.208792	0.00805964	0.0347602	0.122355	-0.00537756	0.015369	-0.000654186	0.000630398	1.80759	0.989032	0.962798	0.0224041	0.999997	0.70362	0.708499	0.0779427	0.349973	0.0664592	0.00706224	4.04038e-05	0.23265	0.0174261	0.0436633	0.010378	-7392.34	4.0	1.68598e-05	-28889.9	7.0	0.000102112	1.0	1654.09	51.1128	1030.75	42.7026	0.383916	0.0135456	1004.16	78.4071	
0.0-2.4	16.0-30.0	0.0-100.0	0.000-1.571	0.008	0.064	1403.0	1401.0	1029.36	35.9	371.697	25.1212	-0.783103	0.21646	-0.05	0.0	0.220996	0.17171	3.09451	0.00125746	0.019718	0.00458446	0.0344785	0.00400711	0.03	0.0	1.492	0.0	5.0	0.0	1.733	0.0	0.0318116	0.00203113	5.46616e-05	1.05755	0.186875	0.0105478	0.461092	0.573416	0.00155876	0.00498774	-0.000667507	6.02669e-06	1.33655	0.440517	0.774552	0.0416152	0.917099	0.739235	0.952467	0.0846138	0.500377	0.7258	0.00704535	0.0367394	0.267316	0.0285325	0.0589342	0.0531489	-2924.82	4.0	1.47586e-05	-10141.2	7.0	4.07254e-05	1.0	584.705	29.0569	444.655	25.8642	0.431972	0.0201089	1070.98	203.347	
0.0-2.4	6.5-30.0	0.0-10.0	0.000-1.571	0.008	0.184	20660.0	20660.0	9332.98	115.745	11327.0	124.06	-0.0632553	0.0366658	-0.05	0.0	0.41254	0.0	3.09252	0.0	0.0483094	0.0	0.0251038	0.000580281	0.03	0.0	1.492	0.0	5.0	0.0	1.733	0.0	0.0365103	0.000117195	3.80561e-05	6.9663e-05	0.250279	0.00637685	0.19482	0.0	0.00388614	0.0	0.00161866	0.000430296	1.71004	0.0	0.967387	0.0114439	0.813099	0.0927193	0.458468	0.0976829	0.49127	0.0443992	0.131364	0.0268114	0.208033	0.0132763	0.0656065	0.0137404	-28864.4	4.0	8.81443e-08	-194205.0	4.0	3.32797e-07	1.0	6790.51	107.469	2542.47	73.8363	0.272418	0.00715368	1150.31	3.87457	
0.0-2.4	6.5-30.0	0.0-100.0	0.000-1.571	0.004	0.128	53514.0	53389.0	29340.4	227.295	24048.5	215.125	-0.147879	0.0260453	-0.05	0.0	0.41254	0.0301597	3.09252	0.000252217	0.0483094	0.00142248	0.0250903	0.000540429	0.03	0.0	1.492	0.0	5.0	0.0	1.733	0.0	0.0365048	0.000535341	3.69757e-05	6.79802e-05	0.252526	0.00354862	0.19482	0.0809237	0.00388614	0.00250476	0.0018968	0.000240957	1.71004	0.123875	0.921103	0.00630983	0.584631	0.02622	0.94155	0.0132103	0.506989	0.0209872	0.0575976	0.00426474	0.179348	0.00505254	0.294831	0.0414354	-84530.9	4.0	5.35111e-06	-560513.0	7.0	1.33378e-06	1.0	21418.5	200.766	7921.86	128.616	0.269999	0.00385238	1119.3	41.8562	
0.0-2.4	6.5-30.0	0.0-5.0	0.000-1.571	0.008	0.184	11322.0	11322.0	5080.77	85.7993	6241.2	92.3137	0.0462972	0.0493508	-0.05	0.0	0.41254	0.0	3.09252	0.0	0.0483094	0.0	0.0243389	0.000811132	0.03	0.0	1.492	0.0	5.0	0.0	1.733	0.0	0.0362048	0.000160168	3.80561e-05	6.9663e-05	0.276882	0.00946624	0.19482	0.0	0.00388614	0.0	0.00386673	0.000597226	1.71004	0.0	1.026	0.0159628	0.662383	0.116951	0.761912	0.118308	0.588079	0.0621622	0.0523144	0.0265713	0.164345	0.0112118	0.14249	0.0261413	-15611.0	4.0	4.3162e-07	-99605.1	4.0	9.47567e-07	1.0	3732.17	79.2759	1348.6	53.2082	0.265432	0.00946474	1190.5	5.53847	
0.0-2.4	6.5-30.0	10.0-15.0	0.000-1.571	0.008	0.152	7167.0	7164.0	3582.11	70.3555	3581.77	70.3525	-0.141782	0.0653701	-0.05	0.0	0.41254	0.0	3.09252	0.0	0.0483094	0.0	0.0250422	0.000867522	0.03	0.0	1.492	0.0	5.0	0.0	1.733	0.0	0.0364854	0.000174897	1.79985e-05	0.004591	0.271749	0.0105042	0.19482	0.0	0.00388614	0.0	0.00444808	0.000694571	1.71004	0.0	0.922068	0.0180183	0.401173	0.0420429	0.857134	0.0498422	0.32754	0.0654583	0.0304234	0.00511335	0.15732	0.0139448	0.156517	0.0347378	-10567.8	4.0	2.78033e-05	-60234.7	4.0	2.54997e-06	1.0	2571.24	64.2471	1010.88	44.4019	0.282201	0.0110872	1119.94	5.97235	
0.0-2.4	6.5-30.0	10.0-20.0	0.000-1.571	0.008	0.16	12976.0	12973.0	6793.12	95.8296	6179.47	92.5718	-0.150438	0.0498257	-0.05	0.0	0.41254	0.0	3.09252	0.0	0.0483094	0.0	0.0254704	0.000655124	0.03	0.0	1.492	0.0	5.0	0.0	1.733	0.0	0.0366592	0.000133698	1.00282e-05	0.000232918	0.26015	0.0073496	0.19482	0.0	0.00388614	0.0	0.00225643	0.000519854	1.71004	0.0	0.925363	0.0134304	0.454129	0.0534643	0.872653	0.022175	0.359076	0.066681	0.0343252	0.00461585	0.148838	0.0106883	0.302076	0.0317633	-19257.1	4.0	6.06996e-06	-117246.0	4.0	1.61217e-05	1.0	4829.87	87.9522	1963.25	62.1316	0.289005	0.00818733	1122.13	4.45883	
0.0-2.4	6.5-30.0	15.0-20.0	0.000-1.571	0.008	0.16	5809.0	5809.0	3207.92	64.9526	2601.17	60.0988	-0.161457	0.0768919	-0.05	0.0	0.41254	0.0	3.09252	0.0	0.0483094	0.0	0.0259742	0.00097912	0.03	0.0	1.492	0.0	5.0	0.0	1.733	0.0	0.0368662	0.000202627	1.00282e-05	0.000232918	0.251669	0.0101918	0.19482	0.0	0.00388614	0.0	-0.00199849	0.000777196	1.71004	0.0	0.938608	0.019698	0.704529	0.0796628	0.794181	0.0438804	0.499928	0.0510716	0.0517697	0.0128521	0.144601	0.016083	0.374927	0.0484388	-8734.58	4.0	3.48028e-07	-48100.3	4.0	2.39487e-05	1.0	2250.59	60.1095	957.328	43.7304	0.298427	0.0122197	1130.95	6.5815	
0.0-2.4	6.5-30.0	20.0-25.0	0.000-1.571	0.008	0.145	4792.0	4792.0	2792.01	59.5723	1999.96	52.506	-0.251655	0.0879597	-0.05	0.0	0.41254	0.0	3.09252	0.0	0.0483094	0.0	0.0238036	0.000891231	0.03	0.0	1.492	0.0	5.0	0.0	1.733	0.0	0.0359951	0.000173116	3.69686e-05	0.0287936	0.247522	0.0116361	0.19482	0.0	0.00388614	0.0	0.00227093	0.000711681	1.71004	0.0	0.848583	0.0184302	0.456417	0.0383715	0.988539	0.0116647	0.389275	0.0655976	0.0423246	0.00501815	0.165391	0.0134366	0.411135	0.247784	-8454.6	4.0	0.000115078	-39077.5	4.0	2.53495e-06	1.0	2111.18	55.4783	680.825	35.4929	0.243848	0.0115988	1072.15	5.87262	
0.0-2.4	6.5-30.0	20.0-30.0	0.000-1.571	0.008	0.152	8844.0	8844.0	5313.96	81.5857	3529.7	69.8013	-0.169989	0.0661835	-0.05	0.0	0.41254	0.0	3.09252	0.0	0.0483094	0.0	0.023822	0.000622122	0.03	0.0	1.492	0.0	5.0	0.0	1.733	0.0	0.0360022	0.000120913	1.79985e-05	0.004591	0.266973	0.00853942	0.19482	0.0	0.00388614	0.0	0.00175887	0.00053881	1.71004	0.0	0.848448	0.0140626	0.533532	0.0891609	0.717714	0.172797	0.336482	0.0990643	0.0457012	0.00732655	0.174519	0.0127253	0.0359779	0.0151119	-15430.8	4.0	5.21834e-06	-77838.0	4.0	3.33262e-05	1.0	3875.64	75.2373	1438.32	51.0655	0.270669	0.00866472	1072.06	4.48057	
0.0-2.4	6.5-30.0	25.0-30.0	0.000-1.571	0.008	0.136	4052.0	4047.0	2516.71	55.707	1530.11	46.0096	-0.0619315	0.100515	-0.05	0.0	0.41254	0.0	3.09252	0.0	0.0483094	0.0	0.0238358	0.000866879	0.03	0.0	1.492	0.0	5.0	0.0	1.733	0.0	0.0360076	0.000168555	3.37928e-05	7.02542e-05	0.285132	0.0124226	0.19482	0.0	0.00388614	0.0	0.00189489	0.000818744	1.71004	0.0	0.884186	0.0213844	0.549655	0.123509	0.964088	0.0625281	0.495506	0.107973	0.0398127	0.011967	0.163223	0.0140914	0.13129	0.0969853	-6988.59	4.0	2.59878e-07	-32618.6	4.0	2.57536e-05	1.0	1762.65	50.7912	754.059	36.5525	0.299621	0.0129213	1095.07	6.95125	
0.0-2.4	6.5-30.0	30.0-35.0	0.000-1.571	0.008	0.128	3065.0	3062.0	1840.36	48.5907	1221.46	41.7393	-0.309088	0.11288	-0.05	0.0	0.41254	0.0	3.09252	0.0	0.0483094	0.0	0.0254118	0.0012295	0.03	0.0	1.492	0.0	5.0	0.0	1.733	0.0	0.0366353	0.000250503	3.69757e-05	6.79802e-05	0.219532	0.0144097	0.19482	0.0	0.00388614	0.0	0.00116334	0.000938977	1.71004	0.0	0.882033	0.0238449	0.605489	0.077298	0.796902	0.249624	0.442554	0.130773	0.0546964	0.0110606	0.23733	0.0265937	0.0441551	0.0287144	-5438.76	4.0	2.49553e-05	-23641.2	4.0	2.27085e-05	1.0	1422.31	46.5162	418.048	29.5864	0.227156	0.0149158	1093.67	7.74207	
0.0-2.4	6.5-30.0	30.0-40.0	0.000-1.571	0.008	0.128	5259.0	5256.0	3390.21	64.5914	1865.36	51.4515	-0.309179	0.0915829	-0.05	0.0	0.41254	0.0	3.09252	0.0	0.0483094	0.0	0.0250532	0.000816079	0.03	0.0	1.492	0.0	5.0	0.0	1.733	0.0	0.0364899	0.000164578	3.69757e-05	6.79802e-05	0.208458	0.0093758	0.19482	0.0	0.00388614	0.0	0.000171262	0.000684275	1.71004	0.0	0.832626	0.0170507	0.988911	0.797552	0.367158	0.0631177	0.396432	0.0728409	0.00758383	4.5779e-06	0.270762	0.0235652	0.0650655	0.00829719	-9806.38	4.0	8.16779e-06	-43884.3	4.0	4.5236e-05	1.0	2505.7	61.9247	884.503	42.8905	0.260899	0.0116339	1062.03	5.3817	
0.0-2.4	6.5-30.0	35.0-40.0	0.000-1.571	0.008	0.12	2193.0	2193.0	1544.02	42.5506	648.903	30.2576	-0.306497	0.155804	-0.05	0.0	0.41254	0.0	3.09252	0.0	0.0483094	0.0	0.0246024	0.00107806	0.03	0.0	1.492	0.0	5.0	0.0	1.733	0.0	0.0363093	0.000214562	3.63218e-05	5.72307e-05	0.200052	0.0118914	0.19482	0.0	0.00388614	0.0	0.000958112	0.000996082	1.71004	0.0	0.796728	0.0246384	1.0	0.686496	0.345727	0.0724421	0.406659	0.0548304	0.0751356	1.41407	0.282357	0.0438016	0.08083	0.0117466	-4382.55	4.0	8.18211e-07	-16683.8	4.0	5.35912e-06	1.0	1083.55	40.481	460.469	30.1342	0.298227	0.0177018	1039.62	7.6017	
0.0-2.4	6.5-30.0	40.0-45.0	0.000-1.571	0.008	0.12	1689.0	1686.0	1222.44	37.7417	463.533	25.7985	-0.409441	0.185236	-0.05	0.0	0.41254	0.0	3.09252	0.0	0.0483094	0.0	0.0231611	0.00112507	0.03	0.0	1.492	0.0	5.0	0.0	1.733	0.0	0.035748	0.000214109	3.63218e-05	5.72307e-05	0.246929	0.0172816	0.19482	0.0	0.00388614	0.0	-0.000644067	0.00116506	1.71004	0.0	0.82444	0.0315283	0.593387	0.109885	0.581556	0.138602	0.0503957	0.109175	0.0284806	0.0102532	0.355104	0.0505669	0.0473236	0.0141464	-3380.76	4.0	6.0189e-05	-12479.4	4.0	1.5845e-06	1.0	917.56	35.4497	304.884	23.2973	0.249405	0.0174332	1056.87	9.90146	
0.0-2.4	6.5-30.0	40.0-50.0	0.000-1.571	0.008	0.136	3011.0	3006.0	2202.12	50.588	803.83	34.0725	-0.865645	0.143699	-0.05	0.0	0.41254	0.0	3.09252	0.0	0.0483094	0.0	0.024969	0.000926505	0.03	0.0	1.492	0.0	5.0	0.0	1.733	0.0	0.036456	0.000186393	3.37928e-05	7.02542e-05	0.256884	0.0125457	0.19482	0.0	0.00388614	0.0	-0.00111015	0.000844791	1.71004	0.0	0.779774	0.0230386	0.597706	0.144198	0.686271	0.1651	7.41641e-06	0.73145	0.0320218	0.00654434	0.284971	0.0260115	0.0369738	0.00988021	-5844.57	4.0	5.11205e-05	-23967.7	4.0	1.41772e-06	1.0	1587.92	46.9361	614.199	32.7324	0.278913	0.0134122	1029.22	7.02718	
0.0-2.4	6.5-30.0	45.0-50.0	0.000-1.571	0.008	0.136	1322.0	1320.0	983.461	33.7239	336.597	22.1446	-1.53042	0.233923	-0.05	0.0	0.41254	0.0	3.09252	0.0	0.0483094	0.0	0.0277368	0.00167273	0.03	0.0	1.492	0.0	5.0	0.0	1.733	0.0	0.037613	0.000362321	3.37928e-05	7.02542e-05	0.266455	0.0179488	0.19482	0.0	0.00388614	0.0	-0.00245666	0.00121528	1.71004	0.0	0.725213	0.0335055	0.656265	0.370434	0.799666	0.760511	0.0182244	0.710513	0.0299446	0.0137155	0.22869	0.0289511	0.0279404	0.0230004	-2484.57	4.0	9.36565e-06	-9437.04	4.0	1.9225e-05	1.0	667.902	30.7892	315.559	23.2491	0.320866	0.0209235	996.58	9.81595	
0.0-2.4	6.5-30.0	5.0-10.0	0.000-1.571	0.008	0.112	9337.0	9290.0	4252.62	77.6642	5037.96	82.5641	-0.18135	0.0550775	-0.05	0.0	0.41254	0.0	3.09252	0.0	0.0483094	0.0	0.0259301	0.00082429	0.03	0.0	1.492	0.0	5.0	0.0	1.733	0.0	0.036848	0.00017038	3.69703e-05	0.0265992	0.221477	0.00845549	0.19482	0.0	0.00388614	0.0	0.000281988	0.000626877	1.71004	0.0	0.923868	0.0166234	0.951693	0.0750421	0.248702	0.0434313	0.426341	0.0457643	0.193001	0.104249	0.278174	0.0231379	0.0767114	0.00865526	-13270.6	4.0	2.05692e-07	-79949.3	4.0	3.89126e-05	1.0	3057.23	72.5017	1195.39	51.1444	0.281095	0.0108759	1121.14	5.51485	
0.0-2.4	6.5-30.0	50.0-100.0	0.000-1.571	0.008	0.088	2762.0	2741.0	2270.87	50.3928	470.048	27.1791	-0.443557	0.187721	-0.05	0.0	0.41254	0.0	3.09252	0.0	0.0483094	0.0	0.0261465	0.000996622	0.03	0.0	1.492	0.0	5.0	0.0	1.733	0.0	0.0369377	0.000207215	3.69533e-05	0.0259228	0.252807	0.0133757	0.19482	0.0	0.00388614	0.0	0.00311055	0.000841277	1.71004	0.0	0.837889	0.022701	0.722118	0.0226279	0.999994	3.15326	0.247022	0.0273857	0.0272876	0.00388688	0.236138	0.00909001	0.020649	12.9468	-6251.29	4.0	1.22676e-06	-22184.0	4.0	4.23096e-06	1.0	1738.86	47.9648	532.009	30.8389	0.234275	0.0125457	1065.36	7.18788	
0.0-2.4	6.5-30.0	50.0-55.0	0.000-1.571	0.008	0.08	973.0	961.0	776.893	29.6749	184.094	16.9652	-0.328404	0.297216	-0.05	0.0	0.41254	0.0	3.09252	0.0	0.0483094	0.0	0.0278766	0.00181991	0.03	0.0	1.492	0.0	5.0	0.0	1.733	0.0	0.0376736	0.000395549	1.00002e-05	2.73951e-05	0.181882	0.0185912	0.19482	0.0	0.00388614	0.0	0.00243573	0.00161937	1.71004	0.0	0.903375	0.0471715	0.595382	0.27457	0.836413	0.748447	0.000489187	0.992477	0.0289786	0.0147025	0.21273	0.0375202	0.0256169	0.0272833	-2213.05	4.0	3.74046e-07	-6708.46	4.0	2.89081e-05	1.0	606.623	29.9264	170.269	20.0247	0.219167	0.024378	1107.61	15.489	
0.0-2.4	6.5-30.0	50.0-60.0	0.000-1.571	0.008	0.08	1578.0	1561.0	1284.08	38.0395	276.869	20.9727	-0.423297	0.244187	-0.05	0.0	0.41254	0.0	3.09252	0.0	0.0483094	0.0	0.0278761	0.00142185	0.03	0.0	1.492	0.0	5.0	0.0	1.733	0.0	0.0376734	0.000309029	1.00002e-05	2.73951e-05	0.180491	0.0137535	0.19482	0.0	0.00388614	0.0	0.00308739	0.00120257	1.71004	0.0	0.866849	0.0332373	0.700528	0.865514	0.677873	0.849293	5.60504e-06	0.974735	0.021763	0.0209368	0.281399	0.0390048	0.0200001	0.128551	-3609.05	4.0	1.39718e-06	-11698.3	4.0	2.34958e-05	1.0	980.678	37.8523	303.403	25.8764	0.23628	0.018897	1083.85	10.7019	
0.0-2.4	6.5-30.0	55.0-60.0	0.000-1.571	0.008	0.073	604.0	598.0	506.422	23.7477	91.5539	12.2108	-0.634133	0.430332	-0.05	0.0	0.41254	0.0	3.09252	0.0	0.0483094	0.0	0.0276955	0.00223197	0.03	0.0	1.492	0.0	5.0	0.0	1.733	0.0	0.0375951	0.000482964	3.34445e-05	6.9324e-05	0.182172	0.0206268	0.19482	0.0	0.00388614	0.0	0.00426779	0.00175407	1.71004	0.0	0.815413	0.0458655	0.727879	0.707176	0.998032	0.620434	0.298339	0.698709	0.00711708	0.0544059	0.394741	0.0884185	0.0200072	4.95345	-1399.05	4.0	6.08395e-05	-3939.44	4.0	3.18419e-06	1.0	375.665	23.1092	130.757	16.1649	0.258199	0.0295344	1051.22	14.323	
0.0-2.4	6.5-30.0	60.0-100.0	0.000-1.571	0.008	0.088	1183.0	1174.0	979.605	32.9342	194.36	17.3044	-0.478125	0.291028	-0.05	0.0	0.41254	0.0	3.09252	0.0	0.0483094	0.0	0.0231123	0.00136457	0.03	0.0	1.492	0.0	5.0	0.0	1.733	0.0	0.0357294	0.000259275	3.69533e-05	0.0259228	0.327606	0.0242338	0.19482	0.0	0.00388614	0.0	0.0024635	0.00117251	1.71004	0.0	0.783334	0.0303566	0.823652	0.0419235	1.0	2.00002	0.232907	0.0509337	0.0482398	0.0128631	0.192252	0.0153302	0.122021	12.0555	-2660.71	4.0	1.32056e-05	-8568.73	4.0	1.46969e-06	1.0	734.78	30.3141	244.825	19.4023	0.249922	0.0179356	1031.39	9.28195	
0.0-2.4	6.5-30.0	60.0-70.0	0.000-1.571	0.008	0.088	777.0	770.0	649.691	26.6846	120.372	13.5191	-0.667572	0.371442	-0.05	0.0	0.41254	0.0	3.09252	0.0	0.0483094	0.0	0.0209923	0.0015894	0.03	0.0	1.492	0.0	5.0	0.0	1.733	0.0	0.0349523	0.000280392	3.69533e-05	0.0259228	0.363869	0.0320939	0.19482	0.0	0.00388614	0.0	0.00248282	0.00144555	1.71004	0.0	0.794062	0.0368988	0.999971	0.782349	0.999989	0.984334	0.507513	0.0493487	0.00711608	1.81613	0.220762	0.0241181	0.0200468	5.23513	-1760.88	4.0	5.50876e-05	-5331.05	4.0	2.67472e-05	1.0	482.238	24.2792	167.453	15.6356	0.257743	0.0216128	1037.98	11.3643	
0.0-2.4	6.5-30.0	70.0-100.0	0.000-1.571	0.016	0.073	406.0	401.0	327.02	19.2135	73.9291	10.775	-0.183385	0.465746	-0.05	0.0	0.41254	0.0	3.09252	0.0	0.0483094	0.0	0.0264885	0.00263973	0.03	0.0	1.492	0.0	5.0	0.0	1.733	0.0	0.0370806	0.000553884	3.69173e-05	0.0282483	0.244107	0.0325743	0.19482	0.0	0.00388614	0.0	0.002571	0.0021372	1.71004	0.0	0.821885	0.0563319	0.780626	0.117306	1.0	9.33316	9.85259e-07	0.165771	0.0496152	0.0375545	0.158791	0.0353784	0.0536432	87.3092	-898.946	4.0	1.20729e-05	-2464.74	4.0	1.53565e-05	1.0	247.364	18.0867	79.6567	11.7393	0.243583	0.0329217	1055.27	17.663	
0.0-2.4	6.5-7.5	0.0-100.0	0.000-1.571	0.016	0.16	21334.0	21328.0	8861.81	146.091	12466.2	157.934	0.00507967	0.0364186	-0.05	0.0	0.317336	0.0654021	3.09089	0.000531912	0.0560556	0.00474489	0.0285945	0.00121254	0.03	0.0	1.492	0.0	5.0	0.0	1.733	0.0	0.0394375	0.00147105	8.17783e-05	0.000350179	0.245513	0.00793761	0.206936	0.0943215	0.00999971	0.0031414	0.00346721	0.00045331	1.88995	0.200823	0.958518	0.0100311	0.487685	0.0249435	0.89484	0.0234896	0.586131	0.0299644	0.0605164	0.00558972	0.141171	0.0105162	0.312174	0.0366867	-29380.0	4.0	5.63939e-05	-199676.0	7.0	3.76443e-05	1.0	7131.47	132.55	1730.34	67.5383	0.195258	0.00690813	1211.52	61.0512	
0.0-2.4	6.5-8.0	0.0-100.0	0.000-1.571	0.016	0.16	28613.0	28605.0	12461.5	134.784	16143.0	147.806	-0.0666229	0.0316607	-0.05	0.0	0.483806	0.0416314	3.09129	0.000422024	0.045	0.000286188	0.0264907	0.00103938	0.03	0.0	1.492	0.0	5.0	0.0	1.733	0.0	0.0366326	0.000431515	2.99332e-05	0.00458551	0.28228	0.00694837	0.247328	0.092515	0.00999999	0.0035556	0.002937	0.000391214	1.76918	0.144226	0.917121	0.00893826	0.505723	0.0365431	0.8947	0.0229665	0.557412	0.0291642	0.0590426	0.00580207	0.148913	0.00764278	0.274825	0.031885	-39971.4	4.0	5.06011e-05	-277500.0	7.0	6.13059e-05	1.0	9793.75	127.088	2667.72	75.9125	0.214077	0.00563456	1186.26	52.0182	
0.0-2.4	7.5-8.5	0.0-100.0	0.000-1.571	0.008	0.184	12624.0	12624.0	7218.48	106.445	5405.48	97.5171	-0.192593	0.0557684	-0.05	0.0	0.477738	0.0601507	3.09121	0.000504921	0.0244488	0.0013054	0.0495	0.00301675	0.03	0.0	1.492	0.0	5.0	0.0	1.733	0.0	0.0395631	0.00122654	8.69412e-05	0.000593911	0.294253	0.00857079	0.237333	0.116679	0.00999999	0.0164169	0.00237531	0.000532302	1.6166	0.148917	0.885248	0.0138119	0.49987	0.0473882	0.909879	0.037459	0.422606	0.0480284	0.0482993	0.0060546	0.188965	0.0100148	0.204131	0.048483	-19877.3	4.0	3.60387e-05	-114606.0	7.0	4.60298e-06	1.0	5411.13	96.3015	1807.35	60.1438	0.250378	0.00746921	1103.59	55.0174	
0.0-2.4	8.0-10.0	0.0-100.0	0.000-1.571	0.008	0.184	14622.0	14622.0	9140.65	117.491	5481.5	100.649	-0.181106	0.0544359	-0.05	0.0	0.451833	0.0444549	3.09302	0.000419734	0.0464601	0.00191195	0.0230049	0.000877338	0.03	0.0	1.492	0.0	5.0	0.0	1.733	0.0	0.0355725	0.000775605	8.20597e-05	0.000220638	0.245852	0.00608236	0.223708	0.161679	0.000490489	0.00440365	0.000747502	0.000456199	1.60773	0.189825	0.881483	0.0122077	0.976458	0.0145895	0.439913	0.0488574	0.405297	0.0617683	0.32611	0.146401	0.262301	0.0123856	0.0534061	0.00652111	-25302.9	4.0	1.58581e-06	-136758.0	7.0	5.74986e-06	1.0	6517.27	105.208	2623.38	72.0297	0.287002	0.00696332	1086.93	74.2994	
0.0-2.4	8.5-9.5	0.0-100.0	0.000-1.571	0.008	0.12	6857.0	6843.0	4353.11	79.9897	2490.32	67.3396	-0.20372	0.0807612	-0.05	0.0	0.47127	0.0637883	3.09428	0.000598041	0.0452582	0.00250487	0.0227109	0.00126549	0.03	0.0	1.492	0.0	5.0	0.0	1.733	0.0	0.0351854	0.00105141	6.95629e-05	0.856416	0.240583	0.00788527	0.195257	0.140777	-0.00999932	0.0168172	0.00201928	0.000665499	1.55521	0.187671	0.899093	0.0178101	0.712201	0.147265	0.744796	0.218325	0.414752	0.0920633	0.0453422	0.0169301	0.2264	0.0174691	0.0490116	0.0222759	-11882.3	4.0	1.41266e-06	-58993.9	7.0	0.000123803	1.0	2963.85	70.4228	1389.26	51.4294	0.319142	0.0102562	1059.62	60.1727	
0.0-2.4	9.5-11.0	0.0-100.0	0.000-1.571	0.008	0.136	5705.0	5700.0	3961.73	75.7187	1738.32	59.2081	-0.312246	0.0989074	-0.05	0.0	0.364235	0.0696931	3.09215	0.000628313	0.048008	0.00335109	0.0248484	0.00144266	0.03	0.0	1.492	0.0	5.0	0.0	1.733	0.0	0.0351002	0.00122624	1.00134e-05	0.000394123	0.252014	0.00937676	0.411816	0.288493	0.0022233	0.00388478	0.000899813	0.000710346	1.51553	0.180886	0.727061	0.0202557	0.622227	0.100388	0.691856	0.0985943	0.217048	0.112689	0.0199319	0.0114126	0.243076	0.0193917	0.0790703	0.0170395	-10863.7	4.0	2.26149e-07	-48682.4	7.0	3.2048e-06	1.0	2869.69	67.4698	1092.04	44.4929	0.275648	0.0099183	1121.07	124.462	
0.4-0.8	6.5-30.0	0.0-100.0	0.000-1.571	0.008	0.073	5939.0	5939.0	3860.0	71.879	2078.78	58.1751	-0.00238923	0.0880157	-0.05	0.0	0.691588	0.0654184	3.09323	0.000456154	0.0208454	0.000788645	0.0369976	0.00324883	0.03	0.0	1.492	0.0	5.0	0.0	1.733	0.0	0.0268827	0.000918255	1.07909e-05	6.48731e-06	0.27828	0.00997861	0.164736	0.163076	-0.00113548	0.00593586	-0.000851991	0.000588543	1.82366	0.359661	0.922025	0.017589	0.707725	0.0726671	0.870985	0.0351446	0.475276	0.0510839	0.0558943	0.0157878	0.197067	0.0180375	0.442489	0.0847044	-11541.2	4.0	0.000106959	-51475.0	7.0	8.30251e-05	1.0	2705.5	63.1402	1154.5	43.7114	0.299094	0.00985986	1121.59	102.247	
0.8-1.2	6.5-30.0	0.0-100.0	0.000-1.571	0.008	0.105	10322.0	10316.0	5903.64	98.9577	4412.43	91.0991	0.0511361	0.0624371	-0.05	0.0	0.365364	0.0881521	3.09244	0.000551063	0.0279797	0.00248319	0.0340976	0.00243176	0.03	0.0	1.492	0.0	5.0	0.0	1.733	0.0	0.0319983	0.000949676	3.76156e-05	0.000218351	0.291215	0.00811102	0.510138	0.279061	0.00698866	0.00378923	-0.000117201	0.000650668	1.44442	0.131788	0.715323	0.0174171	0.523501	0.0458234	0.898529	0.0325908	0.455308	0.0413411	0.0516156	0.00639377	0.191951	0.0110556	0.256823	0.0472636	-16409.6	4.0	3.90555e-05	-92045.0	7.0	5.71453e-05	1.0	4094.6	83.8027	1809.04	56.8483	0.306428	0.00814507	1146.73	104.774	
1.2-1.6	6.5-30.0	0.0-10.0	0.000-1.571	0.008	0.136	5321.0	5313.0	2210.8	57.9466	3102.13	65.1855	0.119142	0.0699547	-0.05	0.0	0.489961	0.0	3.09129	0.0	0.0453219	0.0	0.0323333	0.00167714	0.03	0.0	1.492	0.0	5.0	0.0	1.733	0.0	0.0392382	0.000352438	2.31047e-05	0.000294422	0.23121	0.0117581	0.103775	0.0	0.00999984	0.0	0.00152726	0.000782451	2.09199	0.0	0.880664	0.0210628	0.920072	0.0737726	0.274047	0.0516064	0.299463	0.0771823	0.183951	0.0937562	0.213631	0.0191702	0.0549549	0.00711498	-7061.63	4.0	4.27012e-08	-42363.8	4.0	2.16465e-05	1.0	1540.97	53.4989	669.83	39.2305	0.302981	0.0158688	1072.03	7.75364	
1.2-1.6	6.5-30.0	0.0-100.0	0.000-1.571	0.008	0.136	13594.0	13572.0	7027.16	121.236	6545.2	119.08	-0.0609861	0.0513079	-0.05	0.0	0.489961	0.0922973	3.09129	0.000628644	0.0453219	0.00269197	0.0314862	0.001413	0.03	0.0	1.492	0.0	5.0	0.0	1.733	0.0	0.0388852	0.00103615	2.31047e-05	0.000294422	0.223714	0.00670007	0.103775	0.0507441	0.00999984	0.0195355	0.00178327	0.000474594	2.09199	0.256609	0.948402	0.0122747	0.734301	0.0862511	0.468029	0.0908399	0.34921	0.0826005	0.0972124	0.0171148	0.211045	0.0128299	0.0421732	0.00939352	-20608.0	4.0	3.837e-06	-122855.0	7.0	2.24021e-05	1.0	5119.63	106.519	1907.53	68.0278	0.271451	0.00847252	1122.63	46.7012	
1.2-1.6	6.5-30.0	10.0-20.0	0.000-1.571	0.008	0.128	3208.0	3196.0	1626.07	48.6067	1569.67	48.0224	-0.1773	0.0988698	-0.05	0.0	0.489961	0.0	3.09129	0.0	0.0453219	0.0	0.0358043	0.002405	0.03	0.0	1.492	0.0	5.0	0.0	1.733	0.0	0.0407463	0.000538934	2.94195e-05	0.000284662	0.204007	0.0116617	0.103775	0.0	0.00999984	0.0	0.00280013	0.00107075	2.09199	0.0	1.05591	0.0265992	0.57812	0.526113	0.999569	12.9128	0.615804	1.59911	0.098243	0.260162	0.170204	0.324801	0.02016	106.348	-4713.25	4.0	2.60732e-05	-24204.8	4.0	6.61837e-05	1.0	1114.8	45.3725	511.278	34.3771	0.314425	0.018937	1205.57	10.4397	
1.2-1.6	6.5-30.0	20.0-30.0	0.000-1.571	0.008	0.105	2319.0	2312.0	1311.07	41.1734	1001.12	37.2159	-0.0717449	0.123888	-0.05	0.0	0.489961	0.0	3.09129	0.0	0.0453219	0.0	0.0272059	0.00176234	0.03	0.0	1.492	0.0	5.0	0.0	1.733	0.0	0.0372012	0.000328678	1.00889e-05	0.00459463	0.236081	0.0162283	0.103775	0.0	0.00999984	0.0	0.000391869	0.00105666	2.09199	0.0	0.964095	0.0251306	0.456418	0.248779	0.713898	0.363632	0.271961	0.241924	0.0276392	0.00841157	0.148417	0.021038	0.0272893	0.013825	-4035.16	4.0	4.76498e-06	-17065.3	4.0	0.000127315	1.0	985.53	38.8332	325.542	25.5859	0.248302	0.0178897	1134.54	9.56948	
1.2-1.6	6.5-30.0	30.0-40.0	0.000-1.571	0.008	0.12	1333.0	1330.0	791.507	32.0639	538.337	27.8371	0.00730268	0.169016	-0.05	0.0	0.489961	0.0	3.09129	0.0	0.0453219	0.0	0.0309187	0.00277488	0.03	0.0	1.492	0.0	5.0	0.0	1.733	0.0	0.0386522	0.000566061	1.72747e-05	0.00459133	0.186936	0.0234445	0.103775	0.0	0.00999984	0.0	0.00495608	0.00136814	2.09199	0.0	0.89858	0.0354897	1.0	32.3665	0.331182	0.000994542	0.287273	0.000863695	0.0891993	39.0998	0.327342	0.000790904	0.0711308	0.000154762	-2318.91	4.0	1.05964e-06	-9113.57	4.0	3.58148e-05	1.0	642.476	32.6155	149.031	20.5628	0.188287	0.0248344	1085.27	13.1676	
1.2-1.6	6.5-30.0	40.0-50.0	0.000-1.571	0.016	0.064	725.0	707.0	525.558	24.7561	181.329	16.392	-1.69025	0.327466	-0.05	0.0	0.489961	0.0	3.09129	0.0	0.0453219	0.0	0.0303019	0.00332973	0.03	0.0	1.492	0.0	5.0	0.0	1.733	0.0	0.0384023	0.000670032	2.95545e-05	0.000300613	0.249805	0.0272878	0.103775	0.0	0.00999984	0.0	-0.00403967	0.00199151	2.09199	0.0	1.04637	0.0536881	0.999913	0.947938	0.999998	3.33174	0.522454	0.0498125	0.00847963	1.09803	0.215762	0.022477	0.0597823	12.837	-1373.06	4.0	1.80403e-05	-4605.95	4.0	3.18562e-05	1.0	392.273	23.936	133.285	16.4596	0.253606	0.0289506	1198.09	21.0116	
1.2-1.6	6.5-30.0	50.0-100.0	0.000-1.571	0.016	0.073	685.0	678.0	543.546	24.5599	134.429	13.9315	-1.16999	0.355889	-0.05	0.0	0.489961	0.0	3.09129	0.0	0.0453219	0.0	0.0290492	0.00237539	0.03	0.0	1.492	0.0	5.0	0.0	1.733	0.0	0.0379054	0.000464241	1.01642e-05	0.000817577	0.228259	0.0272569	0.103775	0.0	0.00999984	0.0	0.005991	0.00180586	2.09199	0.0	0.962639	0.049371	0.701351	1.10981	0.756314	1.03868	4.62382e-07	0.794473	0.02827	0.044908	0.310163	0.0549872	0.0200005	0.0902022	-1433.29	4.0	6.56337e-05	-4498.2	4.0	2.68261e-06	1.0	428.079	23.9624	115.467	15.0759	0.212433	0.0260223	1133.43	18.79	
1.6-2.0	6.5-30.0	0.0-100.0	0.000-1.571	0.008	0.16	13370.0	13363.0	6608.4	126.533	6754.62	127.102	-0.371546	0.0523553	-0.05	0.0	0.520463	0.108295	3.09107	0.000759743	0.0561602	0.00319544	0.033507	0.00287782	0.03	0.0	1.492	0.0	5.0	0.0	1.733	0.0	0.0466895	0.00162265	2.61437e-05	0.00458725	0.201286	0.00778451	0.462154	0.274076	0.00485629	0.00340939	0.00184165	0.000705892	1.4787	0.146906	0.858517	0.0158646	0.997041	0.121026	0.472866	0.0499552	0.653841	0.0228446	0.00743308	0.88616	0.179326	0.0117882	0.105777	0.0114515	-19975.2	4.0	7.63985e-06	-119665.0	7.0	4.49528e-05	1.0	5329.82	116.361	1278.58	61.0301	0.193478	0.00845966	1186.15	93.8699	
1.6-2.4	3.0-30.0	0.0-100.0	0.000-1.571	0.008	0.264	349418.0	349401.0	59918.4	460.002	289483.0	664.172	-0.00330106	0.00726908	-0.05	0.0	0.0385405	0.00920523	3.08924	0.000392766	0.0163375	0.00176582	0.052	0.000172392	0.03	0.0	1.89	0.0	5.0	0.0	1.44	0.0	0.0510889	0.000138871	1.05692e-05	6.49144e-05	0.221805	0.00411619	0.19593	0.106578	0.00823221	0.0041731	0.00639337	0.000166762	1.71895	0.159922	0.998075	0.00236195	1.0	0.00204862	0.820565	0.00525934	0.753471	0.00384166	0.0533117	0.000516849	0.114031	0.00201506	0.326312	0.00648835	-325235.0	4.0	9.28549e-06	-4162890.0	7.0	0.0001438	1.0	50775.0	454.135	9143.36	243.343	0.152597	0.00388861	1174.7	49.9991	
1.6-2.4	3.0-4.5	0.0-100.0	0.000-1.571	0.016	0.264	250622.0	250611.0	32280.3	378.482	218329.0	573.812	0.134213	0.00837902	-0.05	0.0	8.0272e-08	0.0116465	3.08837	0.000609	0.063587	0.0559733	0.0508648	0.000650461	0.03	0.0	1.86	0.0	5.0	0.0	1.38	0.0	0.0508648	0.000335741	8.85777e-05	0.0369611	0.234644	0.00727397	0.101357	0.069759	0.0499991	0.0925249	0.0030024	0.000199634	1.84755	0.275177	1.04097	0.00258533	1.0	38.1525	0.850452	0.0116275	0.682744	0.0173637	0.0252812	249.686	0.0845393	0.00298261	0.345042	0.00486638	-220394.0	4.0	1.4741e-05	-2897940.0	7.0	3.66128e-05	1.0	28488.2	377.46	3792.1	181.339	0.117474	0.00544615	1148.81	41.8931	
1.6-2.4	3.0-5.5	0.0-100.0	0.000-1.571	0.016	0.264	306477.0	306460.0	42763.4	914.785	263696.0	1022.81	0.0166979	0.00765374	-0.05	0.0	0.883213	0.0372756	3.08855	0.000510404	0.0480674	0.00079579	0.13	0.00651333	0.03	0.0	1.86	0.0	5.0	0.0	1.38	0.0	0.0633588	0.00229885	1.55371e-05	0.00459213	0.232769	0.00582256	0.125652	0.0884483	0.0251244	0.0167426	0.00685906	0.00017821	1.92178	0.271466	1.044	0.0023651	1.0	23.5773	0.823706	0.0591277	0.764208	0.0187022	0.0925287	97.5182	0.108502	0.0104956	0.340529	0.0165758	-274514.0	4.0	6.42987e-05	-3606810.0	7.0	4.71728e-05	1.0	37261.4	821.833	5501.97	232.189	0.128661	0.00468035	1190.4	55.6545	
1.6-2.4	3.0-6.5	0.0-10.0	0.000-1.571	0.016	0.264	178811.0	178793.0	19455.4	299.319	159336.0	479.009	0.0355286	0.00969699	-0.05	0.0	4.54196e-09	0.0	3.08952	0.0	0.0411396	0.0	0.0479844	0.00072248	0.03	0.0	1.86	0.0	5.0	0.0	1.38	0.0	0.0479844	0.00036124	1.3729e-05	0.00459296	0.236917	0.00939474	0.173641	0.0	0.0248856	0.0	0.00641994	0.000246276	1.74699	0.0	1.04232	0.00335715	1.0	0.0018458	0.805854	5.29429e-05	0.76141	2.89916e-05	0.255558	13.0993	0.116627	1.77535e-05	0.367353	7.08748e-05	-150588.0	4.0	7.90045e-06	-2005930.0	4.0	1.06134e-05	1.0	16986.0	298.443	2469.44	149.063	0.126928	0.00740876	1194.88	1.21001	
1.6-2.4	3.0-6.5	0.0-100.0	0.000-1.571	0.016	0.264	331077.0	331060.0	50792.8	444.896	280270.0	652.867	0.010304	0.00738937	-0.05	0.0	4.54196e-09	0.0206072	3.08952	0.000449233	0.0411396	0.0659237	0.050523	0.000463603	0.03	0.0	1.86	0.0	5.0	0.0	1.38	0.0	0.050523	0.000247839	1.3729e-05	0.00459296	0.235423	0.00514908	0.173641	0.119565	0.0248856	0.0127773	0.0056467	0.00017455	1.74699	0.202734	1.02121	0.00238451	1.0	0.00290846	0.803261	0.00566475	0.757112	0.00443594	0.12381	0.012162	0.107755	0.00226405	0.32268	0.00621533	-300496.0	4.0	0.000107209	-3923540.0	7.0	9.12437e-05	1.0	44024.8	439.138	6767.95	218.304	0.133246	0.00413644	1179.72	57.1978	
1.6-2.4	3.0-6.5	0.0-20.0	0.000-1.571	0.016	0.264	268606.0	268589.0	33719.5	384.967	234870.0	591.029	0.018252	0.00799617	-0.05	0.0	4.54196e-09	0.0	3.08952	0.0	0.0411396	0.0	0.0499415	0.000577208	0.03	0.0	1.86	0.0	5.0	0.0	1.38	0.0	0.0499415	0.000288604	1.3729e-05	0.00459296	0.233934	0.00676579	0.173641	0.0	0.0248856	0.0	0.0060348	0.000197093	1.74699	0.0	1.03001	0.00268261	1.0	0.185428	0.811477	0.000261291	0.754722	0.000149728	0.185906	11.6698	0.106589	7.84919e-05	0.341692	0.000326477	-236603.0	4.0	2.58727e-05	-3124040.0	4.0	0.000195437	1.0	29478.3	381.27	4241.11	185.6	0.125776	0.00531363	1186.02	0.962599	
1.6-2.4	3.0-6.5	10.0-20.0	0.000-1.571	0.016	0.209	89795.0	89714.0	14531.3	242.408	75183.6	345.516	-0.0152409	0.014176	-0.05	0.0	4.54196e-09	0.0	3.08952	0.0	0.0411396	0.0	0.0541936	0.000949536	0.03	0.0	1.86	0.0	5.0	0.0	1.38	0.0	0.0541936	0.000474768	1.37782e-05	0.00459294	0.23005	0.0103604	0.173641	0.0	0.0248856	0.0	0.00792097	0.000326572	1.74699	0.0	1.00919	0.00441762	0.937325	0.00969243	0.771471	0.0413931	0.772015	0.00999852	0.350943	0.0367737	0.137938	0.00350872	0.0830428	0.011115	-86554.6	4.0	2.13426e-06	-946197.0	4.0	2.14356e-05	1.0	13031.0	240.926	1500.3	106.853	0.103246	0.00714874	1171.14	1.57286	
1.6-2.4	3.0-6.5	20.0-30.0	0.000-1.571	0.016	0.192	33840.0	33830.0	7041.35	150.978	26788.0	206.232	-0.0815821	0.0238218	-0.05	0.0	4.54196e-09	0.0	3.08952	0.0	0.0411396	0.0	0.0552084	0.00121532	0.03	0.0	1.86	0.0	5.0	0.0	1.38	0.0	0.0552084	0.000607662	1.37746e-05	0.00459294	0.22798	0.0108839	0.173641	0.0	0.0248856	0.0	0.0032584	0.000521557	1.74699	0.0	0.993524	0.00711122	0.967569	0.0241033	0.751348	0.0425377	0.75607	0.013481	0.415659	0.113728	0.112173	0.0103899	0.195312	0.0262797	-33365.1	4.0	5.58529e-05	-324514.0	4.0	6.3975e-05	1.0	5911.63	147.736	1129.72	79.6604	0.160441	0.0107775	1160.02	2.5165	
1.6-2.4	3.0-6.5	20.0-40.0	0.000-1.571	0.016	0.192	50137.0	50116.0	11462.8	182.378	38653.2	245.858	-0.0551402	0.0198283	-0.05	0.0	4.54196e-09	0.0	3.08952	0.0	0.0411396	0.0	0.0521471	0.000866822	0.03	0.0	1.86	0.0	5.0	0.0	1.38	0.0	0.0521471	0.000433411	1.37746e-05	0.00459294	0.233601	0.00895598	0.173641	0.0	0.0248856	0.0	0.00384275	0.000424332	1.74699	0.0	0.991815	0.00588113	0.974306	0.0225741	0.750764	0.040817	0.759098	0.010474	0.375855	0.117101	0.113157	0.00779029	0.187165	0.0195217	-50735.5	4.0	6.77635e-05	-501209.0	4.0	2.51188e-05	1.0	9712.4	180.496	1750.44	97.3426	0.152706	0.00813703	1158.81	2.07979	
1.6-2.4	3.0-6.5	30.0-40.0	0.000-1.571	0.016	0.152	16296.0	16182.0	4408.35	103.037	11773.8	134.088	0.0299191	0.0359143	-0.05	0.0	4.54196e-09	0.0	3.08952	0.0	0.0411396	0.0	0.0469952	0.00118386	0.03	0.0	1.86	0.0	5.0	0.0	1.38	0.0	0.0469952	0.000591932	1.3843e-05	0.00459291	0.244492	0.0155958	0.173641	0.0	0.0248856	0.0	0.0049756	0.000729437	1.74699	0.0	0.985166	0.0103636	0.999917	0.634729	0.716672	0.00658133	0.761991	0.00188833	0.152886	0.958525	0.114919	0.000934607	0.153484	0.00212067	-17585.8	4.0	4.62985e-06	-144180.0	4.0	6.11891e-06	1.0	3786.34	103.725	622.015	56.0205	0.141099	0.0122724	1154.11	3.65521	
1.6-2.4	3.0-6.5	40.0-100.0	0.000-1.571	0.016	0.168	12333.0	12321.0	5648.86	98.1253	6671.61	103.201	0.127658	0.0482634	-0.05	0.0	4.54196e-09	0.0	3.08952	0.0	0.0411396	0.0	0.0509983	0.000844797	0.03	0.0	1.86	0.0	5.0	0.0	1.38	0.0	0.0509983	0.000422398	1.33924e-05	0.00459311	0.234022	0.0132126	0.173641	0.0	0.0248856	0.0	0.00620652	0.000792167	1.74699	0.0	0.931352	0.0110804	0.999999	0.202334	0.764289	0.0458148	0.789926	0.0157579	0.17496	0.858066	0.17951	0.0166072	0.232242	0.0402779	-15193.0	4.0	6.58467e-05	-108363.0	4.0	6.82426e-05	1.0	4839.44	102.696	809.424	60.6396	0.14329	0.0104423	1116.58	3.81872	
1.6-2.4	3.0-6.5	40.0-50.0	0.000-1.571	0.016	0.145	7286.0	7238.0	2891.68	72.461	4346.29	81.8837	0.135056	0.0595154	-0.05	0.0	4.54196e-09	0.0	3.08952	0.0	0.0411396	0.0	0.0493232	0.00116403	0.03	0.0	1.86	0.0	5.0	0.0	1.38	0.0	0.0493232	0.000582014	1.39771e-05	0.00459285	0.221294	0.0143031	0.173641	0.0	0.0248856	0.0	0.00180939	0.0010437	1.74699	0.0	0.868964	0.0156738	0.998397	0.993271	0.837724	0.0326552	0.508979	0.0630165	0.0120703	1.43107	0.0500001	0.00296287	0.262939	0.0295545	-8600.96	4.0	0.000103827	-59419.1	4.0	4.99464e-07	1.0	2314.21	74.04	577.467	48.2536	0.1997	0.0159191	1074.21	5.23873	
1.6-2.4	3.0-6.5	50.0-100.0	0.000-1.571	0.016	0.168	5046.0	5046.0	2776.38	66.1978	2269.69	62.2517	0.184429	0.0836084	-0.05	0.0	4.54196e-09	0.0	3.08952	0.0	0.0411396	0.0	0.0533727	0.0012753	0.03	0.0	1.86	0.0	5.0	0.0	1.38	0.0	0.0533727	0.00063765	1.33924e-05	0.00459311	0.249615	0.0211757	0.173641	0.0	0.0248856	0.0	0.00424319	0.00122948	1.74699	0.0	0.949031	0.016072	0.871509	0.0332437	0.999986	0.106245	0.773714	0.0224657	0.237906	0.0534906	0.18896	0.0169951	0.0200002	4.55639	-6739.07	4.0	3.12938e-06	-40347.1	4.0	9.01689e-06	1.0	2426.64	70.2717	349.737	40.743	0.125969	0.0143642	1128.81	5.58302	
1.6-2.4	4.5-5.5	0.0-100.0	0.000-1.571	0.016	0.192	55855.0	55783.0	11338.2	190.347	44444.8	263.313	-0.414028	0.0189427	-0.05	0.0	0.0728787	0.0650336	3.08961	0.000830343	0.0254799	0.00780211	0.0520926	0.00220314	0.03	0.0	1.86	0.0	5.0	0.0	1.38	0.0	0.050628	0.0012507	2.24592e-05	0.000300031	0.237053	0.00892613	0.168306	0.155053	0.0139897	0.0158776	0.00772482	0.000395899	1.94031	0.379299	1.06426	0.00599001	0.843949	0.0327335	0.904241	0.0660535	0.797887	0.00819419	0.147338	0.0227406	0.153387	0.00848977	0.324659	0.0666396	-54539.4	4.0	5.01112e-08	-563364.0	7.0	0.00891028	1.0	9394.81	185.004	1943.42	102.055	0.171404	0.00852859	1255.25	95.1096	
1.6-2.4	5.5-6.5	0.0-100.0	0.000-1.571	0.016	0.168	24599.0	24562.0	7425.46	131.119	17136.5	164.019	-0.454462	0.0305514	-0.05	0.0	0.0238506	0.0288772	3.0936	0.000936712	0.0207412	0.00937468	0.0523397	0.00146033	0.03	0.0	1.86	0.0	5.0	0.0	1.38	0.0	0.0518108	0.00078992	1.49587e-05	0.00459239	0.225551	0.00969991	0.433557	0.413492	0.016385	0.017632	0.00383198	0.000663053	1.45242	0.194727	0.867825	0.0118389	0.82493	0.0508159	0.477289	0.0687441	0.64115	0.0378696	0.163071	0.023233	0.204963	0.0110946	0.0635113	0.0140282	-27111.4	4.0	1.39942e-06	-229435.0	7.0	0.000556946	1.0	6228.4	126.841	1197.06	66.6299	0.161211	0.00850965	1158.1	132.166	
1.6-2.4	6.5-30.0	0.0-10.0	0.000-1.571	0.008	0.184	7195.0	7195.0	2976.79	69.3445	4218.14	77.7793	-0.314226	0.0605304	-0.05	0.0	0.626844	0.0	3.09078	0.0	0.0584782	0.0	0.0327531	0.00211243	0.03	0.0	1.492	0.0	5.0	0.0	1.733	0.0	0.0504374	0.000255943	6.70809e-05	0.00017923	0.228552	0.0146745	0.211707	0.0	0.00199102	0.0	0.00297518	0.000842734	1.6767	0.0	1.04779	0.0189808	1.0	13.1144	0.327286	0.0125313	0.584041	0.00344687	0.219836	22.7718	0.197761	0.00270069	0.0898356	0.00190986	-9432.59	4.0	1.80458e-05	-59198.1	4.0	1.24778e-05	1.0	2488.77	68.3826	488.024	38.0027	0.163943	0.0121817	1208.56	6.48602	
1.6-2.4	6.5-30.0	0.0-100.0	0.000-1.571	0.008	0.152	18341.0	18325.0	9173.74	165.497	9150.99	165.365	-0.380514	0.0462848	-0.05	0.0	0.626844	0.111841	3.09078	0.000678256	0.0584782	0.00297302	0.0320494	0.0040811	0.03	0.0	1.492	0.0	5.0	0.0	1.733	0.0	0.0502684	0.00178373	2.77437e-05	0.00458652	0.194555	0.00625763	0.211707	0.175346	0.00199102	0.00574194	0.00258093	0.000470671	1.6767	0.235346	0.945858	0.0105067	0.999975	6.48763	0.515928	0.042652	0.65154	0.0187735	0.00767515	0.000101013	0.176514	0.00920679	0.10576	0.0102485	-27249.8	4.0	0.00010534	-169785.0	7.0	7.69673e-05	1.0	7266.08	148.346	1907.66	77.5146	0.207948	0.00757118	1140.36	82.353	
1.6-2.4	6.5-30.0	10.0-20.0	0.000-1.571	0.008	0.16	4734.0	4734.0	2228.76	58.4748	2505.16	60.7909	-0.300906	0.0786857	-0.05	0.0	0.626844	0.0	3.09078	0.0	0.0584782	0.0	0.0337966	0.00278663	0.03	0.0	1.492	0.0	5.0	0.0	1.733	0.0	0.0506936	0.000346625	2.91966e-05	0.00458585	0.174771	0.0112408	0.211707	0.0	0.00199102	0.0	0.00150868	0.000967113	1.6767	0.0	0.968431	0.0205094	0.890641	0.00330561	0.999911	1.47178	0.685952	0.0026876	0.220431	0.00545856	0.135342	0.00106224	0.208388	7.86409	-6842.62	4.0	3.23483e-06	-37258.5	4.0	3.52007e-06	1.0	1741.79	59.0529	486.967	39.5237	0.218492	0.0167814	1155.2	6.77678	
1.6-2.4	6.5-30.0	20.0-30.0	0.000-1.571	0.008	0.152	2842.0	2842.0	1579.2	46.0167	1262.84	42.4406	-0.679722	0.11267	-0.05	0.0	0.626844	0.0	3.09078	0.0	0.0584782	0.0	0.0268121	0.00219966	0.03	0.0	1.492	0.0	5.0	0.0	1.733	0.0	0.0491109	0.000224063	2.77437e-05	0.00458652	0.207757	0.0147206	0.211707	0.0	0.00199102	0.0	0.00384004	0.00102958	1.6767	0.0	0.839908	0.0243653	0.74794	0.0897764	0.921713	0.0823402	0.686068	0.0516529	0.0664265	0.030652	0.141369	0.0190965	0.300864	0.157641	-4716.37	4.0	5.09192e-08	-21301.6	4.0	1.43901e-06	1.0	1229.54	44.9296	349.655	28.9626	0.221413	0.0171678	1072.97	7.51747	
1.6-2.4	6.5-30.0	30.0-40.0	0.000-1.571	0.008	0.12	1719.0	1717.0	1056.39	37.1298	660.511	31.3494	-0.439575	0.154908	-0.05	0.0	0.626844	0.0	3.09078	0.0	0.0584782	0.0	0.0285769	0.00271857	0.03	0.0	1.492	0.0	5.0	0.0	1.733	0.0	0.0494808	0.00029294	7.90451e-05	0.000185159	0.158919	0.0125994	0.211707	0.0	0.00199102	0.0	0.000968135	0.00135335	1.6767	0.0	0.843865	0.0291821	1.0	0.00689835	0.999997	0.0671678	0.770416	0.0341345	1.40763	0.303313	0.196853	0.0276692	0.0673186	2.85025	-3000.54	4.0	3.08937e-07	-12133.8	4.0	6.1258e-06	1.0	741.552	37.5567	314.835	29.2169	0.29803	0.0255969	1075.42	9.02545	
1.6-2.4	6.5-30.0	40.0-50.0	0.000-1.571	0.008	0.136	985.0	983.0	649.457	28.4049	333.503	22.1563	-0.886829	0.222436	-0.05	0.0	0.626844	0.0	3.09078	0.0	0.0584782	0.0	0.0311494	0.0033424	0.03	0.0	1.492	0.0	5.0	0.0	1.733	0.0	0.0500568	0.000388065	6.70209e-05	0.882424	0.173029	0.0185487	0.211707	0.0	0.00199102	0.0	0.000957482	0.00147963	1.6767	0.0	0.682914	0.034607	0.614934	0.132985	0.99999	0.719582	0.461379	0.13114	0.0385154	0.0145062	0.224344	0.0349588	0.0200025	3.18997	-1796.57	4.0	1.41482e-05	-6468.91	4.0	1.96395e-06	1.0	489.947	28.0353	159.509	19.3769	0.245604	0.0278348	981.231	9.49328	
1.6-2.4	6.5-30.0	50.0-100.0	0.000-1.571	0.008	0.088	863.0	846.0	669.956	28.1209	176.025	17.2301	-0.0383562	0.304624	-0.05	0.0	0.626844	0.0	3.09078	0.0	0.0584782	0.0	0.0445238	0.00464993	0.03	0.0	1.492	0.0	5.0	0.0	1.733	0.0	0.0536968	0.000719367	7.21792e-05	0.000182081	0.18099	0.021476	0.211707	0.0	0.00199102	0.0	0.00514986	0.0018734	1.6767	0.0	0.828381	0.0401366	0.641791	0.0402309	0.999942	3.06455	0.345024	0.0576396	0.0474264	0.0064347	0.195756	0.014417	0.0200144	11.9046	-1764.77	4.0	9.2855e-05	-5601.42	4.0	2.93991e-06	1.0	537.622	28.5139	132.334	18.2937	0.197527	0.0260167	1065.89	12.2947	
2.0-2.4	6.5-30.0	0.0-100.0	0.000-1.571	0.008	0.152	4970.0	4967.0	2590.33	70.6894	2376.66	69.1544	-0.419528	0.0836184	-0.05	0.0	0.852763	0.0639119	3.09094	0.00147849	0.063075	0.00307787	0.0248213	0.00541776	0.03	0.0	1.492	0.0	5.0	0.0	1.733	0.0	0.0590202	0.00168039	7.87116e-05	0.000484264	0.185959	0.0109131	0.0616687	0.0610904	-0.00999983	0.0176875	0.0025476	0.00080505	2.1655	0.541626	0.939684	0.0168462	0.805998	0.00240665	1.0	15.0947	0.653773	0.00163284	0.108847	0.00118427	0.16273	0.000738668	0.125772	60.0528	-7320.3	4.0	3.8074e-06	-39490.8	7.0	5.06172e-05	1.0	1993.32	66.7698	597.01	42.0069	0.230476	0.0149474	1057.23	65.1382	
