v2noW_Lxyz_pTtune_PRMC
rap	pT	cent	dPhi	ctauErrMin	ctauErrMax	NoCutEntry	CutEntry	NSig	NSigErr	NBkg	NBkgErr	coefExp	coefExpErr	coefPol1	coefPol1Err	coeffGaus	coeffGausErr	meanSig1	meanSig1Err	sigmaSig1	sigmaSig1Err	sigmaSig2	sigmaSig2Err	sigmaSig3	sigmaSig3Err	alpha	alphaErr	enne	enneErr	enneW	enneWErr	sigWidth	sigWidthErr	Gmc	GmcErr	bTau	bTauErr	fracRes	fracResErr	meanResSigW	meanResSigWErr	meanResSigN	meanResSigNErr	sigmaResSigW	sigmaResSigWErr	sigmaResSigN	sigmaResSigNErr	fpm	fpmErr	fLiving	fLivingErr	fbkgCtTot	fbkgCtTotErr	lambdam	lambdamErr	lambdap	lambdapErr	lambdasym	lambdasymErr	NLL	nFitPar	EDM	NLLMass	nFitParMass	EDMMass	Prob	PROMPT	PROMPTErr	NON-PROMPT	NON-PROMPTErr	Bfraction	BfractionErr	Resolution	ResolutionErr	
0.0-1.2	6.5-30.0	0.0-100.0	0.000-0.393	0.008	0.088	2313.0	2311.0	1574.85	42.6542	735.99	31.3162	0.190787	0.145243	-0.05	0.0	0.574412	0.0	3.09295	0.0	0.0208771	0.0	0.0360591	0.0	0.03	0.0	1.492	0.0	5.0	0.0	1.733	0.0	0.0283502	0.0	3.25814e-05	0.000295869	0.20055	0.0114266	0.501962	0.181306	-0.00129914	0.00300691	0.000407933	0.0011926	1.52034	0.12883	0.71872	0.0341731	0.999993	0.626337	0.511424	0.126404	0.505297	0.0780488	0.0420625	0.850914	0.169439	0.0241162	0.0803705	0.0209314	-4905.19	4.0	4.47411e-06	-17898.5	3.0	3.86312e-05	1.0	1097.26	39.762	477.594	29.4132	0.303263	0.0167738	1190.59	80.0022	
0.0-1.2	6.5-30.0	0.0-100.0	0.000-1.571	0.008	0.105	8799.0	8797.0	5849.29	88.3612	2947.54	70.0333	-0.132158	0.0758022	-0.05	0.0	0.574412	0.0751444	3.09295	0.000408686	0.0208771	0.000867563	0.0360591	0.00301467	0.03	0.0	1.492	0.0	5.0	0.0	1.733	0.0	0.0283502	0.00101367	1.16782e-05	0.000130175	0.192498	0.00591269	0.282557	0.19576	0.00228371	0.00264771	-0.000770955	0.000514893	1.58042	0.170805	0.829944	0.015434	0.639299	0.0468272	0.976171	0.0146114	0.399219	0.0460038	0.0549886	0.00775942	0.149398	0.00867024	0.422914	0.160369	-18496.7	4.0	2.98183e-06	-79580.7	7.0	9.7785e-05	1.0	4154.42	81.0939	1694.87	57.3861	0.289756	0.00878021	1095.41	88.0976	
0.0-1.2	6.5-30.0	0.0-100.0	0.393-0.785	0.008	0.096	2310.0	2309.0	1496.97	41.7517	811.969	32.53	-0.218686	0.13784	-0.05	0.0	0.574412	0.0	3.09295	0.0	0.0208771	0.0	0.0360591	0.0	0.03	0.0	1.492	0.0	5.0	0.0	1.733	0.0	0.0283502	0.0	2.67292e-05	0.00233575	0.195451	0.0119181	0.127168	0.584266	0.00999903	0.0216801	-0.00231288	0.000941405	1.49685	0.452055	0.950696	0.0308942	0.609116	0.003239	1.0	2.70718	0.339395	0.00369758	0.0528883	0.000532539	0.146962	0.00102769	0.0462693	13.2528	-4768.08	4.0	8.10601e-07	-17710.0	3.0	3.92226e-06	1.0	1081.16	39.4913	415.811	28.0137	0.277769	0.0170347	1036.25	193.338	
0.0-1.2	6.5-30.0	0.0-100.0	0.785-1.178	0.008	0.08	2121.0	2120.0	1423.51	40.4751	696.459	30.1862	-0.0668322	0.149009	-0.05	0.0	0.574412	0.0	3.09295	0.0	0.0208771	0.0	0.0360591	0.0	0.03	0.0	1.492	0.0	5.0	0.0	1.733	0.0	0.0283502	0.0	4.7042e-05	0.000197635	0.195206	0.012423	0.205787	0.168928	0.00506329	0.00588939	-0.000826923	0.000957567	1.73483	0.294288	0.848486	0.0274427	0.637184	0.086333	0.987047	0.0231374	0.44332	0.0820748	0.0662531	0.0177573	0.171518	0.0226764	0.727891	0.755856	-4531.57	4.0	2.47101e-06	-16210.1	3.0	1.25583e-05	1.0	1011.99	38.4275	411.519	28.0289	0.289087	0.0178922	1091.38	101.187	
0.0-1.2	6.5-30.0	0.0-100.0	1.178-1.571	0.008	0.088	2055.0	2054.0	1351.57	39.6855	702.427	30.4276	-0.437527	0.14881	-0.05	0.0	0.574412	0.0	3.09295	0.0	0.0208771	0.0	0.0360591	0.0	0.03	0.0	1.492	0.0	5.0	0.0	1.733	0.0	0.0283502	0.0	3.78287e-05	0.000218777	0.174025	0.0110472	0.083253	0.655744	-0.00048919	0.0163992	-0.000411789	0.0010013	1.84756	1.50756	0.917481	0.0302256	0.615494	0.117084	0.950397	0.029185	0.275052	0.118996	0.045327	0.0110969	0.130654	0.0181191	0.443678	0.1732	-4291.11	4.0	9.69464e-07	-15557.5	3.0	1.73273e-07	1.0	943.819	38.3827	407.752	29.1302	0.301688	0.0196483	1027.56	425.703	
0.0-1.2	6.5-30.0	10.0-60.0	0.000-0.393	0.008	0.064	1480.0	1476.0	1024.7	34.2549	451.28	24.4958	0.153905	0.185457	-0.05	0.0	0.574412	0.0	3.09295	0.0	0.0208771	0.0	0.0359547	0.0	0.03	0.0	1.492	0.0	5.0	0.0	1.733	0.0	0.0282937	0.0	1.40793e-05	0.000195463	0.205547	0.0147429	0.282557	0.0	0.00228371	0.0	-0.000901189	0.00119599	1.58042	0.0	0.812961	0.0359785	0.690431	0.238424	0.740532	0.762853	0.399877	0.180332	0.0466631	0.0214408	0.166847	0.0322731	0.0422652	0.029502	-3252.98	4.0	6.32221e-05	-10822.1	3.0	3.56869e-06	1.0	725.548	31.9387	299.148	23.0609	0.291938	0.020279	1086.24	9.65929	
0.0-1.2	6.5-30.0	10.0-60.0	0.000-1.571	0.008	0.105	5526.0	5524.0	3863.97	68.4489	1659.91	49.814	-0.14704	0.0967834	-0.05	0.0	0.574412	0.0	3.09295	0.0	0.0208771	0.0	0.0359547	0.0014394	0.03	0.0	1.492	0.0	5.0	0.0	1.733	0.0	0.0282937	0.000389229	1.16782e-05	0.000130175	0.203572	0.00778259	0.282557	0.0	0.00228371	0.0	-0.000781089	0.000619037	1.58042	0.0	0.80712	0.0184506	0.568921	0.0604434	0.981638	0.0105026	0.312358	0.0686749	0.0456052	0.00609672	0.153795	0.0112451	0.582661	0.247291	-12138.7	4.0	1.02929e-05	-47836.7	4.0	1.24549e-05	1.0	2795.49	63.6005	1068.48	44.1695	0.276524	0.0103283	1083.11	4.93212	
0.0-1.2	6.5-30.0	10.0-60.0	0.393-0.785	0.008	0.073	1480.0	1479.0	1013.8	34.1564	465.201	24.8611	-0.118765	0.182363	-0.05	0.0	0.574412	0.0	3.09295	0.0	0.0208771	0.0	0.0359547	0.0	0.03	0.0	1.492	0.0	5.0	0.0	1.733	0.0	0.0282937	0.0	1.70432e-05	0.00459144	0.206666	0.0159892	0.282557	0.0	0.00228371	0.0	-0.000905525	0.00118057	1.58042	0.0	0.806595	0.0376261	0.531308	0.0374363	1.0	18.7335	0.234409	0.0486964	0.046338	0.00498981	0.15291	0.0130233	0.0372041	165.198	-3215.04	4.0	9.79084e-06	-10800.7	3.0	1.55039e-07	1.0	765.27	32.3013	248.53	21.183	0.245147	0.0191929	1082.83	10.0541	
0.0-1.2	6.5-30.0	10.0-60.0	0.785-1.178	0.008	0.064	1284.0	1282.0	921.427	32.2542	360.551	21.8967	-0.167384	0.207824	-0.05	0.0	0.574412	0.0	3.09295	0.0	0.0208771	0.0	0.0359547	0.0	0.03	0.0	1.492	0.0	5.0	0.0	1.733	0.0	0.0282937	0.0	1.55303e-05	0.000309325	0.211187	0.0168349	0.282557	0.0	0.00228371	0.0	-0.00050474	0.00120941	1.58042	0.0	0.784765	0.0336327	0.590165	0.228323	0.953488	0.040365	0.416456	0.214083	0.042315	0.0235308	0.182328	0.0400647	0.557365	0.361506	-2936.76	4.0	2.7414e-05	-9302.06	3.0	9.4576e-06	1.0	665.353	30.1753	256.075	21.1768	0.277911	0.0208222	1071.26	8.83822	
0.0-1.2	6.5-30.0	10.0-60.0	1.178-1.571	0.008	0.064	1282.0	1280.0	898.933	32.0567	381.062	22.5782	-0.518699	0.202858	-0.05	0.0	0.574412	0.0	3.09295	0.0	0.0208771	0.0	0.0359547	0.0	0.03	0.0	1.492	0.0	5.0	0.0	1.733	0.0	0.0282937	0.0	1.05551e-05	0.000410668	0.189771	0.0145419	0.282557	0.0	0.00228371	0.0	-0.0015765	0.00140556	1.58042	0.0	0.83308	0.0415672	0.61411	0.0924461	0.963229	0.025043	0.202117	0.0980589	0.049899	0.0108456	0.129667	0.0174051	0.599671	0.322265	-2737.59	4.0	3.16347e-06	-9211.95	3.0	1.02488e-06	1.0	633.226	30.5428	265.707	22.6435	0.29558	0.0228779	1097.12	11.3225	
0.0-2.4	10.0-13.0	0.0-100.0	0.000-0.393	0.016	0.08	930.0	926.0	694.554	28.3634	231.446	18.4766	0.455685	0.267569	-0.05	0.0	0.366816	0.0	3.09256	0.0	0.0210269	0.0	0.0403436	0.0	0.03	0.0	1.492	0.0	5.0	0.0	1.733	0.0	0.0345363	0.0	1.00051e-05	0.0125341	0.196005	0.0164738	0.270245	0.128633	-0.00998909	0.00318196	0.00146457	0.00145315	1.58141	0.172807	0.812551	0.0419453	0.765577	0.107393	0.877007	0.561901	0.497936	0.720315	0.108406	0.0475899	0.161979	0.0345086	0.021534	4.0241	-2070.59	4.0	3.47764e-05	-6360.13	3.0	9.99375e-08	1.0	484.684	26.1721	209.871	19.1486	0.302166	0.024654	1075.94	65.8624	
0.0-2.4	10.0-13.0	0.0-100.0	0.000-1.571	0.008	0.136	3634.0	3633.0	2689.89	58.3625	943.17	40.7363	-0.48566	0.135267	-0.05	0.0	0.366816	0.0906861	3.09256	0.000737869	0.0210269	0.00220324	0.0403436	0.00276979	0.03	0.0	1.492	0.0	5.0	0.0	1.733	0.0	0.0345363	0.00130974	1.25623e-05	9.06713e-05	0.190381	0.00846089	0.0553454	0.0788853	0.000212513	0.0144851	-0.000706328	0.00069379	2.09412	0.553674	0.898563	0.0207248	0.734694	0.18373	0.660202	0.168042	1.05745e-06	0.184408	0.0602782	0.0203995	0.166608	0.0153813	0.0220524	0.0499125	-7830.02	4.0	1.02316e-05	-29768.1	7.0	1.48778e-05	1.0	1888.46	54.4443	801.432	39.8459	0.297942	0.0133282	1002.71	77.7997	
0.0-2.4	10.0-13.0	0.0-100.0	0.393-0.785	0.016	0.088	937.0	936.0	690.849	28.2561	245.111	18.7788	-0.650614	0.257506	-0.05	0.0	0.366816	0.0	3.09256	0.0	0.0210269	0.0	0.0403436	0.0	0.03	0.0	1.492	0.0	5.0	0.0	1.733	0.0	0.0345363	0.0	9.67596e-05	0.000320065	0.211402	0.0189609	0.901013	0.195774	0.0060855	0.00409751	-0.00630386	0.00446138	1.24122	0.055634	0.6	0.0435066	0.758398	0.0202202	1.0	0.684689	0.420179	0.0190602	0.0450858	0.0037759	0.168935	0.00659867	0.0317561	5.57652	-2012.37	4.0	2.12992e-07	-6415.19	3.0	1.41894e-05	1.0	513.768	26.1388	177.082	17.1503	0.256325	0.0225026	1193.21	55.0098	
0.0-2.4	10.0-13.0	0.0-100.0	0.785-1.178	0.008	0.105	870.0	869.0	652.397	27.5964	216.562	18.0472	-0.662183	0.275294	-0.05	0.0	0.366816	0.0	3.09256	0.0	0.0210269	0.0	0.0403436	0.0	0.03	0.0	1.492	0.0	5.0	0.0	1.733	0.0	0.0345363	0.0	0.000150013	0.000368392	0.174056	0.0168015	0.0264505	0.0570749	-0.00999745	0.0190374	-0.00102447	0.00152079	2.76374	1.36911	0.941794	0.0460371	0.683519	0.0249527	0.999998	2.46102	0.271095	0.0296934	0.040711	0.00428383	0.207789	0.0103916	0.0285263	11.3079	-1849.59	4.0	3.35588e-05	-5867.45	3.0	1.81731e-05	1.0	450.703	27.1032	201.694	21.0691	0.309159	0.0295286	1032.25	107.132	
0.0-2.4	10.0-13.0	0.0-100.0	1.178-1.571	0.016	0.088	897.0	894.0	654.591	27.7086	239.419	18.7779	-1.03454	0.264748	-0.05	0.0	0.366816	0.0	3.09256	0.0	0.0210269	0.0	0.0403436	0.0	0.03	0.0	1.492	0.0	5.0	0.0	1.733	0.0	0.0345363	0.0	4.2601e-05	0.000476275	0.208309	0.0197153	0.726956	0.161532	0.0031347	0.00293387	0.0015141	0.00298323	1.44524	0.102086	0.636889	0.0749735	0.837107	0.269387	0.758572	0.808092	0.1967	0.163624	0.0450711	0.0289389	0.147957	0.0316651	0.0467064	0.0284551	-1869.99	4.0	1.06647e-05	-6046.46	3.0	7.22735e-07	1.0	485.842	26.0855	168.749	17.5652	0.257793	0.0245149	1276.39	68.0217	
0.0-2.4	10.0-13.0	10.0-60.0	0.000-0.393	0.016	0.08	622.0	619.0	473.065	23.3537	145.922	14.7736	0.461224	0.337399	-0.05	0.0	0.366816	0.0	3.09256	0.0	0.0210269	0.0	0.0408835	0.0	0.03	0.0	1.492	0.0	5.0	0.0	1.733	0.0	0.034936	0.0	1.00051e-05	0.0125341	0.189818	0.0184868	0.0553454	0.0	0.000212513	0.0	-0.000351488	0.00149684	2.09412	0.0	0.877572	0.0439105	0.814569	0.03865	0.999972	4.30215	0.61755	0.0262114	0.127768	0.0213884	0.178124	0.0125528	0.156749	28.3566	-1398.09	4.0	4.43467e-05	-4019.51	3.0	1.54504e-06	1.0	316.336	21.3627	156.729	16.5031	0.331305	0.0308139	984.996	18.4782	
0.0-2.4	10.0-13.0	10.0-60.0	0.000-1.571	0.008	0.136	2364.0	2363.0	1795.02	46.3614	567.99	30.3701	-0.572366	0.170007	-0.05	0.0	0.366816	0.0	3.09256	0.0	0.0210269	0.0	0.0408835	0.00152817	0.03	0.0	1.492	0.0	5.0	0.0	1.733	0.0	0.034936	0.000566171	1.25623e-05	9.06713e-05	0.195098	0.0105848	0.0553454	0.0	0.000212513	0.0	-0.00022414	0.000844547	2.09412	0.0	0.909111	0.0248786	0.723304	0.15136	0.765942	0.207635	0.0879915	0.0828025	0.055131	0.0142678	0.164293	0.0184332	0.0330036	0.0217791	-5178.73	4.0	9.25596e-07	-18435.7	4.0	7.23213e-08	1.0	1266.37	43.4816	528.658	31.7382	0.294513	0.0159614	1011.66	10.5597	
0.0-2.4	10.0-13.0	10.0-60.0	0.393-0.785	0.016	0.088	609.0	608.0	465.862	23.0939	142.151	14.4778	-0.800041	0.340704	-0.05	0.0	0.366816	0.0	3.09256	0.0	0.0210269	0.0	0.0408835	0.0	0.03	0.0	1.492	0.0	5.0	0.0	1.733	0.0	0.034936	0.0	9.67596e-05	0.000320065	0.201858	0.021437	0.0553454	0.0	0.000212513	0.0	-0.000975319	0.00158511	2.09412	0.0	0.925603	0.0499112	0.66477	0.0342242	1.0	3.89583	0.282393	0.0365347	0.0506552	0.00608791	0.164036	0.0125962	0.02	18.6396	-1342.33	4.0	2.85561e-07	-3940.38	3.0	6.17109e-06	1.0	334.023	21.6741	131.839	15.437	0.282999	0.0300202	1025.69	21.2741	
0.0-2.4	10.0-13.0	10.0-60.0	0.785-1.178	0.008	0.105	563.0	562.0	437.563	22.4217	124.432	13.769	-0.690515	0.365139	-0.05	0.0	0.366816	0.0	3.09256	0.0	0.0210269	0.0	0.0408835	0.0	0.03	0.0	1.492	0.0	5.0	0.0	1.733	0.0	0.034936	0.0	0.000150013	0.000368392	0.193549	0.0233466	0.0553454	0.0	0.000212513	0.0	-0.000813072	0.00187207	2.09412	0.0	1.0223	0.0544515	0.474711	0.0181792	1.0	44.7516	0.000140521	0.882148	0.00708077	4.35516e-08	0.222414	0.00515098	0.0200002	147.361	-1233.9	4.0	3.62608e-06	-3582.4	3.0	9.30305e-06	1.0	314.721	21.6478	122.841	15.7534	0.28074	0.0330036	1109.04	23.7075	
0.0-2.4	10.0-13.0	10.0-60.0	1.178-1.571	0.016	0.056	570.0	562.0	414.204	21.9392	147.786	14.6611	-1.23186	0.341515	-0.05	0.0	0.366816	0.0	3.09256	0.0	0.0210269	0.0	0.0408835	0.0	0.03	0.0	1.492	0.0	5.0	0.0	1.733	0.0	0.034936	0.0	5.58531e-05	0.000456735	0.188814	0.0218935	0.0553454	0.0	0.000212513	0.0	0.00191477	0.00189704	2.09412	0.0	1.00699	0.0553103	0.724939	0.113867	0.999998	13.1082	0.0959225	0.149623	0.0418032	0.0203193	0.129464	0.0251061	0.0692558	32.322	-1193.61	4.0	7.5956e-08	-3543.03	3.0	1.59961e-05	1.0	298.107	21.1768	116.097	15.3932	0.280289	0.034069	1095.73	24.0089	
0.0-2.4	13.0-30.0	0.0-100.0	0.000-0.393	0.008	0.064	580.0	578.0	455.681	22.8178	122.311	13.6858	-0.133442	0.362933	-0.05	0.0	0.512461	0.0	3.09382	0.0	0.0230174	0.0	0.0452843	0.0	0.03	0.0	1.492	0.0	5.0	0.0	1.733	0.0	0.0356551	0.0	0.000100096	0.000341831	0.191904	0.0185026	0.858188	0.20333	0.00132389	0.00290195	-0.00469516	0.0050427	1.21927	0.0856541	0.6	0.176378	0.906401	0.734185	0.883889	0.916474	0.502757	0.144322	0.0431228	0.0420049	0.202222	0.0514647	0.0391118	0.0494842	-1316.58	4.0	7.24369e-06	-3749.88	3.0	1.40548e-07	1.0	287.445	20.3111	168.236	16.6233	0.369197	0.0314487	1151.89	63.4645	
0.0-2.4	13.0-30.0	0.0-100.0	0.000-1.571	0.008	0.105	2201.0	2201.0	1704.32	46.0367	496.655	30.1924	-0.518559	0.187968	-0.05	0.0	0.512461	0.102093	3.09382	0.000894489	0.0230174	0.00207162	0.0452843	0.00462516	0.03	0.0	1.492	0.0	5.0	0.0	1.733	0.0	0.035655	0.00183118	2.10356e-05	0.0045896	0.166898	0.00861463	0.0347602	0.122355	-0.00537756	0.015369	-0.000780471	0.000786182	1.80759	0.989032	0.952111	0.0283053	0.851328	0.168853	0.865628	0.272729	0.334175	0.0959599	0.0425237	0.0173992	0.19579	0.0229489	0.0415545	0.0263826	-5067.4	4.0	4.80366e-08	-17137.7	7.0	0.000108731	1.0	1078.04	42.1398	626.283	34.8423	0.367468	0.0178721	994.274	80.144	
0.0-2.4	13.0-30.0	0.0-100.0	0.393-0.785	0.008	0.064	575.0	572.0	424.042	22.1517	147.901	14.6467	-0.516832	0.329007	-0.05	0.0	0.512461	0.0	3.09382	0.0	0.0230174	0.0	0.0452843	0.0	0.03	0.0	1.492	0.0	5.0	0.0	1.733	0.0	0.0356551	0.0	1.12306e-05	0.00159264	0.179546	0.0202315	0.703851	0.324382	0.00687232	0.0111474	-0.00492756	0.00253095	1.16624	0.0727715	0.600003	0.223792	0.44973	0.0217815	1.0	2.81329	0.07344	0.0366881	0.0232118	0.00177277	0.173167	0.0101771	0.0374869	18.0703	-1321.4	4.0	4.46453e-05	-3635.34	3.0	2.71515e-05	1.0	308.699	20.2427	115.343	13.6388	0.272008	0.0288549	1031.47	85.9808	
0.0-2.4	13.0-30.0	0.0-100.0	0.785-1.178	0.008	0.056	523.0	517.0	401.031	21.2492	115.969	12.902	-0.721171	0.374442	-0.05	0.0	0.512461	0.0	3.09382	0.0	0.0230174	0.0	0.0452843	0.0	0.03	0.0	1.492	0.0	5.0	0.0	1.733	0.0	0.0356551	0.0	3.98792e-05	0.000279455	0.160203	0.0171476	0.0591112	0.0890247	-0.00987308	0.0151467	-1.96347e-06	0.00158246	2.19428	0.854214	0.940496	0.0585341	0.992908	0.746202	0.595472	0.143945	0.25012	0.128312	0.00717877	3.35152e-06	0.253438	0.0526544	0.058779	0.0230489	-1234.12	4.0	8.24681e-06	-3301.3	3.0	2.86937e-06	1.0	263.58	20.2155	137.451	16.3296	0.342744	0.0364447	1056.82	100.993	
0.0-2.4	13.0-30.0	0.0-100.0	1.178-1.571	0.008	0.08	523.0	522.0	416.942	21.7536	105.052	12.7017	-0.734299	0.396591	-0.05	0.0	0.512461	0.0	3.09382	0.0	0.0230174	0.0	0.0452843	0.0	0.03	0.0	1.492	0.0	5.0	0.0	1.733	0.0	0.0356551	0.0	1.03545e-05	0.00459451	0.162457	0.0157451	0.858094	0.102806	-0.0014856	0.00231549	-0.000708012	0.00537774	1.25528	0.0777394	0.600001	0.327391	0.940755	0.0478067	0.999999	10.6135	0.26813	0.041443	0.00706663	4.2805e-09	0.16017	0.0100804	0.0201541	28.0222	-1184.12	4.0	9.54302e-05	-3324.24	3.0	2.46417e-06	1.0	248.966	19.5898	167.975	17.0832	0.402875	0.0351701	1184.57	45.6451	
0.0-2.4	13.0-30.0	10.0-60.0	0.000-0.393	0.008	0.064	374.0	372.0	296.382	18.3183	75.5944	10.7136	-0.491844	0.461796	-0.05	0.0	0.512461	0.0	3.09382	0.0	0.0230174	0.0	0.045507	0.0	0.03	0.0	1.492	0.0	5.0	0.0	1.733	0.0	0.035793	0.0	0.000100096	0.000341831	0.202045	0.0260799	0.0347602	0.0	-0.00537756	0.0	-7.9602e-05	0.00172715	1.80759	0.0	0.942745	0.0585003	0.999999	0.979071	0.868236	0.160621	0.57242	0.112778	0.00705239	2.51816e-07	0.211263	0.0576915	0.0678271	0.0851503	-912.734	4.0	7.4472e-06	-2257.27	3.0	7.71776e-06	1.0	200.077	16.9501	96.3055	13.0313	0.324937	0.0391134	985.622	27.0052	
0.0-2.4	13.0-30.0	10.0-60.0	0.000-1.571	0.008	0.08	1441.0	1438.0	1121.31	36.5676	316.601	23.0747	-0.429404	0.226625	-0.05	0.0	0.512461	0.0	3.09382	0.0	0.0230174	0.0	0.045507	0.00269684	0.03	0.0	1.492	0.0	5.0	0.0	1.733	0.0	0.035793	0.000835823	1.04426e-05	0.00602457	0.176801	0.0117766	0.0347602	0.0	-0.00537756	0.0	-0.00046172	0.000937469	1.80759	0.0	0.944094	0.0350004	0.707198	0.196157	0.813696	0.225302	0.176458	0.158877	0.0321768	0.0138693	0.198409	0.0270583	0.0322859	0.0249958	-3383.18	4.0	2.44904e-05	-10598.5	4.0	9.23596e-05	1.0	751.519	33.9194	369.795	26.3688	0.329787	0.0209126	986.867	16.1598	
0.0-2.4	13.0-30.0	10.0-60.0	0.393-0.785	0.008	0.064	371.0	370.0	277.382	17.8889	92.5798	11.6268	-0.410576	0.414545	-0.05	0.0	0.512461	0.0	3.09382	0.0	0.0230174	0.0	0.045507	0.0	0.03	0.0	1.492	0.0	5.0	0.0	1.733	0.0	0.035793	0.0	1.12306e-05	0.00159264	0.150327	0.0212889	0.0347602	0.0	-0.00537756	0.0	-0.000166668	0.00180501	1.80759	0.0	0.969927	0.0705247	0.499061	0.0798654	1.0	31.626	0.225867	0.0946061	0.0375959	0.00892455	0.19497	0.0386678	0.0200029	185.219	-865.01	4.0	1.61088e-05	-2198.12	3.0	2.85946e-05	1.0	194.262	17.1057	83.12	12.8212	0.299659	0.0419881	1010.76	32.6617	
0.0-2.4	13.0-30.0	10.0-60.0	0.785-1.178	0.012	0.044	337.0	330.0	257.116	16.9994	72.8648	10.2342	-0.372534	0.467191	-0.05	0.0	0.512461	0.0	3.09382	0.0	0.0230174	0.0	0.045507	0.0	0.03	0.0	1.492	0.0	5.0	0.0	1.733	0.0	0.035793	0.0	1.72143e-05	0.000568696	0.169858	0.0240652	0.0347602	0.0	-0.00537756	0.0	-0.000562404	0.00186772	1.80759	0.0	0.9564	0.074703	0.999998	8.93976	0.534915	0.0649195	0.133484	0.0496661	0.0334088	13.0685	0.276938	0.0340193	0.0479128	0.00814249	-796.311	4.0	4.06341e-07	-1959.4	3.0	4.35697e-06	1.0	180.599	16.087	76.5169	11.9084	0.297597	0.0419283	998.239	34.5421	
0.0-2.4	13.0-30.0	10.0-60.0	1.178-1.571	0.008	0.08	359.0	358.0	286.099	18.0543	71.8937	10.5716	-0.537169	0.475018	-0.05	0.0	0.512461	0.0	3.09382	0.0	0.0230174	0.0	0.045507	0.0	0.03	0.0	1.492	0.0	5.0	0.0	1.733	0.0	0.035793	0.0	1.03545e-05	0.00459451	0.178328	0.0204488	0.0347602	0.0	-0.00537756	0.0	-0.00279488	0.00203161	1.80759	0.0	0.912817	0.0715405	0.783588	0.0858219	1.0	0.0126142	1.95048e-06	0.176012	0.00864535	0.00654154	0.135422	0.0250076	3.52019	1.91508	-813.603	4.0	4.89934e-05	-2142.78	3.0	8.19444e-07	1.0	170.545	16.7387	115.554	14.749	0.403894	0.0448105	958.043	32.897	
0.0-2.4	6.5-30.0	0.0-10.0	0.000-0.393	0.008	0.136	1888.0	1884.0	935.153	35.1771	948.771	35.3702	0.0301686	0.126715	-0.05	0.0	0.413807	0.0	3.09296	0.0	0.047	0.0	0.0239578	0.0	0.03	0.0	1.492	0.0	5.0	0.0	1.733	0.0	0.0353633	0.0	1.25622e-05	0.000104313	0.176642	0.013558	0.194806	0.0	0.00388621	0.0	0.00181474	0.00138064	1.71005	0.0	0.97	0.0369817	0.800671	0.143167	0.393789	0.182802	0.449121	0.226955	0.131882	0.0596586	0.179184	0.0335662	0.042597	0.0265654	-2969.05	4.0	2.00177e-05	-13338.6	3.0	3.92257e-06	1.0	641.548	33.6338	293.605	25.9001	0.313964	0.0250518	1152.07	12.5357	
0.0-2.4	6.5-30.0	0.0-10.0	0.000-1.571	0.008	0.136	7227.0	7218.0	3580.01	69.8339	3637.83	70.2463	-0.102092	0.0647894	-0.05	0.0	0.413807	0.0	3.09296	0.0	0.047	0.0	0.0239578	0.000852078	0.03	0.0	1.492	0.0	5.0	0.0	1.733	0.0	0.0353633	0.000169194	3.37928e-05	7.02542e-05	0.18369	0.00774285	0.194806	0.0	0.00388621	0.0	0.000595564	0.000687881	1.71005	0.0	0.957222	0.0189007	0.904014	0.248312	0.44307	0.245005	0.493127	0.0516146	0.0769063	0.0532814	0.179166	0.021215	0.0725227	0.012488	-11400.0	4.0	2.23823e-06	-60801.9	4.0	5.19029e-06	1.0	2559.12	67.3478	1020.88	49.3993	0.285162	0.0126278	1143.43	6.37015	
0.0-2.4	6.5-30.0	0.0-10.0	0.393-0.785	0.008	0.145	1893.0	1892.0	884.065	34.541	1008.04	36.2909	-0.34232	0.123351	-0.05	0.0	0.413807	0.0	3.09296	0.0	0.047	0.0	0.0239578	0.0	0.03	0.0	1.492	0.0	5.0	0.0	1.733	0.0	0.0353633	0.0	1.89238e-05	0.00459057	0.210574	0.0172196	0.194806	0.0	0.00388621	0.0	0.000947566	0.00135274	1.71005	0.0	0.962825	0.0384191	0.677642	0.0197256	0.999991	8.62228	0.485152	0.0185516	0.0698916	0.00456115	0.143679	0.00551147	0.0759791	42.5557	-2802.01	4.0	4.54262e-06	-13313.7	3.0	7.41322e-06	1.0	623.168	32.8168	260.897	24.2496	0.295111	0.0248886	1147.22	12.9813	
0.0-2.4	6.5-30.0	0.0-10.0	0.785-1.178	0.008	0.128	1779.0	1778.0	901.784	34.3252	876.44	33.9541	0.0798299	0.131866	-0.05	0.0	0.413807	0.0	3.09296	0.0	0.047	0.0	0.0239578	0.0	0.03	0.0	1.492	0.0	5.0	0.0	1.733	0.0	0.0353633	0.0	1.34329e-05	0.0045931	0.184815	0.0161643	0.194806	0.0	0.00388621	0.0	0.00174065	0.00137826	1.71005	0.0	0.950724	0.0391338	0.528667	0.00604116	1.0	14.636	0.432747	0.00643557	0.0591182	0.00101066	0.152557	0.00206973	0.1535	44.0452	-2837.1	4.0	2.13741e-06	-12525.5	3.0	3.14053e-05	1.0	661.192	33.6019	240.591	24.0739	0.266795	0.024689	1139.06	13.1501	
0.0-2.4	6.5-30.0	0.0-10.0	1.178-1.571	0.008	0.152	1667.0	1666.0	860.572	33.4433	805.691	32.6132	-0.16217	0.137802	-0.05	0.0	0.413807	0.0	3.09296	0.0	0.047	0.0	0.0239578	0.0	0.03	0.0	1.492	0.0	5.0	0.0	1.733	0.0	0.0353633	0.0	1.96612e-05	0.00459023	0.163537	0.0150757	0.194806	0.0	0.00388621	0.0	0.0012123	0.00139152	1.71005	0.0	0.950836	0.037982	1.0	10.1618	0.322454	0.00757818	0.538777	0.00565207	0.149045	19.588	0.242275	0.00435599	0.0753184	0.00132129	-2789.89	4.0	2.10678e-05	-11649.9	3.0	4.7199e-05	1.0	632.858	33.1621	227.714	23.941	0.264608	0.0258496	1139.14	12.7638	
0.0-2.4	6.5-30.0	0.0-100.0	0.000-0.393	0.008	0.152	5669.0	5667.0	3224.32	63.6903	2442.68	57.2263	-0.0456699	0.0793115	-0.05	0.0	0.413807	0.0	3.09296	0.0	0.047	0.0	0.0244311	0.0	0.03	0.0	1.492	0.0	5.0	0.0	1.733	0.0	0.0355526	0.0	1.26244e-05	0.000102978	0.192118	0.00836721	0.206229	0.0969039	0.00181619	0.00447859	0.000540644	0.000685652	1.83948	0.188543	0.865785	0.0178711	0.859632	0.0739281	0.470152	0.122178	0.378834	0.140556	0.116614	0.0359995	0.15733	0.0141395	0.0352202	0.0122255	-9999.85	4.0	1.72309e-06	-47036.8	3.0	1.8787e-07	1.0	2335.82	61.3286	888.496	44.0494	0.275561	0.0125304	1137.02	64.5625	
0.0-2.4	6.5-30.0	0.0-100.0	0.000-1.571	0.008	0.128	20678.0	20638.0	12120.6	139.386	8517.92	125.783	-0.196605	0.0439443	-0.05	0.0	0.413807	0.0443505	3.09296	0.000376522	0.047	0.00186931	0.0244311	0.00084452	0.03	0.0	1.492	0.0	5.0	0.0	1.733	0.0	0.0355526	0.000736976	3.69757e-05	6.79802e-05	0.190654	0.00440371	0.194806	0.0809249	0.00388621	0.00250472	-0.000304045	0.000364224	1.71005	0.123875	0.887969	0.0099475	0.973153	0.0475013	0.409758	0.0419538	0.404472	0.0503416	0.197076	0.144102	0.186976	0.00865039	0.0587903	0.00887651	-36643.0	4.0	7.33853e-05	-198580.0	7.0	4.49702e-05	1.0	8843.66	128.563	3276.96	87.209	0.270362	0.00648866	1097.52	43.7484	
0.0-2.4	6.5-30.0	0.0-100.0	0.393-0.785	0.008	0.145	5395.0	5393.0	3083.07	62.1982	2309.88	55.6368	-0.324518	0.0818655	-0.05	0.0	0.413807	0.0	3.09296	0.0	0.047	0.0	0.0244311	0.0	0.03	0.0	1.492	0.0	5.0	0.0	1.733	0.0	0.0355526	0.0	1.89238e-05	0.00459057	0.191136	0.00874465	0.0431777	0.107987	0.00997815	0.0195849	0.000101736	0.000691988	1.89503	0.83285	1.01857	0.019351	0.654493	0.112143	0.890727	0.740562	0.425572	0.0761493	0.0604793	0.0147596	0.160325	0.0169525	0.0600457	0.0709609	-9314.4	4.0	1.27512e-06	-44508.8	3.0	7.50107e-07	1.0	2247.22	60.7109	835.857	43.7591	0.271112	0.0130972	1071.33	72.3181	
0.0-2.4	6.5-30.0	0.0-100.0	0.785-1.178	0.008	0.152	4922.0	4921.0	2949.35	60.4237	1971.62	51.7053	-0.131891	0.0885171	-0.05	0.0	0.413807	0.0	3.09296	0.0	0.047	0.0	0.0244311	0.0	0.03	0.0	1.492	0.0	5.0	0.0	1.733	0.0	0.0355526	0.0	2.75139e-05	0.00458662	0.196527	0.00942864	0.0918396	0.0685565	0.00342668	0.00702651	0.00129353	0.000693117	2.01375	0.316371	0.945025	0.0190641	0.575747	0.0984795	0.921752	0.209812	0.426915	0.0861073	0.051205	0.0138642	0.170136	0.0171301	0.0908522	0.0685457	-8879.77	4.0	0.000119344	-40406.0	3.0	2.9837e-06	1.0	2192.08	58.6918	757.267	40.848	0.256757	0.0128121	1087.88	57.1102	
0.0-2.4	6.5-30.0	0.0-100.0	1.178-1.571	0.008	0.152	4692.0	4690.0	2865.93	59.4464	1823.93	49.9185	-0.319921	0.0923106	-0.05	0.0	0.413807	0.0	3.09296	0.0	0.047	0.0	0.0244311	0.0	0.03	0.0	1.492	0.0	5.0	0.0	1.733	0.0	0.0355526	0.0	1.96612e-05	0.00459023	0.185374	0.00870098	0.449361	0.193671	0.00205439	0.00260759	0.00107461	0.000931791	1.48015	0.117135	0.757998	0.0250104	0.615278	0.0491609	0.975708	0.0187445	0.470632	0.0554424	0.0582071	0.00953366	0.167342	0.014314	0.445115	0.217693	-8442.56	4.0	3.3608e-05	-38358.6	3.0	2.659e-05	1.0	2082.51	57.3553	783.422	41.0825	0.273357	0.0131657	1140.55	76.7806	
0.0-2.4	6.5-30.0	10.0-20.0	0.000-0.393	0.008	0.128	1447.0	1445.0	784.228	31.6702	660.767	29.6575	0.149812	0.152129	-0.05	0.0	0.413807	0.0	3.09296	0.0	0.047	0.0	0.0249363	0.0	0.03	0.0	1.492	0.0	5.0	0.0	1.733	0.0	0.0357576	0.0	1.2601e-05	0.000103615	0.20649	0.0168151	0.194806	0.0	0.00388621	0.0	-0.00169933	0.00142955	1.71005	0.0	0.93682	0.035614	0.856007	0.932504	0.739716	0.278188	0.598908	0.267539	0.0198311	0.0540959	0.136262	0.0282559	0.12576	0.0676977	-2417.57	4.0	1.05921e-05	-9953.79	3.0	1.52414e-06	1.0	543.796	29.8047	240.432	22.368	0.306585	0.025695	1129.75	11.8896	
0.0-2.4	6.5-30.0	10.0-20.0	0.000-1.571	0.008	0.16	5125.0	5124.0	2843.05	60.9684	2280.67	56.1672	-0.193213	0.0821271	-0.05	0.0	0.413807	0.0	3.09296	0.0	0.047	0.0	0.0249363	0.000966564	0.03	0.0	1.492	0.0	5.0	0.0	1.733	0.0	0.0357576	0.000197563	1.00282e-05	0.000232918	0.200158	0.00914728	0.194806	0.0	0.00388621	0.0	0.000593946	0.000777962	1.71005	0.0	0.920592	0.0211873	0.550006	0.112208	0.923202	0.0436319	0.398358	0.105462	0.0401195	0.0112914	0.136518	0.0124664	0.221132	0.074555	-8566.88	4.0	1.29912e-05	-41855.4	4.0	1.59965e-05	1.0	2044.58	58.2009	798.478	41.9301	0.280852	0.0134624	1118.95	7.01779	
0.0-2.4	6.5-30.0	10.0-20.0	0.393-0.785	0.008	0.128	1308.0	1304.0	707.767	30.173	596.161	28.2633	-0.165984	0.160359	-0.05	0.0	0.413807	0.0	3.09296	0.0	0.047	0.0	0.0249363	0.0	0.03	0.0	1.492	0.0	5.0	0.0	1.733	0.0	0.0357576	0.0	1.64982e-05	0.00459169	0.194773	0.0201559	0.194806	0.0	0.00388621	0.0	0.0012444	0.00157526	1.71005	0.0	0.933553	0.0445606	0.520391	0.12351	0.907364	0.119677	0.225791	0.138168	0.0412665	0.0135828	0.129131	0.0174541	0.129562	0.0693139	-2189.22	4.0	3.93929e-06	-8840.36	3.0	4.24427e-06	1.0	547.931	29.912	159.836	19.8877	0.225832	0.0263984	1127.57	14.8531	
0.0-2.4	6.5-30.0	10.0-20.0	0.785-1.178	0.008	0.152	1231.0	1230.0	690.196	29.6198	539.738	26.9605	-0.310774	0.169007	-0.05	0.0	0.413807	0.0	3.09296	0.0	0.047	0.0	0.0249363	0.0	0.03	0.0	1.492	0.0	5.0	0.0	1.733	0.0	0.0357576	0.0	2.75139e-05	0.00458662	0.211792	0.0208742	0.194806	0.0	0.00388621	0.0	-0.000514051	0.00148077	1.71005	0.0	0.926635	0.0402957	0.999995	0.177673	0.417529	0.185282	0.580136	0.156125	0.0984001	0.755075	0.22656	0.0458456	0.0755695	0.0252032	-2100.7	4.0	9.07142e-07	-8302.3	3.0	8.95239e-06	1.0	509.263	28.3	180.933	19.5841	0.262148	0.0260492	1122.96	13.3867	
0.0-2.4	6.5-30.0	10.0-20.0	1.178-1.571	0.008	0.12	1139.0	1135.0	662.317	28.7896	472.626	25.2817	-0.600129	0.182506	-0.05	0.0	0.413807	0.0	3.09296	0.0	0.047	0.0	0.0249363	0.0	0.03	0.0	1.492	0.0	5.0	0.0	1.733	0.0	0.0357576	0.0	2.02273e-05	0.00458997	0.184632	0.016189	0.194806	0.0	0.00388621	0.0	0.000638773	0.00178613	1.71005	0.0	0.936776	0.0512162	0.604194	0.0882018	0.932512	0.0708182	0.429754	0.110137	0.0550462	0.0172064	0.138205	0.022573	0.324249	0.193271	-1876.92	4.0	2.26991e-06	-7611.82	3.0	3.78496e-06	1.0	441.514	27.7644	220.803	22.2409	0.33338	0.0302927	1129.72	17.0979	
0.0-2.4	6.5-30.0	10.0-30.0	0.000-0.393	0.008	0.128	2463.0	2460.0	1381.27	41.793	1078.73	38.0011	0.0427353	0.119194	-0.05	0.0	0.413807	0.0	3.09296	0.0	0.047	0.0	0.0241604	0.0	0.03	0.0	1.492	0.0	5.0	0.0	1.733	0.0	0.035444	0.0	1.2601e-05	0.000103615	0.213716	0.0141732	0.194806	0.0	0.00388621	0.0	0.000623185	0.001045	1.71005	0.0	0.891143	0.0263561	0.710514	0.768026	0.571745	0.342391	0.441348	0.182911	0.0239884	0.0247296	0.142166	0.0267904	0.0751577	0.0293852	-4327.64	4.0	1.01222e-06	-18335.7	3.0	1.1936e-06	1.0	1017.02	39.7523	364.255	27.4737	0.26371	0.0182196	1099.59	8.59941	
0.0-2.4	6.5-30.0	10.0-30.0	0.000-1.571	0.008	0.16	8720.0	8719.0	5072.79	80.4392	3645.45	71.0147	-0.190427	0.0650474	-0.05	0.0	0.413807	0.0	3.09296	0.0	0.047	0.0	0.0241604	0.000687098	0.03	0.0	1.492	0.0	5.0	0.0	1.733	0.0	0.035444	0.000137275	1.00282e-05	0.000232918	0.202737	0.00700475	0.194806	0.0	0.00388621	0.0	0.0012756	0.000560038	1.71005	0.0	0.889231	0.0152583	0.523336	0.0666154	0.957366	0.0286733	0.378065	0.0709926	0.0421212	0.00674066	0.14083	0.00862179	0.214217	0.0773287	-15357.6	4.0	1.08784e-06	-76312.7	4.0	8.09836e-05	1.0	3704.04	76.6873	1368.75	53.8724	0.269822	0.00971985	1098.34	4.97339	
0.0-2.4	6.5-30.0	10.0-30.0	0.393-0.785	0.008	0.145	2261.0	2260.0	1280.41	40.1335	979.577	36.1918	-0.164978	0.125258	-0.05	0.0	0.413807	0.0	3.09296	0.0	0.047	0.0	0.0241604	0.0	0.03	0.0	1.492	0.0	5.0	0.0	1.733	0.0	0.035444	0.0	1.89238e-05	0.00459057	0.187505	0.0131901	0.194806	0.0	0.00388621	0.0	0.000951597	0.0011356	1.71005	0.0	0.917122	0.0320174	0.571498	0.0814662	0.999994	0.121965	0.401931	0.0903323	0.0531138	0.00910744	0.142356	0.0139633	0.0200061	3.06178	-3937.29	4.0	8.85112e-07	-16677.2	3.0	3.34056e-06	1.0	942.471	39.1668	337.944	27.8131	0.263933	0.020085	1116.66	10.5868	
0.0-2.4	6.5-30.0	10.0-30.0	0.785-1.178	0.008	0.152	2032.0	2031.0	1218.27	38.7709	812.702	33.1315	-0.352851	0.138213	-0.05	0.0	0.413807	0.0	3.09296	0.0	0.047	0.0	0.0241604	0.0	0.03	0.0	1.492	0.0	5.0	0.0	1.733	0.0	0.035444	0.0	2.75139e-05	0.00458662	0.217717	0.0156086	0.194806	0.0	0.00388621	0.0	-0.000393346	0.00108896	1.71005	0.0	0.87642	0.0295542	0.752351	0.852539	0.511628	0.376018	0.429666	0.218689	0.0285365	0.0411722	0.190007	0.0314645	0.0636356	0.0219789	-3675.67	4.0	1.19664e-06	-14884.4	3.0	8.61439e-06	1.0	899.657	36.8108	318.608	25.2606	0.261526	0.0189911	1090.02	9.56682	
0.0-2.4	6.5-30.0	10.0-30.0	1.178-1.571	0.008	0.145	1964.0	1963.0	1192.42	38.365	770.555	32.4041	-0.366755	0.142083	-0.05	0.0	0.413807	0.0	3.09296	0.0	0.047	0.0	0.0241604	0.0	0.03	0.0	1.492	0.0	5.0	0.0	1.733	0.0	0.035444	0.0	1.49137e-05	0.00459242	0.188255	0.0129337	0.194806	0.0	0.00388621	0.0	0.000638074	0.00122144	1.71005	0.0	0.884583	0.0351089	0.548135	0.0613086	0.966381	0.0312099	0.381734	0.0893283	0.0475235	0.00945311	0.152219	0.019	0.367161	0.205816	-3436.32	4.0	1.31225e-05	-14330.2	3.0	4.6125e-06	1.0	832.303	36.991	360.113	28.0265	0.302003	0.0214014	1095.32	11.4153	
0.0-2.4	6.5-30.0	10.0-60.0	0.000-0.393	0.008	0.152	3648.0	3647.0	2177.04	51.8435	1469.92	44.5048	-0.103698	0.102403	-0.05	0.0	0.413807	0.0	3.09296	0.0	0.047	0.0	0.024622	0.0	0.03	0.0	1.492	0.0	5.0	0.0	1.733	0.0	0.0356297	0.0	1.26244e-05	0.000102978	0.197231	0.0105881	0.194806	0.0	0.00388621	0.0	0.000608415	0.000805646	1.71005	0.0	0.854046	0.0207498	0.643036	0.291216	0.716622	0.284569	0.435437	0.180878	0.0268042	0.0213407	0.152503	0.0231236	0.079988	0.0401553	-6773.01	4.0	6.31058e-07	-28847.7	3.0	2.32862e-06	1.0	1608.25	49.7738	568.795	34.5563	0.261269	0.0146028	1075.63	6.63291	
0.0-2.4	6.5-30.0	10.0-60.0	0.000-1.571	0.008	0.16	12927.0	12925.0	8102.49	100.217	4821.69	82.2355	-0.274027	0.056811	-0.05	0.0	0.413807	0.0	3.09296	0.0	0.047	0.0	0.024622	0.000533936	0.03	0.0	1.492	0.0	5.0	0.0	1.733	0.0	0.0356297	0.000108146	1.00282e-05	0.000232918	0.191886	0.00542575	0.194806	0.0	0.00388621	0.0	-0.00074851	0.0004431	1.71005	0.0	0.854457	0.0120164	0.962578	0.0348367	0.378531	0.0425108	0.282312	0.0730537	0.202036	0.0992916	0.189712	0.0103823	0.0459045	0.00646687	-24126.9	4.0	7.66819e-05	-119226.0	4.0	0.000114813	1.0	5933.27	97.0203	2169.22	68.8999	0.267723	0.00783231	1075.89	3.8421	
0.0-2.4	6.5-30.0	10.0-60.0	0.393-0.785	0.008	0.145	3380.0	3379.0	2095.61	50.5806	1283.36	41.7889	-0.312599	0.110095	-0.05	0.0	0.413807	0.0	3.09296	0.0	0.047	0.0	0.024622	0.0	0.03	0.0	1.492	0.0	5.0	0.0	1.733	0.0	0.0356297	0.0	1.89238e-05	0.00459057	0.184222	0.0104634	0.194806	0.0	0.00388621	0.0	0.000598382	0.000904739	1.71005	0.0	0.917979	0.0259403	0.556065	0.0732066	1.0	0.165765	0.399043	0.0817434	0.0506744	0.00760978	0.16729	0.0141433	0.0200021	3.08982	-6245.41	4.0	6.05196e-05	-26605.1	3.0	9.62519e-06	1.0	1559.51	49.643	536.094	34.8569	0.255818	0.0154448	1117.22	8.58101	
0.0-2.4	6.5-30.0	10.0-60.0	0.785-1.178	0.008	0.152	2992.0	2991.0	1932.45	48.312	1058.57	38.2145	-0.310608	0.121495	-0.05	0.0	0.413807	0.0	3.09296	0.0	0.047	0.0	0.024622	0.0	0.03	0.0	1.492	0.0	5.0	0.0	1.733	0.0	0.0356297	0.0	2.75139e-05	0.00458662	0.202327	0.0117818	0.194806	0.0	0.00388621	0.0	0.000501589	0.000891275	1.71005	0.0	0.874855	0.023793	0.599471	0.133784	0.987207	0.0152104	0.443362	0.126098	0.0490133	0.0145585	0.161879	0.0200041	0.643059	0.495539	-5728.31	4.0	2.84496e-06	-23315.2	3.0	1.7306e-05	1.0	1437.08	46.5001	495.369	32.0132	0.256342	0.0152763	1089.01	7.6953	
0.0-2.4	6.5-30.0	10.0-60.0	1.178-1.571	0.008	0.152	2907.0	2906.0	1899.39	47.8946	1006.54	37.4308	-0.435376	0.124937	-0.05	0.0	0.413807	0.0	3.09296	0.0	0.047	0.0	0.024622	0.0	0.03	0.0	1.492	0.0	5.0	0.0	1.733	0.0	0.0356297	0.0	1.96612e-05	0.00459023	0.191938	0.0106683	0.194806	0.0	0.00388621	0.0	0.00070092	0.000955364	1.71005	0.0	0.867188	0.0265947	0.567404	0.0501144	0.976678	0.0180332	0.348206	0.0762632	0.0501584	0.00803588	0.162697	0.0168269	0.507313	0.271516	-5390.92	4.0	1.24083e-05	-22588.3	3.0	1.53907e-05	1.0	1356.97	46.2567	542.419	33.9992	0.285575	0.0163877	1084.06	8.56498	
0.0-2.4	6.5-30.0	20.0-30.0	0.000-0.393	0.008	0.105	1016.0	1013.0	598.164	27.281	414.835	23.6839	-0.109484	0.1924	-0.05	0.0	0.413807	0.0	3.09296	0.0	0.047	0.0	0.0232223	0.0	0.03	0.0	1.492	0.0	5.0	0.0	1.733	0.0	0.0350745	0.0	1.25371e-05	0.000105445	0.229507	0.0257082	0.194806	0.0	0.00388621	0.0	0.00366404	0.0015012	1.71005	0.0	0.872075	0.0380023	0.559445	0.176107	0.934613	0.896813	0.419569	0.130346	0.0558076	0.0177304	0.119937	0.0346834	0.056187	0.12426	-1913.6	4.0	1.01674e-05	-6704.47	3.0	1.08026e-06	1.0	473.886	26.1534	124.278	15.78	0.207766	0.0246201	1087.21	12.2721	
0.0-2.4	6.5-30.0	20.0-30.0	0.000-1.571	0.008	0.136	3595.0	3592.0	2227.04	52.4584	1364.77	43.4718	-0.188116	0.106498	-0.05	0.0	0.413807	0.0	3.09296	0.0	0.047	0.0	0.0232223	0.000964203	0.03	0.0	1.492	0.0	5.0	0.0	1.733	0.0	0.0350745	0.000187108	3.37928e-05	7.02542e-05	0.206043	0.0108949	0.194806	0.0	0.00388621	0.0	0.00192668	0.000804949	1.71005	0.0	0.842778	0.0220287	0.509568	0.100193	0.82416	0.242841	0.294812	0.1112	0.0432884	0.00757619	0.151124	0.0176886	0.0411628	0.0236083	-6804.09	4.0	1.12043e-06	-28535.4	4.0	2.22547e-05	1.0	1655.36	49.9427	571.681	33.9883	0.2567	0.0140127	1068.44	6.99553	
0.0-2.4	6.5-30.0	20.0-30.0	0.393-0.785	0.008	0.105	953.0	947.0	573.059	26.4229	373.855	22.3369	-0.14349	0.202774	-0.05	0.0	0.413807	0.0	3.09296	0.0	0.047	0.0	0.0232223	0.0	0.03	0.0	1.492	0.0	5.0	0.0	1.733	0.0	0.0350745	0.0	2.76412e-05	0.127705	0.183488	0.0177077	0.194806	0.0	0.00388621	0.0	0.00159207	0.00163867	1.71005	0.0	0.900507	0.0475568	0.552129	0.0340375	1.0	29.0123	0.51502	0.0358025	0.0411724	0.00441119	0.165725	0.0109027	0.0200147	199.638	-1750.89	4.0	1.84095e-05	-6244.19	3.0	5.66985e-05	1.0	400.068	25.2305	172.991	18.9717	0.301873	0.0300379	1105.72	15.5929	
0.0-2.4	6.5-30.0	20.0-30.0	0.785-1.178	0.008	0.12	801.0	799.0	526.303	24.9622	272.638	19.2201	-0.433338	0.239656	-0.05	0.0	0.413807	0.0	3.09296	0.0	0.047	0.0	0.0232223	0.0	0.03	0.0	1.492	0.0	5.0	0.0	1.733	0.0	0.0350745	0.0	1.26912e-05	0.00459344	0.22673	0.023587	0.194806	0.0	0.00388621	0.0	-0.000101712	0.00158651	1.71005	0.0	0.810387	0.0428207	0.595776	0.280378	0.712617	0.766194	0.157019	0.235746	0.0408464	0.0147546	0.135665	0.0302593	0.0358372	0.0279977	-1583.09	4.0	1.42839e-06	-5213.18	3.0	3.36728e-05	1.0	388.649	23.445	137.654	15.8904	0.261549	0.0275264	1048.07	13.3299	
0.0-2.4	6.5-30.0	20.0-30.0	1.178-1.571	0.008	0.128	825.0	823.0	529.538	25.33	293.418	20.1372	-0.0273185	0.229245	-0.05	0.0	0.413807	0.0	3.09296	0.0	0.047	0.0	0.0232223	0.0	0.03	0.0	1.492	0.0	5.0	0.0	1.733	0.0	0.0350745	0.0	3.66622e-05	0.000202958	0.191857	0.0212625	0.194806	0.0	0.00388621	0.0	0.00015599	0.00166419	1.71005	0.0	0.811629	0.0483929	0.542199	0.168101	0.542005	0.227906	0.100925	0.170361	0.0397316	0.0147451	0.206216	0.0460636	0.0356311	0.0160319	-1559.94	4.0	6.188e-05	-5351.24	3.0	1.20715e-05	1.0	388.485	24.4335	141.053	17.2395	0.26637	0.0299587	1048.85	15.0764	
0.0-2.4	6.5-30.0	30.0-60.0	0.000-0.393	0.008	0.12	1185.0	1183.0	794.399	30.6064	388.585	23.0426	-0.481939	0.201421	-0.05	0.0	0.413807	0.0	3.09296	0.0	0.047	0.0	0.0253168	0.0	0.03	0.0	1.492	0.0	5.0	0.0	1.733	0.0	0.035914	0.0	1.2559e-05	0.000104568	0.167662	0.0149652	0.194806	0.0	0.00388621	0.0	0.000135598	0.00123315	1.71005	0.0	0.759656	0.0333624	0.589517	0.353933	0.714657	0.773074	0.21539	0.309413	0.0316813	0.0202623	0.178999	0.0288941	0.0203024	0.367044	-2470.12	4.0	3.67918e-05	-8199.48	3.0	4.30591e-07	1.0	584.907	29.8358	209.492	21.154	0.263712	0.0246144	1017.02	10.0327	
0.0-2.4	6.5-30.0	30.0-60.0	0.000-1.571	0.008	0.145	4207.0	4205.0	3030.73	59.7125	1174.65	41.3445	-0.539993	0.116834	-0.05	0.0	0.413807	0.0	3.09296	0.0	0.047	0.0	0.0253168	0.000861421	0.03	0.0	1.492	0.0	5.0	0.0	1.733	0.0	0.035914	0.00017798	3.69686e-05	0.0287936	0.177299	0.00841535	0.194806	0.0	0.00388621	0.0	-0.000191807	0.000717481	1.71005	0.0	0.817598	0.0194581	0.706212	0.160596	0.57755	0.158357	0.151514	0.0858328	0.0484767	0.0151735	0.218083	0.0219558	0.0374415	0.0150786	-8855.28	4.0	1.33529e-05	-34827.1	4.0	5.02103e-05	1.0	2249.45	58.6132	781.283	41.3309	0.257787	0.0126562	1052.57	6.08495	
0.0-2.4	6.5-30.0	30.0-60.0	0.393-0.785	0.008	0.096	1119.0	1115.0	813.002	30.6367	301.993	20.6788	-0.806958	0.232714	-0.05	0.0	0.413807	0.0	3.09296	0.0	0.047	0.0	0.0253168	0.0	0.03	0.0	1.492	0.0	5.0	0.0	1.733	0.0	0.035914	0.0	1.0155e-05	0.000596844	0.170512	0.0171866	0.194806	0.0	0.00388621	0.0	-0.00122065	0.00147671	1.71005	0.0	0.866677	0.0439608	0.679389	0.827813	0.452022	0.385934	0.0698617	0.142976	0.0359883	0.0327091	0.260928	0.0518259	0.0445671	0.0155216	-2345.81	4.0	1.0455e-06	-7780.91	3.0	9.23566e-07	1.0	608.0	30.64	205.003	21.7612	0.252155	0.0250231	1083.73	14.1538	
0.0-2.4	6.5-30.0	30.0-60.0	0.785-1.178	0.008	0.12	960.0	958.0	714.392	28.7482	243.606	18.8598	-0.192621	0.255146	-0.05	0.0	0.413807	0.0	3.09296	0.0	0.047	0.0	0.0253168	0.0	0.03	0.0	1.492	0.0	5.0	0.0	1.733	0.0	0.035914	0.0	1.26912e-05	0.00459344	0.173634	0.0170637	0.194806	0.0	0.00388621	0.0	0.000363698	0.00154553	1.71005	0.0	0.847411	0.0395015	0.704081	0.110937	0.985889	0.0178087	0.278833	0.109421	0.0541251	0.0199243	0.161312	0.0262269	1.20519	1.43066	-2077.85	4.0	4.68635e-07	-6560.48	3.0	6.71156e-08	1.0	534.995	28.6622	179.396	20.2519	0.251118	0.0264861	1071.39	12.5785	
0.0-2.4	6.5-30.0	30.0-60.0	1.178-1.571	0.008	0.105	943.0	940.0	705.593	28.592	234.4	18.61	-0.659006	0.262563	-0.05	0.0	0.413807	0.0	3.09296	0.0	0.047	0.0	0.0253168	0.0	0.03	0.0	1.492	0.0	5.0	0.0	1.733	0.0	0.035914	0.0	4.85093e-05	0.000406753	0.197405	0.0186927	0.194806	0.0	0.00388621	0.0	0.000670117	0.00153511	1.71005	0.0	0.856201	0.0403071	0.653905	0.246425	1.0	0.17046	0.31788	0.243985	0.0602467	0.0301596	0.211687	0.0324957	0.922451	5.07391	-1972.05	4.0	2.47485e-07	-6420.22	3.0	8.74506e-07	1.0	522.022	27.7115	183.57	19.3854	0.260165	0.0253708	1077.0	12.9006	
0.0-2.4	6.5-30.0	60.0-100.0	0.000-0.393	0.008	0.056	133.0	129.0	109.574	11.0289	19.4178	5.6084	0.563817	0.85082	-0.05	0.0	0.413807	0.0	3.09296	0.0	0.047	0.0	0.023157	0.0	0.03	0.0	1.492	0.0	5.0	0.0	1.733	0.0	0.0350492	0.0	2.68431e-05	0.000324728	0.239014	0.0520997	0.194806	0.0	0.00388621	0.0	0.00305362	0.00383421	1.71005	0.0	0.845799	0.119198	0.735834	0.152393	1.0	0.0410852	4.95442e-06	0.160904	0.0860567	0.0610429	0.123798	0.0447723	3.08964	2.0377	-303.387	4.0	2.05951e-05	-658.077	3.0	5.80296e-05	1.0	80.2097	10.2864	29.3642	7.02625	0.267985	0.0581742	1070.37	37.9205	
0.0-2.4	6.5-30.0	60.0-100.0	0.000-1.571	0.008	0.088	524.0	520.0	432.248	21.9257	87.7149	11.672	-0.172474	0.427968	-0.05	0.0	0.413807	0.0	3.09296	0.0	0.047	0.0	0.023157	0.00207272	0.03	0.0	1.492	0.0	5.0	0.0	1.733	0.0	0.0350492	0.00040138	3.69533e-05	0.0259228	0.214353	0.0273291	0.194806	0.0	0.00388621	0.0	0.000989448	0.00162935	1.71005	0.0	0.778429	0.0445823	0.83046	0.530468	0.882507	0.225217	0.168102	0.904204	0.00708393	0.2662	0.179267	0.0372804	0.0904848	0.0892074	-1299.7	4.0	2.26592e-08	-3370.03	4.0	3.89477e-06	1.0	336.696	21.1927	95.5519	13.4512	0.221058	0.0290287	1028.38	13.5862	
0.0-2.4	6.5-30.0	60.0-100.0	0.393-0.785	0.016	0.073	122.0	120.0	99.119	10.438	20.8766	5.54136	-0.537489	0.860231	-0.05	0.0	0.413807	0.0	3.09296	0.0	0.047	0.0	0.023157	0.0	0.03	0.0	1.492	0.0	5.0	0.0	1.733	0.0	0.0350492	0.0	3.01358e-05	2.93372	0.225646	0.0651292	0.194806	0.0	0.00388621	0.0	-0.000637663	0.00296547	1.71005	0.0	0.74373	0.0859789	0.999969	0.483167	0.999999	3.61135	0.713793	0.0550809	0.00753263	4.03339	0.254372	0.0494455	0.0279911	13.9787	-318.859	4.0	6.72086e-05	-602.679	3.0	4.08926e-06	1.0	80.4902	10.1182	18.6288	5.86333	0.187944	0.0557452	1007.5	25.5526	
0.0-2.4	6.5-30.0	60.0-100.0	0.785-1.178	0.016	0.088	151.0	148.0	113.252	11.3422	34.7847	7.0832	-0.172524	0.663213	-0.05	0.0	0.413807	0.0	3.09296	0.0	0.047	0.0	0.023157	0.0	0.03	0.0	1.492	0.0	5.0	0.0	1.733	0.0	0.0350492	0.0	3.82827e-05	0.000150588	0.241286	0.0818286	0.194806	0.0	0.00388621	0.0	-0.000981081	0.0032794	1.71005	0.0	0.853194	0.0788941	0.999983	1.22226	0.999998	5.75132	0.0387053	0.190592	0.00850416	0.815737	0.1759	0.0649346	0.0424421	25.5181	-357.862	4.0	3.17221e-05	-750.496	3.0	8.70856e-05	1.0	99.0837	11.2522	14.1686	5.49131	0.125106	0.0468406	1075.08	25.207	
0.0-2.4	6.5-30.0	60.0-100.0	1.178-1.571	0.016	0.088	118.0	118.0	107.187	10.7245	10.8124	4.31746	-1.11541	1.18485	-0.05	0.0	0.413807	0.0	3.09296	0.0	0.047	0.0	0.023157	0.0	0.03	0.0	1.492	0.0	5.0	0.0	1.733	0.0	0.0350492	0.0	1.00037e-05	0.000278181	0.171296	0.0351605	0.194806	0.0	0.00388621	0.0	0.00265861	0.00295319	1.71005	0.0	0.659113	0.0753929	0.609398	0.139577	1.0	2.70695	6.80755e-06	0.150409	0.0374485	0.0235363	0.190662	0.0636444	0.162492	13.8374	-318.911	4.0	8.0494e-05	-614.843	3.0	5.32167e-06	1.0	72.1209	10.0648	35.0658	7.84466	0.327147	0.0654591	958.888	20.8638	
0.0-2.4	6.5-8.0	0.0-100.0	0.000-0.393	0.016	0.136	2431.0	2426.0	1041.39	39.1843	1384.64	43.3417	-0.158619	0.105382	-0.05	0.0	0.603528	0.0	3.09049	0.0	0.0289798	0.0	0.063971	0.0	0.03	0.0	1.492	0.0	5.0	0.0	1.733	0.0	0.0461448	0.0	0.000283738	0.00239569	0.203016	0.0192906	0.3824	0.121469	0.00999999	0.00341546	0.00164327	0.00145014	1.80181	0.174802	0.871224	0.0297785	0.999967	16.2756	0.609823	0.0512142	0.739267	0.0262282	0.00737083	19.7818	0.144541	0.0100219	0.123758	0.00835884	-3534.0	4.0	2.13403e-05	-17458.6	3.0	2.41123e-05	1.0	829.322	38.9073	212.071	24.5706	0.203641	0.0223151	1307.76	74.1238	
0.0-2.4	6.5-8.0	0.0-100.0	0.000-1.571	0.016	0.16	8639.0	8636.0	3964.95	90.8514	4671.06	94.6432	-0.105329	0.0599542	-0.05	0.0	0.603528	0.0801394	3.09049	0.000782485	0.0289798	0.00171	0.063971	0.00821963	0.03	0.0	1.492	0.0	5.0	0.0	1.733	0.0	0.0461447	0.0026836	2.99332e-05	0.00458551	0.205937	0.00996924	0.247328	0.092515	0.00999999	0.0035556	0.00212655	0.00071821	1.76918	0.144226	0.921661	0.0161868	0.549516	0.0537899	0.971002	0.0346793	0.576829	0.0425767	0.0682481	0.00989576	0.143129	0.0101713	0.262932	0.139406	-12706.6	4.0	8.8524e-06	-73455.0	7.0	2.76312e-05	1.0	3148.61	84.7252	816.332	48.1991	0.205887	0.0112036	1188.91	51.9134	
0.0-2.4	6.5-8.0	0.0-100.0	0.393-0.785	0.016	0.145	2250.0	2248.0	971.125	37.7549	1276.92	41.606	-0.19076	0.109805	-0.05	0.0	0.603528	0.0	3.09049	0.0	0.0289798	0.0	0.063971	0.0	0.03	0.0	1.492	0.0	5.0	0.0	1.733	0.0	0.0461448	0.0	5.71468e-05	0.0356234	0.206333	0.0211863	0.840202	0.0613475	0.00435761	0.0029239	-0.00146899	0.00425677	1.29411	0.0495922	0.600007	0.104617	0.621034	0.0508101	1.0	0.00422087	0.537675	0.0513713	0.079474	0.0120804	0.132583	0.013314	0.5896	2.71547	-3184.94	4.0	9.50769e-05	-16016.6	3.0	3.06829e-05	1.0	785.636	37.1127	185.489	22.2811	0.191004	0.0217087	1210.22	28.1259	
0.0-2.4	6.5-8.0	0.0-100.0	0.785-1.178	0.016	0.152	2082.0	2081.0	1025.78	37.7952	1055.23	38.1832	0.040756	0.120949	-0.05	0.0	0.603528	0.0	3.09049	0.0	0.0289798	0.0	0.063971	0.0	0.03	0.0	1.492	0.0	5.0	0.0	1.733	0.0	0.0461448	0.0	0.000162346	0.00052087	0.208052	0.0188476	0.125882	0.127257	0.00999964	0.014763	0.00242869	0.00132847	1.93842	0.430428	0.957924	0.0314299	0.465338	0.253675	0.999999	18.9007	0.454886	0.28254	0.058464	0.0212473	0.13288	0.025273	0.0200098	88.5166	-3188.77	4.0	4.54358e-05	-14839.9	3.0	1.28708e-06	1.0	807.812	37.1204	217.964	23.5905	0.212487	0.021624	1129.21	93.2751	
0.0-2.4	6.5-8.0	0.0-100.0	1.178-1.571	0.016	0.152	1876.0	1874.0	927.753	35.9728	946.168	36.2264	-0.0685965	0.127702	-0.05	0.0	0.603528	0.0	3.09049	0.0	0.0289798	0.0	0.063971	0.0	0.03	0.0	1.492	0.0	5.0	0.0	1.733	0.0	0.0461448	0.0	0.00037077	0.135166	0.216196	0.0213452	0.647334	0.789382	0.00754825	0.00409297	-0.000435238	0.00194196	1.39691	0.229244	0.600001	0.162043	0.490199	0.071558	0.928236	0.0717057	0.59228	0.0606164	0.0685159	0.0160281	0.185245	0.0297157	0.328234	0.183225	-2815.47	4.0	1.0894e-05	-13165.2	3.0	3.74935e-05	1.0	741.153	34.8592	186.6	21.0159	0.201131	0.0212677	1179.04	280.865	
0.0-2.4	6.5-8.0	10.0-60.0	0.000-0.393	0.016	0.128	1520.0	1517.0	712.502	31.8811	804.542	33.2945	-0.177276	0.138657	-0.05	0.0	0.603528	0.0	3.09049	0.0	0.0289798	0.0	0.0665789	0.0	0.03	0.0	1.492	0.0	5.0	0.0	1.733	0.0	0.0475849	0.0	0.000280358	0.0026809	0.215524	0.0237373	0.247328	0.0	0.00999999	0.0	0.00153531	0.00160476	1.76918	0.0	0.901256	0.0336783	0.517458	0.758477	0.8036	0.313909	0.561138	0.746221	0.0166952	0.0200893	0.142934	0.0336363	0.117365	0.073252	-2338.94	4.0	6.12243e-06	-10280.1	3.0	1.39806e-05	1.0	564.135	31.2922	148.368	19.6494	0.208235	0.0259564	1177.07	9.70443	
0.0-2.4	6.5-8.0	10.0-60.0	0.000-1.571	0.016	0.16	5209.0	5207.0	2703.89	73.7104	2502.65	72.3189	-0.157262	0.0792965	-0.05	0.0	0.603528	0.0	3.09049	0.0	0.0289798	0.0	0.0665789	0.00564137	0.03	0.0	1.492	0.0	5.0	0.0	1.733	0.0	0.0475849	0.00156471	2.99332e-05	0.00458551	0.201679	0.0113713	0.247328	0.0	0.00999999	0.0	0.00128997	0.00088932	1.76918	0.0	0.9024	0.0194983	0.532673	0.124809	0.914619	0.0767131	0.602482	0.0873235	0.0519816	0.0188275	0.153048	0.0157699	0.211663	0.0860599	-8220.57	4.0	6.93783e-08	-42061.7	4.0	8.5399e-05	1.0	2114.24	68.5515	589.652	40.4448	0.218075	0.0137259	1177.73	5.62242	
0.0-2.4	6.5-8.0	10.0-60.0	0.393-0.785	0.016	0.145	1351.0	1350.0	693.834	30.9654	656.368	30.3569	-0.128184	0.1539	-0.05	0.0	0.603528	0.0	3.09049	0.0	0.0289798	0.0	0.0665789	0.0	0.03	0.0	1.492	0.0	5.0	0.0	1.733	0.0	0.0475849	0.0	5.71468e-05	0.0356234	0.18746	0.0221644	0.247328	0.0	0.00999999	0.0	0.00208004	0.00197131	1.76918	0.0	1.0057	0.0419513	0.464195	0.703437	0.684449	0.809425	0.572264	0.288546	0.0384029	0.0495949	0.174002	0.0601362	0.0969584	0.0819999	-2127.16	4.0	6.69274e-06	-9070.88	3.0	6.83424e-05	1.0	551.743	31.3911	142.091	20.4762	0.204791	0.0280606	1239.12	12.8138	
0.0-2.4	6.5-8.0	10.0-60.0	0.785-1.178	0.016	0.152	1200.0	1199.0	670.937	29.9323	528.061	27.4424	-0.122345	0.171959	-0.05	0.0	0.603528	0.0	3.09049	0.0	0.0289798	0.0	0.0665789	0.0	0.03	0.0	1.492	0.0	5.0	0.0	1.733	0.0	0.0475849	0.0	0.000162346	0.00052087	0.194541	0.0215763	0.247328	0.0	0.00999999	0.0	-0.001188	0.00171609	1.76918	0.0	0.860168	0.0377467	1.0	0.99997	0.391714	0.184408	0.598787	0.122764	0.0740683	0.0518132	0.162331	0.0399738	0.0809272	0.0246203	-2005.44	4.0	5.12223e-07	-7998.91	3.0	4.83872e-07	1.0	521.907	29.7223	149.03	19.6339	0.222123	0.0275344	1153.7	10.5912	
0.0-2.4	6.5-8.0	10.0-60.0	1.178-1.571	0.016	0.136	1138.0	1136.0	627.038	29.0923	508.938	26.9863	-0.180128	0.17503	-0.05	0.0	0.603528	0.0	3.09049	0.0	0.0289798	0.0	0.0665789	0.0	0.03	0.0	1.492	0.0	5.0	0.0	1.733	0.0	0.0475849	0.0	1.00919e-05	0.00212113	0.208731	0.0230113	0.247328	0.0	0.00999999	0.0	0.0016992	0.00177712	1.76918	0.0	0.829075	0.0422461	0.43566	0.0891975	0.918329	0.0788215	0.564158	0.0861193	0.0574413	0.0149554	0.205368	0.0411781	0.34783	0.189852	-1768.57	4.0	6.444e-06	-7498.95	3.0	6.65055e-06	1.0	475.615	28.3367	151.423	19.1149	0.241489	0.0283508	1136.44	11.5987	
0.0-2.4	8.0-10.0	0.0-100.0	0.000-0.393	0.016	0.152	1728.0	1727.0	1075.63	36.1887	651.373	29.7549	0.0948494	0.153704	-0.05	0.0	0.451682	0.0	3.09293	0.0	0.0464284	0.0	0.0224619	0.0	0.03	0.0	1.492	0.0	5.0	0.0	1.733	0.0	0.0353595	0.0	3.80818e-05	0.00458177	0.188786	0.0143437	0.480721	0.341224	0.000152115	0.00438613	0.001924	0.00157715	1.4682	0.220267	0.744842	0.0394532	0.586603	0.0484189	0.999901	6.17282	0.441858	0.080763	0.0421831	0.00558472	0.149287	0.0137362	0.02	32.2092	-3244.89	4.0	5.02149e-06	-12459.9	3.0	7.14999e-07	1.0	794.893	34.713	280.734	24.062	0.260996	0.0205747	1150.8	136.703	
0.0-2.4	8.0-10.0	0.0-100.0	0.000-1.571	0.008	0.152	6204.0	6203.0	3923.31	76.617	2279.53	65.0022	-0.168511	0.0845987	-0.05	0.0	0.451682	0.0677134	3.09293	0.000629373	0.0464284	0.00284473	0.0224619	0.00142463	0.03	0.0	1.492	0.0	5.0	0.0	1.733	0.0	0.0353594	0.00118236	8.77568e-05	0.000222665	0.194395	0.00784088	0.22052	0.162925	0.000482536	0.00445097	0.00200331	0.000687219	1.61158	0.193917	0.88903	0.0186391	0.574944	0.124171	0.854204	0.205539	0.409536	0.102252	0.039638	0.0114087	0.187262	0.0167073	0.0629225	0.0277558	-11638.7	4.0	2.28726e-06	-52810.3	7.0	0.000120608	1.0	2876.15	70.9802	1047.17	47.9752	0.266908	0.0110617	1090.33	74.7642	
0.0-2.4	8.0-10.0	0.0-100.0	0.393-0.785	0.016	0.105	1633.0	1625.0	1037.03	35.3749	587.952	28.3253	-0.374583	0.162623	-0.05	0.0	0.451682	0.0	3.09293	0.0	0.0464284	0.0	0.0224619	0.0	0.03	0.0	1.492	0.0	5.0	0.0	1.733	0.0	0.0353595	0.0	0.000172932	0.00146308	0.199449	0.0152166	0.0247845	0.0475261	0.00888237	0.0102477	0.00321573	0.00133591	2.45426	1.19584	1.05201	0.0374952	0.474589	0.111334	0.765165	0.309432	0.163755	0.22836	0.0317544	0.0132753	0.20981	0.0322444	0.0357348	0.0255482	-2953.16	4.0	5.93302e-05	-11666.3	3.0	3.6517e-06	1.0	739.236	34.3718	297.792	25.4702	0.287159	0.0225228	1108.41	64.463	
0.0-2.4	8.0-10.0	0.0-100.0	0.785-1.178	0.016	0.145	1447.0	1447.0	910.09	33.205	536.899	27.0069	-0.0830784	0.169498	-0.05	0.0	0.451682	0.0	3.09293	0.0	0.0464284	0.0	0.0224619	0.0	0.03	0.0	1.492	0.0	5.0	0.0	1.733	0.0	0.0353595	0.0	9.83527e-05	0.000854857	0.229746	0.0199497	0.140876	0.302592	0.00619962	0.0180757	0.000401311	0.00127601	1.66474	0.645402	0.952614	0.0342654	0.794006	0.0426765	0.999972	3.80654	0.597967	0.0570643	0.076322	0.0196678	0.160566	0.0153507	0.0200118	12.7387	-2730.58	4.0	3.26247e-06	-10211.5	3.0	7.97502e-07	1.0	695.295	31.8507	214.795	20.7928	0.236016	0.0211621	1081.69	148.507	
0.0-2.4	8.0-10.0	0.0-100.0	1.178-1.571	0.016	0.128	1396.0	1395.0	904.126	32.9386	490.851	25.9166	-0.341704	0.178108	-0.05	0.0	0.451682	0.0	3.09293	0.0	0.0464284	0.0	0.0224619	0.0	0.03	0.0	1.492	0.0	5.0	0.0	1.733	0.0	0.0353595	0.0	0.000173321	0.000555349	0.168678	0.0142002	0.274032	0.249395	-0.00287563	0.00732801	0.00231113	0.00152905	1.53954	0.259115	0.877946	0.0421498	0.606263	0.100317	1.0	0.00863682	0.540489	0.0960558	0.0541065	0.0153498	0.221909	0.031982	2.68514	2.09007	-2700.23	4.0	5.10845e-05	-9841.58	3.0	6.50316e-06	1.0	654.055	32.5045	250.071	23.9115	0.276588	0.0244523	1099.58	104.139	
0.0-2.4	8.0-10.0	10.0-60.0	0.000-0.393	0.016	0.145	1132.0	1131.0	729.26	29.5558	401.747	23.3678	-0.0155463	0.195869	-0.05	0.0	0.451682	0.0	3.09293	0.0	0.0464284	0.0	0.023078	0.0	0.03	0.0	1.492	0.0	5.0	0.0	1.733	0.0	0.0355763	0.0	8.51781e-05	0.000319537	0.179899	0.0171542	0.22052	0.0	0.000482536	0.0	0.00121762	0.00151787	1.61158	0.0	0.835721	0.0387262	0.576153	0.0291534	0.999942	4.22763	0.315576	0.0480034	0.0429951	0.00378602	0.137436	0.00892311	0.0200048	12.6942	-2229.69	4.0	1.85978e-05	-7731.39	3.0	2.26787e-07	1.0	547.721	28.7843	181.539	19.746	0.248936	0.0251269	1056.95	11.934	
0.0-2.4	8.0-10.0	10.0-60.0	0.000-1.571	0.016	0.145	3913.0	3912.0	2609.36	56.0517	1302.41	42.8348	-0.311473	0.109539	-0.05	0.0	0.451682	0.0	3.09293	0.0	0.0464284	0.0	0.023078	0.000959902	0.03	0.0	1.492	0.0	5.0	0.0	1.733	0.0	0.0355763	0.000170713	8.96232e-05	0.000224682	0.191288	0.00943874	0.22052	0.0	0.000482536	0.0	0.00173539	0.000833436	1.61158	0.0	0.853144	0.0224384	0.530117	0.00138462	0.999999	0.0779871	0.326912	0.00169955	0.0432041	0.00019039	0.179571	0.000564521	0.0207863	4.04225	-7633.65	4.0	3.8662e-06	-31749.3	4.0	3.22208e-05	1.0	1920.65	54.115	688.706	38.0147	0.263937	0.0134201	1067.75	6.98749	
0.0-2.4	8.0-10.0	10.0-60.0	0.393-0.785	0.016	0.12	1049.0	1049.0	691.877	28.7111	357.096	22.1259	-0.400656	0.209015	-0.05	0.0	0.451682	0.0	3.09293	0.0	0.0464284	0.0	0.023078	0.0	0.03	0.0	1.492	0.0	5.0	0.0	1.733	0.0	0.0355763	0.0	0.000180866	0.000958622	0.179566	0.0176751	0.22052	0.0	0.000482536	0.0	0.000638842	0.00172137	1.61158	0.0	0.875454	0.0526402	0.654892	0.156959	0.692459	0.346203	0.262511	0.236181	0.0416305	0.0175389	0.224543	0.0397333	0.0373469	0.0246607	-1991.98	4.0	8.53629e-06	-7122.1	3.0	5.10917e-06	1.0	495.963	28.2086	195.913	20.934	0.283162	0.027882	1081.73	16.6038	
0.0-2.4	8.0-10.0	10.0-60.0	0.785-1.178	0.016	0.112	892.0	889.0	595.495	26.6097	293.478	20.152	-0.423291	0.231307	-0.05	0.0	0.451682	0.0	3.09293	0.0	0.0464284	0.0	0.023078	0.0	0.03	0.0	1.492	0.0	5.0	0.0	1.733	0.0	0.0355763	0.0	0.000152887	0.000500196	0.229721	0.0226685	0.22052	0.0	0.000482536	0.0	0.00169115	0.00166521	1.61158	0.0	0.890693	0.0446266	0.721946	0.0257067	0.999999	2.92085	0.620657	0.0175122	0.0537538	0.00505036	0.173099	0.00781373	0.0226283	22.7982	-1736.06	4.0	1.06209e-06	-5899.96	3.0	5.69382e-06	1.0	437.32	25.0917	158.174	17.2532	0.265618	0.0264301	1091.38	14.1945	
0.0-2.4	8.0-10.0	10.0-60.0	1.178-1.571	0.016	0.112	840.0	838.0	593.27	26.3158	244.732	18.5467	-0.50438	0.254456	-0.05	0.0	0.451682	0.0	3.09293	0.0	0.0464284	0.0	0.023078	0.0	0.03	0.0	1.492	0.0	5.0	0.0	1.733	0.0	0.0355763	0.0	0.000191479	0.00117239	0.178922	0.0183399	0.22052	0.0	0.000482536	0.0	-0.000385296	0.0018329	1.61158	0.0	0.851377	0.0477098	0.618474	0.0761256	0.999999	0.0334175	0.318962	0.0947072	0.0598512	0.015675	0.205588	0.0318474	0.479249	2.62945	-1679.89	4.0	5.09081e-07	-5573.75	3.0	3.63383e-06	1.0	431.589	25.9353	161.681	18.9096	0.272525	0.0294923	1066.65	14.8417	
1.2-1.6	6.5-30.0	0.0-100.0	0.000-0.393	0.008	0.136	1454.0	1452.0	776.041	31.8116	675.96	30.1977	0.10704	0.150561	-0.05	0.0	0.452639	0.0	3.09131	0.0	0.0460636	0.0	0.0318451	0.0	0.03	0.0	1.492	0.0	5.0	0.0	1.733	0.0	0.0389297	0.0	2.98516e-05	0.00458555	0.175324	0.0164808	0.0855425	0.0676275	0.01	0.0144498	-0.00057454	0.00141147	2.14949	0.498319	0.940264	0.036316	0.851574	0.133441	0.33705	0.113337	0.000204473	0.868641	0.105064	0.0584743	0.132658	0.0232544	0.0266209	0.0127195	-2446.72	4.0	7.61333e-05	-9938.89	3.0	1.09243e-07	1.0	573.48	31.6232	202.561	22.7232	0.261019	0.027256	1097.13	72.5333	
1.2-1.6	6.5-30.0	0.0-100.0	0.000-1.571	0.008	0.136	5261.0	5254.0	2904.23	73.6343	2349.32	69.7475	-0.0340725	0.0874975	-0.05	0.0	0.452639	0.134769	3.09131	0.000954339	0.0460636	0.00376101	0.0318451	0.00248149	0.03	0.0	1.492	0.0	5.0	0.0	1.733	0.0	0.0389296	0.00149738	2.31047e-05	0.000294422	0.188594	0.00928863	0.103775	0.0507441	0.00999984	0.0195355	0.0020285	0.000729359	2.09199	0.256609	0.956308	0.0194025	0.642555	0.135226	0.631942	0.222411	0.405977	0.135609	0.0682038	0.0143917	0.176379	0.020214	0.0462915	0.0301948	-8770.64	4.0	6.50183e-06	-42837.3	7.0	0.000176561	1.0	2156.02	67.501	748.216	43.9104	0.257629	0.0136356	1128.62	46.6648	
1.2-1.6	6.5-30.0	0.0-100.0	0.393-0.785	0.008	0.128	1426.0	1424.0	743.904	31.4057	680.096	30.373	-0.164894	0.150176	-0.05	0.0	0.452639	0.0	3.09131	0.0	0.0460636	0.0	0.0318451	0.0	0.03	0.0	1.492	0.0	5.0	0.0	1.733	0.0	0.0389297	0.0	1.04212e-05	0.0017469	0.18619	0.0174823	0.139479	0.194104	-0.00369186	0.0130029	0.00272579	0.00152583	1.8695	0.551205	0.989082	0.039859	0.637651	0.129063	0.999994	0.818779	0.572849	0.0941801	0.0713213	0.0200674	0.176261	0.0236398	0.0266501	5.01541	-2254.83	4.0	2.93079e-05	-9679.94	3.0	1.38192e-08	1.0	534.455	30.8838	209.449	22.8669	0.281554	0.0283478	1152.96	123.781	
1.2-1.6	6.5-30.0	0.0-100.0	0.785-1.178	0.008	0.136	1234.0	1233.0	704.05	29.9699	528.92	26.8898	0.0274673	0.170574	-0.05	0.0	0.452639	0.0	3.09131	0.0	0.0460636	0.0	0.0318451	0.0	0.03	0.0	1.492	0.0	5.0	0.0	1.733	0.0	0.0389297	0.0	9.7391e-05	0.000579671	0.198266	0.0206703	0.0300435	0.0281106	0.0031415	0.0119123	0.00261815	0.00134223	3.12118	1.02466	0.949678	0.037327	0.531701	0.0212196	0.99999	13.6984	0.403261	0.0259102	0.055428	0.00323304	0.140864	0.00732436	0.0426905	45.073	-2157.89	4.0	4.17828e-06	-8303.31	3.0	1.83358e-06	1.0	542.455	29.4438	161.596	19.5207	0.229523	0.0259477	1080.49	74.4033	
1.2-1.6	6.5-30.0	0.0-100.0	1.178-1.571	0.008	0.12	1147.0	1144.0	680.729	29.2961	463.265	25.3142	-0.130634	0.182663	-0.05	0.0	0.452639	0.0	3.09131	0.0	0.0460636	0.0	0.0318451	0.0	0.03	0.0	1.492	0.0	5.0	0.0	1.733	0.0	0.0389297	0.0	0.000198875	0.00213097	0.195195	0.019615	0.326583	0.164375	0.00999999	0.0148666	0.00293021	0.0017925	1.65735	0.215849	0.865128	0.0493192	0.575551	0.122219	0.653809	0.291709	0.429037	0.165304	0.0771521	0.0247803	0.246238	0.0548408	0.0573723	0.0526793	-1924.31	4.0	2.87557e-06	-7656.87	3.0	1.19211e-06	1.0	500.459	28.4971	180.269	20.2087	0.264818	0.027412	1183.67	86.0006	
1.2-1.6	6.5-30.0	10.0-60.0	0.000-0.393	0.008	0.12	962.0	960.0	540.211	26.2645	419.786	23.8621	0.0491833	0.19115	-0.05	0.0	0.452639	0.0	3.09131	0.0	0.0460636	0.0	0.0315546	0.0	0.03	0.0	1.492	0.0	5.0	0.0	1.733	0.0	0.0388	0.0	7.71029e-05	0.00456383	0.181632	0.0211773	0.103775	0.0	0.00999984	0.0	-0.000130704	0.00174324	2.09199	0.0	0.984408	0.0440633	0.878265	0.158478	0.404462	0.347384	0.145202	0.703994	0.123191	0.0967309	0.136764	0.0279858	0.0241617	0.0627465	-1666.99	4.0	1.37958e-06	-6218.71	3.0	1.21526e-06	1.0	408.606	26.2207	131.605	18.2704	0.243618	0.0316791	1150.07	16.9011	
1.2-1.6	6.5-30.0	10.0-60.0	0.000-1.571	0.008	0.128	3264.0	3259.0	1950.83	50.3742	1307.97	43.5307	-0.216477	0.108917	-0.05	0.0	0.452639	0.0	3.09131	0.0	0.0460636	0.0	0.0315546	0.00163225	0.03	0.0	1.492	0.0	5.0	0.0	1.733	0.0	0.0388	0.000363297	2.94195e-05	0.000284662	0.183107	0.0111559	0.103775	0.0	0.00999984	0.0	0.00161017	0.000927624	2.09199	0.0	0.997162	0.0242875	0.66578	0.154532	0.753217	0.332622	0.474252	0.220424	0.0770723	0.0210596	0.178667	0.0239051	0.0382777	0.0614813	-5748.12	4.0	4.16271e-07	-25258.2	4.0	3.15105e-05	1.0	1460.74	49.7594	490.09	34.8341	0.251221	0.016636	1159.87	9.35673	
1.2-1.6	6.5-30.0	10.0-60.0	0.393-0.785	0.008	0.128	864.0	863.0	492.484	25.0819	370.483	22.5189	-0.32336	0.204331	-0.05	0.0	0.452639	0.0	3.09131	0.0	0.0460636	0.0	0.0315546	0.0	0.03	0.0	1.492	0.0	5.0	0.0	1.733	0.0	0.0388	0.0	1.04212e-05	0.0017469	0.171263	0.0202358	0.103775	0.0	0.00999984	0.0	0.00154463	0.00201868	2.09199	0.0	1.11539	0.0500281	0.685552	0.213891	0.999936	1.03108	0.703718	0.102963	0.0976044	0.0515129	0.220152	0.0437585	0.0316195	5.86839	-1438.93	4.0	7.15306e-06	-5504.0	3.0	5.91043e-06	1.0	352.567	25.4131	139.917	19.3439	0.284104	0.0365159	1252.65	19.9616	
1.2-1.6	6.5-30.0	10.0-60.0	0.785-1.178	0.008	0.128	745.0	744.0	467.329	24.042	276.667	19.682	-0.468393	0.238308	-0.05	0.0	0.452639	0.0	3.09131	0.0	0.0460636	0.0	0.0315546	0.0	0.03	0.0	1.492	0.0	5.0	0.0	1.733	0.0	0.0388	0.0	7.39757e-05	0.000766255	0.178068	0.0234657	0.103775	0.0	0.00999984	0.0	0.000318917	0.001733	2.09199	0.0	0.910532	0.046608	0.620889	0.00211152	1.0	15.1723	0.397131	0.00229043	0.0573027	0.000398799	0.13924	0.000600017	0.0767717	61.8085	-1410.3	4.0	7.46199e-05	-4700.06	3.0	1.34168e-06	1.0	365.029	24.1934	102.299	16.1357	0.218902	0.0326393	1094.16	17.3804	
1.2-1.6	6.5-30.0	10.0-60.0	1.178-1.571	0.008	0.105	693.0	688.0	452.486	23.4987	235.512	18.309	-0.238949	0.257398	-0.05	0.0	0.452639	0.0	3.09131	0.0	0.0460636	0.0	0.0315546	0.0	0.03	0.0	1.492	0.0	5.0	0.0	1.733	0.0	0.0388	0.0	0.000187286	0.00108795	0.19977	0.0243287	0.103775	0.0	0.00999984	0.0	0.00348456	0.00193205	2.09199	0.0	0.980114	0.0520333	0.554783	0.0981318	0.831686	0.853446	0.364812	0.359861	0.0788187	0.0231983	0.228175	0.0501602	0.0241531	0.188512	-1245.02	4.0	1.22615e-05	-4326.57	3.0	2.09152e-08	1.0	334.245	22.9735	118.241	16.2537	0.261315	0.0332588	1146.78	19.9281	
1.6-2.4	3.0-6.5	0.0-100.0	0.000-0.393	0.016	0.232	8727.0	8726.0	1761.44	64.6151	6964.31	96.8342	-0.162273	0.0466496	-0.05	0.0	5.05156e-07	0.0	3.09054	0.0	0.0501803	0.0	0.0505216	0.0	0.03	0.0	1.86	0.0	5.0	0.0	1.38	0.0	0.0505216	0.0	0.000116838	0.000421882	0.258678	0.0306441	0.236067	0.124463	0.00729005	0.0127625	0.00830757	0.00103657	1.8607	0.245023	0.948165	0.0149401	1.0	25.7117	0.539312	0.0442563	0.691922	0.0226643	0.0215257	25.6471	0.17019	0.00880599	0.0690834	0.00822849	-8616.89	4.0	6.88255e-06	-71898.0	3.0	1.73214e-05	1.0	1559.95	66.6406	201.491	34.9435	0.11439	0.0193892	1226.42	78.5736	
1.6-2.4	3.0-6.5	0.0-100.0	0.000-1.571	0.016	0.264	31882.0	31880.0	6321.72	247.874	25558.6	243.472	-0.13558	0.0310997	-0.05	0.0	5.05156e-07	0.853852	3.09054	0.000937557	0.0501803	0.0898344	0.0505216	0.00103436	0.03	0.0	1.86	0.0	5.0	0.0	1.38	0.0	0.0505216	0.000537176	1.3729e-05	0.00459296	0.234834	0.013811	0.173641	0.119565	0.0248856	0.0127773	0.00724991	0.000532961	1.74699	0.202734	1.02748	0.00784166	0.999999	0.0139999	0.565162	0.0410866	0.754546	0.0135703	0.0212352	0.844592	0.179749	0.00763407	0.101748	0.00837381	-31265.0	4.0	7.60862e-06	-303922.0	7.0	0.000651282	1.0	5466.12	225.197	855.6	76.8341	0.135343	0.0109342	1184.21	56.7551	
1.6-2.4	3.0-6.5	0.0-100.0	0.393-0.785	0.016	0.264	8182.0	8181.0	1552.37	61.9201	6628.67	94.3957	-0.196029	0.0478237	-0.05	0.0	5.05156e-07	0.0	3.09054	0.0	0.0501803	0.0	0.0505216	0.0	0.03	0.0	1.86	0.0	5.0	0.0	1.38	0.0	0.0505216	0.0	0.000137229	0.000596044	0.259923	0.0275559	0.360587	0.290947	0.011093	0.0173419	0.00288101	0.00122896	1.52994	0.217467	0.885965	0.0187843	1.0	28.8584	0.758564	0.0345508	0.675784	0.00569235	0.0127426	46.391	0.131821	0.00238415	0.11656	0.0095695	-7841.48	4.0	2.82487e-06	-66826.0	3.0	8.09815e-06	1.0	1329.17	62.416	223.199	34.1201	0.143779	0.0212179	1160.14	110.494	
1.6-2.4	3.0-6.5	0.0-100.0	0.785-1.178	0.016	0.24	7636.0	7635.0	1479.96	59.7838	6154.91	90.8256	-0.144933	0.0495714	-0.05	0.0	5.05156e-07	0.0	3.09054	0.0	0.0501803	0.0	0.0505216	0.0	0.03	0.0	1.86	0.0	5.0	0.0	1.38	0.0	0.0505216	0.0	4.38349e-05	0.00457912	0.194139	0.0253211	0.116472	0.085062	0.0499999	0.0704933	0.00776369	0.00104524	1.752	0.261836	1.06498	0.0154447	1.0	3.35481	0.538655	0.0059041	0.77791	0.00167943	0.0116929	5.95712	0.182151	0.00142892	0.122177	0.00138951	-7512.05	4.0	5.16596e-06	-61859.2	3.0	4.6137e-06	1.0	1259.97	63.5012	219.988	38.9979	0.148644	0.0256574	1166.02	42.5386	
1.6-2.4	3.0-6.5	0.0-100.0	1.178-1.571	0.016	0.136	7337.0	7162.0	1534.71	59.2182	5627.19	87.1737	0.052992	0.0518055	-0.05	0.0	5.05156e-07	0.0	3.09054	0.0	0.0501803	0.0	0.0505216	0.0	0.03	0.0	1.86	0.0	5.0	0.0	1.38	0.0	0.0505216	0.0	1.00838e-05	0.00109709	0.227059	0.0237593	0.124071	1.64128	0.0193938	0.215369	0.0102693	0.0011399	1.3313	7.83484	1.12627	0.0170079	0.672659	0.178412	0.694676	0.753079	0.764706	0.0368762	0.0809243	0.0265559	0.193884	0.0323816	0.0914159	0.0261372	-7305.49	4.0	1.09539e-05	-57651.6	3.0	1.36484e-05	1.0	1292.87	60.0871	241.839	34.7687	0.15758	0.0218237	1153.69	588.839	
1.6-2.4	3.0-6.5	10.0-60.0	0.000-0.393	0.016	0.209	5080.0	5078.0	1270.23	51.6191	3807.77	72.1254	-0.212715	0.0632924	-0.05	0.0	5.05156e-07	0.0	3.09054	0.0	0.0501803	0.0	0.0513114	0.0	0.03	0.0	1.86	0.0	5.0	0.0	1.38	0.0	0.0513114	0.0	9.26481e-05	0.000607494	0.26211	0.0365813	0.173641	0.0	0.0248856	0.0	0.00591897	0.00127912	1.74699	0.0	0.982328	0.0187945	0.999994	0.440769	0.455552	0.0932768	0.671112	0.0521235	0.0133647	0.722446	0.169319	0.018828	0.0695474	0.0133519	-5350.04	4.0	2.48239e-05	-39235.4	3.0	4.35053e-07	1.0	1144.5	52.9201	125.726	25.7579	0.0989788	0.0198752	1152.11	6.62112	
1.6-2.4	3.0-6.5	10.0-60.0	0.000-1.571	0.016	0.209	17897.0	17893.0	4275.61	109.418	13617.1	145.978	-0.142237	0.033467	-0.05	0.0	5.05156e-07	0.0	3.09054	0.0	0.0501803	0.0	0.0513114	0.00139125	0.03	0.0	1.86	0.0	5.0	0.0	1.38	0.0	0.0513114	0.000695624	1.37782e-05	0.00459294	0.237551	0.0154717	0.173641	0.0	0.0248856	0.0	0.00592477	0.000687395	1.74699	0.0	0.997242	0.0100339	1.0	7.40965	0.584343	0.0583253	0.740473	0.0075537	0.130382	8.13503	0.153825	0.00425218	0.0967221	0.0070681	-18619.9	4.0	2.0365e-06	-160656.0	4.0	7.79754e-06	1.0	3688.84	108.054	586.77	54.6753	0.137237	0.012296	1162.65	3.556	
1.6-2.4	3.0-6.5	10.0-60.0	0.393-0.785	0.016	0.209	4693.0	4692.0	1057.32	48.6463	3634.68	70.3115	-0.189191	0.0646665	-0.05	0.0	5.05156e-07	0.0	3.09054	0.0	0.0501803	0.0	0.0513114	0.0	0.03	0.0	1.86	0.0	5.0	0.0	1.38	0.0	0.0513114	0.0	0.000140653	0.00211075	0.24495	0.0257438	0.173641	0.0	0.0248856	0.0	0.000371685	0.00135898	1.74699	0.0	0.948535	0.0201615	0.999982	0.505832	0.74358	0.02956	0.629294	0.0128604	0.0859127	0.93507	0.10613	0.00354149	0.108732	0.00830638	-4750.48	4.0	1.33833e-05	-35808.3	3.0	1.08458e-07	1.0	850.467	48.6998	206.856	30.5149	0.195642	0.027421	1128.47	7.00208	
1.6-2.4	3.0-6.5	10.0-60.0	0.785-1.178	0.016	0.192	4195.0	4193.0	946.384	45.8146	3246.61	66.3262	-0.13525	0.0683537	-0.05	0.0	5.05156e-07	0.0	3.09054	0.0	0.0501803	0.0	0.0513114	0.0	0.03	0.0	1.86	0.0	5.0	0.0	1.38	0.0	0.0513114	0.0	3.95245e-05	0.0045811	0.191762	0.0265258	0.173641	0.0	0.0248856	0.0	0.00767088	0.00140737	1.74699	0.0	0.986327	0.0205572	0.999995	33.5346	0.611472	0.153286	0.776697	0.0665044	0.0106981	49.0208	0.152796	0.0248469	0.132616	0.0160209	-4379.0	4.0	6.61624e-06	-31532.1	3.0	1.26099e-07	1.0	794.634	47.847	151.75	29.3851	0.160347	0.0300639	1154.93	7.25382	
1.6-2.4	3.0-6.5	10.0-60.0	1.178-1.571	0.016	0.168	3929.0	3917.0	1006.82	45.7953	2910.27	63.2513	0.0215029	0.0721914	-0.05	0.0	5.05156e-07	0.0	3.09054	0.0	0.0501803	0.0	0.0513114	0.0	0.03	0.0	1.86	0.0	5.0	0.0	1.38	0.0	0.0513114	0.0	2.60483e-05	0.000271991	0.257593	0.0367299	0.173641	0.0	0.0248856	0.0	0.0071096	0.00148207	1.74699	0.0	1.04189	0.021539	0.908342	11.7909	0.492454	3.47221	0.763012	1.38029	0.00838063	1.69339e-06	0.17499	0.0635966	0.0855953	0.0408943	-4155.15	4.0	0.000139334	-29264.1	3.0	1.98537e-05	1.0	890.702	46.2881	116.118	23.0027	0.115332	0.0222365	1194.57	7.76205	
1.6-2.4	6.5-30.0	0.0-100.0	0.000-0.393	0.008	0.152	1902.0	1901.0	882.545	35.6183	1018.51	37.4791	-0.342718	0.123382	-0.05	0.0	0.663689	0.0	3.09114	0.0	0.0566716	0.0	0.030491	0.0	0.03	0.0	1.492	0.0	5.0	0.0	1.733	0.0	0.049439	0.0	1.5549e-05	0.00459212	0.192189	0.0186489	0.0978875	0.076376	0.00321487	0.0124398	0.0032986	0.00123738	2.32819	0.499075	0.938366	0.0272486	0.973261	1.02035	0.500215	0.170949	0.647543	0.0983824	0.010025	2.54365e-06	0.179533	0.0283613	0.0792488	0.0245352	-2842.71	4.0	4.06511e-06	-13233.9	3.0	1.60412e-05	1.0	682.565	35.3568	199.98	23.5878	0.226595	0.0251138	1151.06	90.6254	
1.6-2.4	6.5-30.0	0.0-100.0	0.000-1.571	0.008	0.152	6618.0	6614.0	3418.99	89.5016	3195.12	88.2173	-0.422387	0.0749389	-0.05	0.0	0.663689	0.139632	3.09114	0.00108294	0.0566716	0.00370327	0.030491	0.00548095	0.03	0.0	1.492	0.0	5.0	0.0	1.733	0.0	0.0494391	0.00221442	2.77437e-05	0.00458652	0.196441	0.00968553	0.211707	0.175346	0.00199102	0.00574194	0.00281891	0.000776922	1.6767	0.235346	0.923154	0.0179401	0.771881	0.176955	0.662286	0.274289	0.529415	0.0843549	0.0662679	0.0221007	0.177738	0.0184545	0.0560468	0.0266711	-9937.95	4.0	2.38078e-05	-54724.5	7.0	7.62329e-06	1.0	2636.73	81.2611	782.259	47.523	0.228798	0.0125431	1125.6	85.0414	
1.6-2.4	6.5-30.0	0.0-100.0	0.393-0.785	0.008	0.145	1659.0	1658.0	849.03	34.0503	808.902	33.4561	-0.595423	0.139885	-0.05	0.0	0.663689	0.0	3.09114	0.0	0.0566716	0.0	0.030491	0.0	0.03	0.0	1.492	0.0	5.0	0.0	1.733	0.0	0.049439	0.0	1.00009e-05	0.00028235	0.189593	0.0193806	0.129028	0.186343	-0.00361194	0.0113544	0.00351343	0.00191654	1.65542	0.593175	0.996164	0.0922776	1.0	0.757308	0.401638	0.127891	0.403381	0.126837	0.0584619	0.0619819	0.192183	0.0293534	0.0642048	0.01314	-2431.93	6.0	2.65044e-05	-11423.1	3.0	2.86192e-06	1.0	647.035	35.1145	201.995	25.0058	0.237912	0.0278638	1103.58	100.281	
1.6-2.4	6.5-30.0	0.0-100.0	0.785-1.178	0.008	0.145	1567.0	1566.0	843.64	33.9244	722.17	32.0842	-0.366226	0.147169	-0.05	0.0	0.663689	0.0	3.09114	0.0	0.0566716	0.0	0.030491	0.0	0.03	0.0	1.492	0.0	5.0	0.0	1.733	0.0	0.049439	0.0	0.000158457	0.000788527	0.209458	0.0220204	0.677087	0.780476	0.00193496	0.00410508	0.00131674	0.00323966	1.36939	0.185198	0.782388	0.0704793	0.678079	0.00389356	1.0	9.43259	0.527104	0.00337489	0.0486549	0.000661789	0.157592	0.00104178	0.21996	57.7643	-2340.76	4.0	3.82975e-05	-10736.4	3.0	3.6572e-05	1.0	675.8	33.5374	167.84	20.7801	0.198948	0.0232961	1211.35	215.574	
1.6-2.4	6.5-30.0	0.0-100.0	1.178-1.571	0.008	0.152	1490.0	1489.0	844.875	33.3881	644.001	30.2297	-0.392855	0.155742	-0.05	0.0	0.663689	0.0	3.09114	0.0	0.0566716	0.0	0.030491	0.0	0.03	0.0	1.492	0.0	5.0	0.0	1.733	0.0	0.049439	0.0	0.000179578	0.000851436	0.203717	0.0193494	0.636539	0.26317	0.00277147	0.00408429	0.00209088	0.00216762	1.39145	0.125821	0.6	0.0339289	0.702645	0.127877	0.580341	0.341396	0.342823	0.29332	0.057935	0.022604	0.178921	0.0263328	0.02	0.0295099	-2344.42	4.0	2.45657e-05	-10202.9	3.0	4.82436e-05	1.0	649.777	32.4202	195.098	21.2402	0.230919	0.0234254	1167.59	100.873	
1.6-2.4	6.5-30.0	10.0-60.0	0.000-0.393	0.008	0.152	1206.0	1206.0	617.951	29.0562	587.983	28.5361	-0.44005	0.163119	-0.05	0.0	0.663689	0.0	3.09114	0.0	0.0566716	0.0	0.0301863	0.0	0.03	0.0	1.492	0.0	5.0	0.0	1.733	0.0	0.0493761	0.0	1.5549e-05	0.00459212	0.189366	0.0217036	0.211707	0.0	0.00199102	0.0	0.00201719	0.00145358	1.6767	0.0	0.795281	0.0306678	0.800203	0.090016	1.0	1.40021	0.667837	0.0584144	0.0995664	0.0374614	0.146964	0.021119	0.0492164	7.17604	-1979.09	4.0	6.23574e-05	-7924.75	3.0	3.70849e-06	1.0	480.224	28.6189	137.727	18.738	0.222877	0.0284542	1045.83	9.19184	
1.6-2.4	6.5-30.0	10.0-60.0	0.000-1.571	0.008	0.16	4137.0	4136.0	2314.13	55.9752	1821.51	51.3856	-0.481649	0.0930513	-0.05	0.0	0.663689	0.0	3.09114	0.0	0.0566716	0.0	0.0301863	0.00228141	0.03	0.0	1.492	0.0	5.0	0.0	1.733	0.0	0.0493761	0.000234535	2.91966e-05	0.00458585	0.18534	0.0105292	0.211707	0.0	0.00199102	0.0	0.00309929	0.000922604	1.6767	0.0	0.836986	0.0212746	0.618627	0.285262	0.63668	0.285921	0.356823	0.17099	0.0282878	0.0162183	0.174289	0.0188494	0.0528738	0.018153	-6605.45	4.0	5.06351e-08	-32526.8	4.0	4.74827e-05	1.0	1736.78	55.4096	577.348	38.735	0.249488	0.0156128	1071.17	6.55206	
1.6-2.4	6.5-30.0	10.0-60.0	0.393-0.785	0.008	0.145	1036.0	1035.0	591.024	27.719	443.843	24.9244	-0.540162	0.188674	-0.05	0.0	0.663689	0.0	3.09114	0.0	0.0566716	0.0	0.0301863	0.0	0.03	0.0	1.492	0.0	5.0	0.0	1.733	0.0	0.0493761	0.0	1.00009e-05	0.00028235	0.156194	0.0188143	0.211707	0.0	0.00199102	0.0	0.00423008	0.0020759	1.6767	0.0	0.919677	0.0493299	0.558044	0.170687	0.739784	0.364564	0.237089	0.260938	0.0311285	0.0151354	0.174133	0.0326056	0.0369328	0.0239553	-1671.27	4.0	1.56236e-05	-6732.85	3.0	2.89357e-05	1.0	443.082	29.1923	147.942	21.6449	0.250315	0.0346901	1123.35	15.918	
1.6-2.4	6.5-30.0	10.0-60.0	0.785-1.178	0.008	0.145	963.0	962.0	552.731	27.0167	409.156	24.2139	-0.400005	0.195834	-0.05	0.0	0.663689	0.0	3.09114	0.0	0.0566716	0.0	0.0301863	0.0	0.03	0.0	1.492	0.0	5.0	0.0	1.733	0.0	0.0493761	0.0	0.000158457	0.000788527	0.199417	0.022456	0.211707	0.0	0.00199102	0.0	0.00197036	0.00213123	1.6767	0.0	0.917582	0.0487466	0.999226	0.952674	0.260183	0.126635	0.113323	0.530134	0.0424873	1.41103	0.178826	0.0359756	0.0354316	0.0126677	-1484.57	4.0	4.41732e-05	-6175.64	3.0	3.86185e-05	1.0	412.694	26.5524	140.037	18.5736	0.253354	0.0312382	1122.0	15.7128	
1.6-2.4	6.5-30.0	10.0-60.0	1.178-1.571	0.008	0.152	932.0	931.0	552.56	26.8348	378.43	23.3665	-0.551328	0.204518	-0.05	0.0	0.663689	0.0	3.09114	0.0	0.0566716	0.0	0.0301863	0.0	0.03	0.0	1.492	0.0	5.0	0.0	1.733	0.0	0.0493761	0.0	0.000179578	0.000851436	0.193875	0.0206964	0.211707	0.0	0.00199102	0.0	0.00149146	0.00185562	1.6767	0.0	0.772162	0.0471469	0.718594	0.30396	0.357198	0.19191	1.12179e-05	0.648989	0.0238934	0.0206728	0.198483	0.0372151	0.0200046	0.0603423	-1486.23	4.0	4.57498e-06	-5971.25	3.0	1.28325e-06	1.0	393.95	26.0889	158.61	19.3373	0.287046	0.0320995	1032.08	13.903	
