rap0.0-1.2_pT6.5-30.0_cent0.0-100.0
5849.29
1574.85 1496.97 1423.51 1351.57
42.6542 41.7517 40.4751 39.6855
2947.54
735.99 811.969 696.459 702.427
31.3162 32.53 30.1862 30.4276
4154.42
1097.26 1081.16 1011.99 943.819
39.762 39.4913 38.4275 38.3827
1694.87
477.594 415.811 411.519 407.752
29.4132 28.0137 28.0289 29.1302
0.289756
0.303263 0.277769 0.289087 0.301688
0.0167738 0.0170347 0.0178922 0.0196483
rap0.0-1.2_pT6.5-30.0_cent10.0-60.0
3863.97
1024.7 1013.8 921.427 898.933
34.2549 34.1564 32.2542 32.0567
1659.91
451.28 465.201 360.551 381.062
24.4958 24.8611 21.8967 22.5782
2795.49
725.548 765.27 665.353 633.226
31.9387 32.3013 30.1753 30.5428
1068.48
299.148 248.53 256.075 265.707
23.0609 21.183 21.1768 22.6435
0.276524
0.291938 0.245147 0.277911 0.29558
0.020279 0.0191929 0.0208222 0.0228779
rap0.0-2.4_pT10.0-13.0_cent0.0-100.0
2689.89
694.554 690.849 652.397 654.591
28.3634 28.2561 27.5964 27.7086
943.17
231.446 245.111 216.562 239.419
18.4766 18.7788 18.0472 18.7779
1888.46
484.684 513.768 450.703 485.842
26.1721 26.1388 27.1032 26.0855
801.432
209.871 177.082 201.694 168.749
19.1486 17.1503 21.0691 17.5652
0.297942
0.302166 0.256325 0.309159 0.257793
0.024654 0.0225026 0.0295286 0.0245149
rap0.0-2.4_pT10.0-13.0_cent10.0-60.0
1795.02
473.065 465.862 437.563 414.204
23.3537 23.0939 22.4217 21.9392
567.99
145.922 142.151 124.432 147.786
14.7736 14.4778 13.769 14.6611
1266.37
316.336 334.023 314.721 298.107
21.3627 21.6741 21.6478 21.1768
528.658
156.729 131.839 122.841 116.097
16.5031 15.437 15.7534 15.3932
0.294513
0.331305 0.282999 0.28074 0.280289
0.0308139 0.0300202 0.0330036 0.034069
rap0.0-2.4_pT13.0-30.0_cent0.0-100.0
1704.32
455.681 424.042 401.031 416.942
22.8178 22.1517 21.2492 21.7536
496.655
122.311 147.901 115.969 105.052
13.6858 14.6467 12.902 12.7017
1078.04
287.445 308.699 263.58 248.966
20.3111 20.2427 20.2155 19.5898
626.283
168.236 115.343 137.451 167.975
16.6233 13.6388 16.3296 17.0832
0.367468
0.369197 0.272008 0.342744 0.402875
0.0314487 0.0288549 0.0364447 0.0351701
rap0.0-2.4_pT13.0-30.0_cent10.0-60.0
1121.31
296.382 277.382 257.116 286.099
18.3183 17.8889 16.9994 18.0543
316.601
75.5944 92.5798 72.8648 71.8937
10.7136 11.6268 10.2342 10.5716
751.519
200.077 194.262 180.599 170.545
16.9501 17.1057 16.087 16.7387
369.795
96.3055 83.12 76.5169 115.554
13.0313 12.8212 11.9084 14.749
0.329787
0.324937 0.299659 0.297597 0.403894
0.0391134 0.0419881 0.0419283 0.0448105
rap0.0-2.4_pT6.5-30.0_cent0.0-10.0
3580.01
935.153 884.065 901.784 860.572
35.1771 34.541 34.3252 33.4433
3637.83
948.771 1008.04 876.44 805.691
35.3702 36.2909 33.9541 32.6132
2559.12
641.548 623.168 661.192 632.858
33.6338 32.8168 33.6019 33.1621
1020.88
293.605 260.897 240.591 227.714
25.9001 24.2496 24.0739 23.941
0.285162
0.313964 0.295111 0.266795 0.264608
0.0250518 0.0248886 0.024689 0.0258496
rap0.0-2.4_pT6.5-30.0_cent0.0-100.0
12120.6
3224.32 3083.07 2949.35 2865.93
63.6903 62.1982 60.4237 59.4464
8517.92
2442.68 2309.88 1971.62 1823.93
57.2263 55.6368 51.7053 49.9185
8843.66
2335.82 2247.22 2192.08 2082.51
61.3286 60.7109 58.6918 57.3553
3276.96
888.496 835.857 757.267 783.422
44.0494 43.7591 40.848 41.0825
0.270362
0.275561 0.271112 0.256757 0.273357
0.0125304 0.0130972 0.0128121 0.0131657
rap0.0-2.4_pT6.5-30.0_cent10.0-20.0
2843.05
784.228 707.767 690.196 662.317
31.6702 30.173 29.6198 28.7896
2280.67
660.767 596.161 539.738 472.626
29.6575 28.2633 26.9605 25.2817
2044.58
543.796 547.931 509.263 441.514
29.8047 29.912 28.3 27.7644
798.478
240.432 159.836 180.933 220.803
22.368 19.8877 19.5841 22.2409
0.280852
0.306585 0.225832 0.262148 0.33338
0.025695 0.0263984 0.0260492 0.0302927
rap0.0-2.4_pT6.5-30.0_cent10.0-30.0
5072.79
1381.27 1280.41 1218.27 1192.42
41.793 40.1335 38.7709 38.365
3645.45
1078.73 979.577 812.702 770.555
38.0011 36.1918 33.1315 32.4041
3704.04
1017.02 942.471 899.657 832.303
39.7523 39.1668 36.8108 36.991
1368.75
364.255 337.944 318.608 360.113
27.4737 27.8131 25.2606 28.0265
0.269822
0.26371 0.263933 0.261526 0.302003
0.0182196 0.020085 0.0189911 0.0214014
rap0.0-2.4_pT6.5-30.0_cent10.0-60.0
8102.49
2177.04 2095.61 1932.45 1899.39
51.8435 50.5806 48.312 47.8946
4821.69
1469.92 1283.36 1058.57 1006.54
44.5048 41.7889 38.2145 37.4308
5933.27
1608.25 1559.51 1437.08 1356.97
49.7738 49.643 46.5001 46.2567
2169.22
568.795 536.094 495.369 542.419
34.5563 34.8569 32.0132 33.9992
0.267723
0.261269 0.255818 0.256342 0.285575
0.0146028 0.0154448 0.0152763 0.0163877
rap0.0-2.4_pT6.5-30.0_cent20.0-30.0
2227.04
598.164 573.059 526.303 529.538
27.281 26.4229 24.9622 25.33
1364.77
414.835 373.855 272.638 293.418
23.6839 22.3369 19.2201 20.1372
1655.36
473.886 400.068 388.649 388.485
26.1534 25.2305 23.445 24.4335
571.681
124.278 172.991 137.654 141.053
15.78 18.9717 15.8904 17.2395
0.2567
0.207766 0.301873 0.261549 0.26637
0.0246201 0.0300379 0.0275264 0.0299587
rap0.0-2.4_pT6.5-30.0_cent30.0-60.0
3030.73
794.399 813.002 714.392 705.593
30.6064 30.6367 28.7482 28.592
1174.65
388.585 301.993 243.606 234.4
23.0426 20.6788 18.8598 18.61
2249.45
584.907 608.0 534.995 522.022
29.8358 30.64 28.6622 27.7115
781.283
209.492 205.003 179.396 183.57
21.154 21.7612 20.2519 19.3854
0.257787
0.263712 0.252155 0.251118 0.260165
0.0246144 0.0250231 0.0264861 0.0253708
rap0.0-2.4_pT6.5-30.0_cent60.0-100.0
432.248
109.574 99.119 113.252 107.187
11.0289 10.438 11.3422 10.7245
87.7149
19.4178 20.8766 34.7847 10.8124
5.6084 5.54136 7.0832 4.31746
336.696
80.2097 80.4902 99.0837 72.1209
10.2864 10.1182 11.2522 10.0648
95.5519
29.3642 18.6288 14.1686 35.0658
7.02625 5.86333 5.49131 7.84466
0.221058
0.267985 0.187944 0.125106 0.327147
0.0581742 0.0557452 0.0468406 0.0654591
rap0.0-2.4_pT6.5-8.0_cent0.0-100.0
3964.95
1041.39 971.125 1025.78 927.753
39.1843 37.7549 37.7952 35.9728
4671.06
1384.64 1276.92 1055.23 946.168
43.3417 41.606 38.1832 36.2264
3148.61
829.322 785.636 807.812 741.153
38.9073 37.1127 37.1204 34.8592
816.332
212.071 185.489 217.964 186.6
24.5706 22.2811 23.5905 21.0159
0.205887
0.203641 0.191004 0.212487 0.201131
0.0223151 0.0217087 0.021624 0.0212677
rap0.0-2.4_pT6.5-8.0_cent10.0-60.0
2703.89
712.502 693.834 670.937 627.038
31.8811 30.9654 29.9323 29.0923
2502.65
804.542 656.368 528.061 508.938
33.2945 30.3569 27.4424 26.9863
2114.24
564.135 551.743 521.907 475.615
31.2922 31.3911 29.7223 28.3367
589.652
148.368 142.091 149.03 151.423
19.6494 20.4762 19.6339 19.1149
0.218075
0.208235 0.204791 0.222123 0.241489
0.0259564 0.0280606 0.0275344 0.0283508
rap0.0-2.4_pT8.0-10.0_cent0.0-100.0
3923.31
1075.63 1037.03 910.09 904.126
36.1887 35.3749 33.205 32.9386
2279.53
651.373 587.952 536.899 490.851
29.7549 28.3253 27.0069 25.9166
2876.15
794.893 739.236 695.295 654.055
34.713 34.3718 31.8507 32.5045
1047.17
280.734 297.792 214.795 250.071
24.062 25.4702 20.7928 23.9115
0.266908
0.260996 0.287159 0.236016 0.276588
0.0205747 0.0225228 0.0211621 0.0244523
rap0.0-2.4_pT8.0-10.0_cent10.0-60.0
2609.36
729.26 691.877 595.495 593.27
29.5558 28.7111 26.6097 26.3158
1302.41
401.747 357.096 293.478 244.732
23.3678 22.1259 20.152 18.5467
1920.65
547.721 495.963 437.32 431.589
28.7843 28.2086 25.0917 25.9353
688.706
181.539 195.913 158.174 161.681
19.746 20.934 17.2532 18.9096
0.263937
0.248936 0.283162 0.265618 0.272525
0.0251269 0.027882 0.0264301 0.0294923
rap1.2-1.6_pT6.5-30.0_cent0.0-100.0
2904.23
776.041 743.904 704.05 680.729
31.8116 31.4057 29.9699 29.2961
2349.32
675.96 680.096 528.92 463.265
30.1977 30.373 26.8898 25.3142
2156.02
573.48 534.455 542.455 500.459
31.6232 30.8838 29.4438 28.4971
748.216
202.561 209.449 161.596 180.269
22.7232 22.8669 19.5207 20.2087
0.257629
0.261019 0.281554 0.229523 0.264818
0.027256 0.0283478 0.0259477 0.027412
rap1.2-1.6_pT6.5-30.0_cent10.0-60.0
1950.83
540.211 492.484 467.329 452.486
26.2645 25.0819 24.042 23.4987
1307.97
419.786 370.483 276.667 235.512
23.8621 22.5189 19.682 18.309
1460.74
408.606 352.567 365.029 334.245
26.2207 25.4131 24.1934 22.9735
490.09
131.605 139.917 102.299 118.241
18.2704 19.3439 16.1357 16.2537
0.251221
0.243618 0.284104 0.218902 0.261315
0.0316791 0.0365159 0.0326393 0.0332588
rap1.6-2.4_pT3.0-6.5_cent0.0-100.0
6321.72
1761.44 1552.37 1479.96 1534.71
64.6151 61.9201 59.7838 59.2182
25558.6
6964.31 6628.67 6154.91 5627.19
96.8342 94.3957 90.8256 87.1737
5466.12
1559.95 1329.17 1259.97 1292.87
66.6406 62.416 63.5012 60.0871
855.6
201.491 223.199 219.988 241.839
34.9435 34.1201 38.9979 34.7687
0.135343
0.11439 0.143779 0.148644 0.15758
0.0193892 0.0212179 0.0256574 0.0218237
rap1.6-2.4_pT3.0-6.5_cent10.0-60.0
4275.61
1270.23 1057.32 946.384 1006.82
51.6191 48.6463 45.8146 45.7953
13617.1
3807.77 3634.68 3246.61 2910.27
72.1254 70.3115 66.3262 63.2513
3688.84
1144.5 850.467 794.634 890.702
52.9201 48.6998 47.847 46.2881
586.77
125.726 206.856 151.75 116.118
25.7579 30.5149 29.3851 23.0027
0.137237
0.0989788 0.195642 0.160347 0.115332
0.0198752 0.027421 0.0300639 0.0222365
rap1.6-2.4_pT6.5-30.0_cent0.0-100.0
3418.99
882.545 849.03 843.64 844.875
35.6183 34.0503 33.9244 33.3881
3195.12
1018.51 808.902 722.17 644.001
37.4791 33.4561 32.0842 30.2297
2636.73
682.565 647.035 675.8 649.777
35.3568 35.1145 33.5374 32.4202
782.259
199.98 201.995 167.84 195.098
23.5878 25.0058 20.7801 21.2402
0.228798
0.226595 0.237912 0.198948 0.230919
0.0251138 0.0278638 0.0232961 0.0234254
rap1.6-2.4_pT6.5-30.0_cent10.0-60.0
2314.13
617.951 591.024 552.731 552.56
29.0562 27.719 27.0167 26.8348
1821.51
587.983 443.843 409.156 378.43
28.5361 24.9244 24.2139 23.3665
1736.78
480.224 443.082 412.694 393.95
28.6189 29.1923 26.5524 26.0889
577.348
137.727 147.942 140.037 158.61
18.738 21.6449 18.5736 19.3373
0.249488
0.222877 0.250315 0.253354 0.287046
0.0284542 0.0346901 0.0312382 0.0320995
