noWeight_TnPAtRD3_4DEff_RapPtEffMap2_Ratio
rap	pT	cent	dPhi	ctauErrMin	ctauErrMax	NoCutEntry	CutEntry	NSig	NSigErr	NBkg	NBkgErr	coefExp	coefExpErr	coefPol1	coefPol1Err	coeffGaus	coeffGausErr	meanSig1	meanSig1Err	sigmaSig1	sigmaSig1Err	sigmaSig2	sigmaSig2Err	sigmaSig3	sigmaSig3Err	alpha	alphaErr	enne	enneErr	enneW	enneWErr	sigWidth	sigWidthErr	Gmc	GmcErr	bTau	bTauErr	fracRes	fracResErr	meanResSigW	meanResSigWErr	meanResSigN	meanResSigNErr	sigmaResSigW	sigmaResSigWErr	sigmaResSigN	sigmaResSigNErr	fpm	fpmErr	fLiving	fLivingErr	fbkgCtTot	fbkgCtTotErr	lambdam	lambdamErr	lambdap	lambdapErr	lambdasym	lambdasymErr	NLL	nFitPar	EDM	NLLMass	nFitParMass	EDMMass	Prob	PROMPT	PROMPTErr	NON-PROMPT	NON-PROMPTErr	Bfraction	BfractionErr	Resolution	ResolutionErr	
0.0-0.4	6.5-30.0	0.0-100.0	0.000-1.571	0.008	0.064	2387.0	2385.0	1679.47	45.2393	705.6	32.7512	-0.300258	0.151073	-0.05	0.0	0.304482	0.114528	3.09412	0.000570551	0.0216419	0.00253172	0.017518	0.00119545	0.03	0.0	1.492	0.0	5.0	0.0	1.733	0.0	0.0188693	0.000635951	3.59557e-05	0.000193278	0.198366	0.0105998	0.709974	0.264125	-0.00206547	0.00229629	0.0013767	0.00170258	1.32298	0.0992276	0.629283	0.0446663	0.671983	0.0551358	1.0	0.068792	0.37595	0.0576413	0.0624393	0.0112696	0.173631	0.0155349	0.230125	2.60244	-5468.82	4.0	4.30738e-06	-19053.5	7.0	4.07246e-05	1.0	1155.09	41.1189	524.379	30.3675	0.312229	0.0160065	1165.12	86.6184	
0.0-1.2	6.5-30.0	0.0-10.0	0.000-1.571	0.008	0.088	3019.0	3018.0	1773.84	48.8955	1243.97	43.1365	-0.114141	0.111	-0.05	0.0	0.574527	0.0	3.09295	0.0	0.0208582	0.0	0.036861	0.00254166	0.03	0.0	1.492	0.0	5.0	0.0	1.733	0.0	0.028776	0.000692621	1.12992e-05	0.000388937	0.171708	0.00922408	0.282557	0.0	0.00228371	0.0	-0.000733424	0.00100766	1.58042	0.0	0.866786	0.0303275	0.806341	0.133374	0.582997	0.199603	0.367656	0.172977	0.112182	0.0410736	0.156921	0.0201527	0.0445214	0.0328631	-5722.55	4.0	6.57886e-07	-23573.5	4.0	2.83491e-05	1.0	1190.72	45.5398	583.113	35.425	0.32873	0.0177968	1115.7	8.45201	
0.0-1.2	6.5-30.0	0.0-100.0	0.000-1.571	0.008	0.105	8803.0	8801.0	5853.53	88.3771	2947.3	70.0211	-0.132061	0.0758139	-0.05	0.0	0.574527	0.0751679	3.09295	0.000408352	0.0208582	0.00086806	0.036069	0.00302034	0.03	0.0	1.492	0.0	5.0	0.0	1.733	0.0	0.0283458	0.00101572	1.16782e-05	0.000130175	0.194856	0.00597086	0.282557	0.19576	0.00228371	0.00264771	-0.000749913	0.000514576	1.58042	0.170805	0.830394	0.0154344	0.639299	0.0468272	0.976171	0.0146114	0.399219	0.0460038	0.0549886	0.00775942	0.149398	0.00867024	0.422914	0.160369	-18488.4	4.0	1.20324e-06	-79626.0	7.0	0.000105694	1.0	4159.8	81.0204	1693.73	57.2168	0.289352	0.00874418	1095.66	88.0475	
0.0-1.2	6.5-30.0	10.0-20.0	0.000-1.571	0.008	0.088	2134.0	2133.0	1365.48	41.1387	767.5	33.0824	-0.152912	0.141558	-0.05	0.0	0.574527	0.0	3.09295	0.0	0.0208582	0.0	0.0349886	0.00227123	0.03	0.0	1.492	0.0	5.0	0.0	1.733	0.0	0.0277637	0.000608909	1.12992e-05	0.000388937	0.219183	0.0134731	0.282557	0.0	0.00228371	0.0	-0.00128224	0.00107425	1.58042	0.0	0.822916	0.033368	0.532686	0.108378	0.945818	0.0344017	0.293995	0.134769	0.0387596	0.0102157	0.143259	0.0190164	0.343615	0.144553	-4240.28	4.0	4.21398e-05	-16174.8	4.0	1.87175e-06	1.0	955.394	37.6117	410.087	27.1805	0.300324	0.0177301	1091.6	9.02358	
0.0-1.2	6.5-30.0	20.0-30.0	0.000-1.571	0.008	0.105	1542.0	1541.0	1054.47	36.0091	486.318	26.9902	0.167662	0.178561	-0.05	0.0	0.574527	0.0	3.09295	0.0	0.0208582	0.0	0.0350874	0.00284897	0.03	0.0	1.492	0.0	5.0	0.0	1.733	0.0	0.0278167	0.000764498	1.16782e-05	0.000130175	0.20913	0.0152985	0.282557	0.0	0.00228371	0.0	0.00137726	0.00115209	1.58042	0.0	0.801337	0.0348063	0.505641	0.00970069	1.0	7.23753	0.303447	0.0119707	0.0462967	0.00130762	0.162961	0.00381248	0.0480836	31.0947	-3348.16	4.0	1.69357e-07	-11329.3	4.0	6.43359e-05	1.0	768.954	33.2978	285.517	22.6776	0.270768	0.019417	1080.02	9.26398	
0.0-1.2	6.5-30.0	30.0-40.0	0.000-1.571	0.008	0.064	953.0	952.0	700.784	28.9329	250.98	19.6827	-0.683405	0.253349	-0.05	0.0	0.574527	0.0	3.09295	0.0	0.0208582	0.0	0.038657	0.00352318	0.03	0.0	1.492	0.0	5.0	0.0	1.733	0.0	0.0297619	0.00097352	1.32366e-05	0.000329048	0.173925	0.01583	0.282557	0.0	0.00228371	0.0	-0.0016151	0.00151133	1.58042	0.0	0.836295	0.0413507	0.635248	0.0247526	0.999992	7.03974	0.415275	0.0243509	0.0613051	0.00474323	0.161869	0.00835764	0.0867055	19.4004	-2237.29	4.0	6.35144e-07	-6636.21	4.0	0.000108275	1.0	512.178	27.3526	188.606	19.017	0.269135	0.0247574	1098.87	11.2889	
0.0-1.2	6.5-30.0	40.0-50.0	0.000-1.571	0.016	0.048	581.0	572.0	458.181	23.2012	113.825	13.9257	-0.441172	0.375962	-0.05	0.0	0.574527	0.0	3.09295	0.0	0.0208582	0.0	0.0407223	0.00477785	0.03	0.0	1.492	0.0	5.0	0.0	1.733	0.0	0.0309115	0.00133902	1.43354e-05	8.22848e-05	0.208887	0.0234313	0.282557	0.0	0.00228371	0.0	-0.0030587	0.00178164	1.58042	0.0	0.792829	0.0516503	0.839582	0.780501	0.622475	0.348747	0.000181079	0.721451	0.0156815	0.0220971	0.251203	0.0508948	0.0200047	0.110797	-1399.04	4.0	1.56181e-06	-3782.35	4.0	7.21526e-07	1.0	339.094	21.6853	119.086	14.5525	0.259911	0.0289062	1075.51	13.6583	
0.0-1.2	6.5-30.0	50.0-100.0	0.000-1.571	0.008	0.056	574.0	573.0	499.475	23.5079	73.5124	11.2552	0.0917849	0.469414	-0.05	0.0	0.574527	0.0	3.09295	0.0	0.0208582	0.0	0.034387	0.00324378	0.03	0.0	1.492	0.0	5.0	0.0	1.733	0.0	0.027442	0.000864714	1.34486e-05	0.000306561	0.198743	0.0223486	0.282557	0.0	0.00228371	0.0	-0.00073187	0.00145983	1.58042	0.0	0.7394	0.0459325	0.99995	1.12564	0.999996	1.02309	0.335801	0.149608	0.00709326	1.52481	0.18159	0.0293091	0.0200214	10.1315	-1649.91	4.0	4.84612e-05	-3937.11	4.0	9.9013e-06	1.0	381.17	22.4238	118.306	14.56	0.23686	0.0269348	1047.85	11.6268	
0.0-2.4	10.0-13.0	0.0-100.0	0.000-1.571	0.008	0.136	3638.0	3637.0	2691.91	58.3325	945.091	40.6917	-0.481257	0.135029	-0.05	0.0	0.359443	0.089748	3.09255	0.000738468	0.0208608	0.00220829	0.0402013	0.00273114	0.03	0.0	1.492	0.0	5.0	0.0	1.733	0.0	0.0345203	0.00129786	1.25623e-05	9.06713e-05	0.190238	0.00846511	0.0553454	0.0788853	0.000212513	0.0144851	-0.000914526	0.000694332	2.09412	0.553674	0.898473	0.0207259	0.776735	0.116287	0.626422	0.104671	2.65731e-07	0.163464	0.0698476	0.0198248	0.167422	0.0138495	0.0237405	0.0113131	-7810.41	4.0	1.11199e-05	-29798.6	7.0	7.72676e-06	1.0	1889.8	54.4979	802.101	39.9389	0.297968	0.013358	1002.64	77.8085	
0.0-2.4	10.0-30.0	0.0-100.0	0.000-1.571	0.004	0.144	5840.0	5839.0	4393.81	74.4289	1445.1	50.9014	-0.489298	0.110267	-0.05	0.0	0.41779	0.074234	3.09305	0.000574298	0.0218051	0.00161207	0.0417835	0.00257805	0.03	0.0	1.492	0.0	5.0	0.0	1.733	0.0	0.0348583	0.00114502	1.0177e-05	0.00195203	0.180606	0.00607741	0.0477214	0.0592155	-0.000892962	0.00748279	-0.000755084	0.000518067	2.03646	0.461587	0.93222	0.0167298	0.803716	0.0946221	0.849687	0.205054	0.291652	0.113811	0.0622483	0.014554	0.177255	0.0127504	0.0345823	0.0292566	-12860.3	4.0	1.85817e-05	-50806.6	7.0	7.82858e-06	1.0	2968.02	68.9132	1425.79	52.9585	0.3245	0.0107266	1012.66	53.3004	
0.0-2.4	11.0-13.0	0.0-100.0	0.000-1.571	0.008	0.105	1942.0	1941.0	1467.31	42.7071	473.72	28.8157	-0.597331	0.19527	-0.05	0.0	0.423874	0.136608	3.09311	0.00102822	0.0216908	0.00281276	0.0434044	0.00575012	0.03	0.0	1.492	0.0	5.0	0.0	1.733	0.0	0.0358443	0.00244271	4.93653e-05	0.000238442	0.20492	0.0118506	0.0328637	0.0389686	-0.000371389	0.0145275	0.000422698	0.000942106	2.53131	0.734887	0.942942	0.0292771	0.764611	0.0999153	0.648019	0.081747	1.14891e-06	0.16902	0.0717794	0.0208002	0.172149	0.017721	0.02	0.0172351	-4157.6	4.0	1.31004e-05	-14745.3	7.0	1.38756e-06	1.0	1007.09	39.3986	460.221	29.5378	0.31365	0.0179416	1034.65	61.1492	
0.0-2.4	13.0-16.0	0.0-100.0	0.000-1.571	0.008	0.08	1308.0	1305.0	1029.35	35.9143	275.74	23.1573	-0.342988	0.254145	-0.05	0.0	0.602769	0.116927	3.0933	0.00117428	0.0247326	0.00267923	0.0534262	0.0077347	0.03	0.0	1.492	0.0	5.0	0.0	1.733	0.0	0.0387628	0.00275844	1.00002e-05	0.000966722	0.189785	0.0137068	0.0326157	0.0670782	-0.00999634	0.0183094	0.00128187	0.00110829	1.86063	0.773549	1.00316	0.0363688	0.879049	0.193141	0.7662	0.28536	0.113253	0.076877	0.0456153	0.0208595	0.160029	0.0241166	0.0422947	0.0168378	-3021.37	4.0	1.41931e-05	-9500.12	7.0	5.86784e-05	1.0	722.499	33.6789	306.852	24.7677	0.298102	0.0216974	1042.31	48.5244	
0.0-2.4	13.0-30.0	0.0-100.0	0.000-1.571	0.008	0.105	2202.0	2202.0	1703.72	46.0799	498.333	30.2962	-0.513364	0.18803	-0.05	0.0	0.51724	0.104259	3.09382	0.000895364	0.0230791	0.00210368	0.045512	0.00479375	0.03	0.0	1.492	0.0	5.0	0.0	1.733	0.0	0.0357137	0.00188655	2.10356e-05	0.0045896	0.16686	0.00861661	0.0347602	0.122355	-0.00537756	0.015369	-0.000791626	0.000786246	1.80759	0.989032	0.952149	0.0283154	0.851328	0.168853	0.865628	0.272729	0.334175	0.0959599	0.0425237	0.0173992	0.19579	0.0229489	0.0415545	0.0263826	-5063.62	4.0	4.68263e-08	-17144.0	7.0	9.12297e-06	1.0	1077.59	42.1611	626.14	34.8557	0.367512	0.0178815	994.308	80.1401	
0.0-2.4	16.0-30.0	0.0-100.0	0.000-1.571	0.008	0.064	894.0	893.0	677.505	28.8915	215.464	19.3075	-0.707064	0.28619	-0.05	0.0	0.227015	0.22562	3.09495	0.00152175	0.0192891	0.0057306	0.0331338	0.00510445	0.03	0.0	1.492	0.0	5.0	0.0	1.733	0.0	0.0305465	0.00255815	5.46616e-05	1.05755	0.157424	0.0116682	0.461092	0.573416	0.00155876	0.00498774	-0.00351148	0.0014327	1.33655	0.440517	0.721419	0.0512077	0.679736	1.6084	0.955135	0.118396	0.336056	1.38613	0.00708493	1.0526e-08	0.231207	0.0338853	0.059023	0.0624462	-2058.39	4.0	8.84205e-07	-6130.6	7.0	0.000141507	1.0	395.665	24.7079	281.84	21.6851	0.415996	0.0266415	1050.79	215.879	
0.0-2.4	6.5-30.0	0.0-10.0	0.000-1.571	0.008	0.184	7245.0	7245.0	3581.82	69.8882	3663.05	70.4665	-0.111752	0.0645684	-0.05	0.0	0.412186	0.0	3.09295	0.0	0.047039	0.0	0.0239536	0.000848509	0.03	0.0	1.492	0.0	5.0	0.0	1.733	0.0	0.0353455	0.000169006	3.80561e-05	6.9663e-05	0.187185	0.00791263	0.19482	0.0	0.00388614	0.0	0.000660504	0.000688312	1.71004	0.0	0.965416	0.0188969	0.937599	0.913843	0.419674	0.322003	0.512796	0.0583855	0.131776	0.181713	0.184067	0.0294727	0.0783423	0.0305431	-11295.6	4.0	3.70059e-05	-61039.7	4.0	3.60123e-06	1.0	2565.22	67.2438	1016.61	49.0913	0.283824	0.012537	1148.98	6.3923	
0.0-2.4	6.5-30.0	0.0-100.0	0.000-1.571	0.004	0.128	20709.0	20665.0	12123.9	137.33	8540.95	123.516	-0.198662	0.0436386	-0.05	0.0	0.412186	0.0392474	3.09295	0.000375904	0.047039	0.00177788	0.0244485	0.000750956	0.03	0.0	1.492	0.0	5.0	0.0	1.733	0.0	0.0355441	0.000675956	3.69757e-05	6.79802e-05	0.191818	0.00441916	0.19482	0.0809237	0.00388614	0.00250476	-0.000224289	0.000364175	1.71004	0.123875	0.886524	0.00997664	0.881908	0.0951199	0.471611	0.0859741	0.384499	0.0587199	0.134772	0.0501491	0.181195	0.0104566	0.0500596	0.0123693	-36519.5	4.0	3.90364e-05	-198845.0	7.0	0.000106823	1.0	8847.43	127.272	3276.47	86.7878	0.270249	0.00647086	1096.59	43.8282	
0.0-2.4	6.5-30.0	0.0-5.0	0.000-1.571	0.008	0.184	3929.0	3929.0	1916.32	51.3875	2012.61	52.3158	-0.0516129	0.0870038	-0.05	0.0	0.412186	0.0	3.09295	0.0	0.047039	0.0	0.0229995	0.00118184	0.03	0.0	1.492	0.0	5.0	0.0	1.733	0.0	0.034971	0.000228443	3.80561e-05	6.9663e-05	0.19018	0.0114326	0.19482	0.0	0.00388614	0.0	0.00409678	0.000952472	1.71004	0.0	1.00746	0.0266477	0.322649	2.57839	0.766292	1.46241	0.202542	5.83472	0.00831199	9.95569e-09	0.166288	0.0241451	0.101335	0.0335979	-6080.85	4.0	2.86174e-08	-30673.4	4.0	1.42786e-06	1.0	1410.8	49.5344	505.519	34.7302	0.263796	0.0166858	1177.68	9.17745	
0.0-2.4	6.5-30.0	10.0-15.0	0.000-1.571	0.008	0.152	2827.0	2826.0	1503.8	44.8101	1322.06	42.7338	-0.176781	0.107717	-0.05	0.0	0.412186	0.0	3.09295	0.0	0.047039	0.0	0.0245012	0.00130572	0.03	0.0	1.492	0.0	5.0	0.0	1.733	0.0	0.0355654	0.000264375	1.79985e-05	0.004591	0.199361	0.012366	0.19482	0.0	0.00388614	0.0	0.00329988	0.00103614	1.71004	0.0	0.899678	0.0284463	0.422273	0.0629132	0.890449	0.0683504	0.290569	0.105776	0.031822	0.00808633	0.131502	0.0179152	0.163227	0.0624156	-4634.8	4.0	2.20358e-05	-21298.4	4.0	8.65836e-06	1.0	1079.23	42.3701	424.564	30.3494	0.282328	0.0183448	1105.18	9.3227	
0.0-2.4	6.5-30.0	10.0-20.0	0.000-1.571	0.008	0.16	5132.0	5131.0	2842.16	60.9819	2288.57	56.2601	-0.197337	0.0819885	-0.05	0.0	0.412186	0.0	3.09295	0.0	0.047039	0.0	0.0249544	0.000964526	0.03	0.0	1.492	0.0	5.0	0.0	1.733	0.0	0.0357502	0.000197876	1.00282e-05	0.000232918	0.200048	0.00916205	0.19482	0.0	0.00388614	0.0	0.00070289	0.000778386	1.71004	0.0	0.919013	0.0212483	0.532308	0.118341	0.8983	0.0412897	0.37638	0.114064	0.0369147	0.00980929	0.132212	0.0124938	0.230001	0.0556492	-8533.19	4.0	2.15889e-05	-41911.4	4.0	1.50027e-05	1.0	2044.21	58.1865	797.952	41.8929	0.280755	0.0134527	1117.92	7.03232	
0.0-2.4	6.5-30.0	15.0-20.0	0.000-1.571	0.008	0.16	2305.0	2305.0	1337.01	41.3256	968.088	36.5916	-0.224358	0.126203	-0.05	0.0	0.412186	0.0	3.09295	0.0	0.047039	0.0	0.0254472	0.00143282	0.03	0.0	1.492	0.0	5.0	0.0	1.733	0.0	0.0359538	0.000298055	1.00282e-05	0.000232918	0.20195	0.0135959	0.19482	0.0	0.00388614	0.0	-0.00253778	0.00117474	1.71004	0.0	0.946932	0.0317095	0.744472	0.112518	0.88521	0.0700501	0.491581	0.0810578	0.0560072	0.0253423	0.135863	0.017402	0.289776	0.101151	-3906.28	4.0	1.07909e-06	-17086.5	4.0	6.49446e-06	1.0	964.695	39.8189	372.31	28.79	0.278466	0.0197382	1136.52	10.6364	
0.0-2.4	6.5-30.0	20.0-25.0	0.000-1.571	0.008	0.145	1975.0	1975.0	1201.69	38.6794	773.231	32.6758	-0.275143	0.141573	-0.05	0.0	0.412186	0.0	3.09295	0.0	0.047039	0.0	0.0233231	0.00133776	0.03	0.0	1.492	0.0	5.0	0.0	1.733	0.0	0.0350967	0.00026128	3.69686e-05	0.0287936	0.203184	0.0152046	0.19482	0.0	0.00388614	0.0	0.00249139	0.00106703	1.71004	0.0	0.832016	0.0288688	0.461617	0.0489657	0.989628	0.0156945	0.284181	0.0922528	0.0437732	0.00676355	0.137158	0.0163557	0.425158	0.385635	-3738.09	4.0	3.35218e-05	-14464.9	4.0	8.27796e-06	1.0	915.779	36.8721	285.916	23.9872	0.237927	0.0184336	1061.64	9.10844	
0.0-2.4	6.5-30.0	20.0-30.0	0.000-1.571	0.008	0.152	3598.0	3598.0	2228.23	52.4901	1369.58	43.5516	-0.182274	0.106302	-0.05	0.0	0.412186	0.0	3.09295	0.0	0.047039	0.0	0.0232365	0.000963543	0.03	0.0	1.492	0.0	5.0	0.0	1.733	0.0	0.035063	0.000187674	1.79985e-05	0.004591	0.205838	0.0108818	0.19482	0.0	0.00388614	0.0	0.00179694	0.000804742	1.71004	0.0	0.843439	0.0219494	0.525712	0.0995143	0.824135	0.247672	0.312906	0.116353	0.0472452	0.00886198	0.150786	0.0175103	0.0394661	0.0300927	-6791.04	4.0	2.30127e-07	-28584.2	4.0	1.97666e-05	1.0	1655.55	49.9928	572.683	34.0634	0.257012	0.0140372	1068.88	6.97288	
0.0-2.4	6.5-30.0	25.0-30.0	0.000-1.571	0.008	0.136	1623.0	1621.0	1024.74	35.4568	596.136	28.7866	-0.0616295	0.160936	-0.05	0.0	0.412186	0.0	3.09295	0.0	0.047039	0.0	0.0231515	0.00138264	0.03	0.0	1.492	0.0	5.0	0.0	1.733	0.0	0.0350299	0.000268572	3.37928e-05	7.02542e-05	0.209457	0.0156698	0.19482	0.0	0.00388614	0.0	0.000951321	0.00121702	1.71004	0.0	0.87945	0.0332483	0.640559	0.0268261	0.998907	0.730439	0.500484	0.040905	0.0553134	0.00535813	0.149241	0.00826378	0.02	3.5407	-3054.98	4.0	9.0939e-08	-11626.1	4.0	1.42413e-05	1.0	740.005	33.7301	284.731	24.066	0.277858	0.021427	1091.99	10.7801	
0.0-2.4	6.5-30.0	30.0-35.0	0.000-1.571	0.008	0.128	1267.0	1266.0	803.531	31.6075	462.398	25.6494	-0.380254	0.183776	-0.05	0.0	0.412186	0.0	3.09295	0.0	0.047039	0.0	0.024176	0.00169637	0.03	0.0	1.492	0.0	5.0	0.0	1.733	0.0	0.0354344	0.000340166	3.69757e-05	6.79802e-05	0.177615	0.0172617	0.19482	0.0	0.00388614	0.0	0.00132609	0.00142579	1.71004	0.0	0.909004	0.0374282	0.551539	0.0112767	0.999999	1.92041	0.486627	0.0108813	0.0487518	0.00169112	0.199176	0.00475129	0.0200051	12.6296	-2440.69	4.0	5.10338e-06	-8753.41	4.0	1.25386e-05	1.0	609.295	30.8006	194.236	20.7998	0.241728	0.0240759	1111.31	12.3252	
0.0-2.4	6.5-30.0	30.0-40.0	0.000-1.571	0.008	0.128	2186.0	2185.0	1466.1	42.099	718.777	32.0162	-0.408268	0.147953	-0.05	0.0	0.412186	0.0	3.09295	0.0	0.047039	0.0	0.0250045	0.0012284	0.03	0.0	1.492	0.0	5.0	0.0	1.733	0.0	0.0357708	0.000252371	3.69757e-05	6.79802e-05	0.167579	0.0115524	0.19482	0.0	0.00388614	0.0	0.000926276	0.00104034	1.71004	0.0	0.846533	0.027364	0.628892	0.0723327	0.704731	0.347421	0.288192	0.320088	0.0606694	0.0132816	0.190029	0.0220768	0.0200002	0.0248783	-4391.15	4.0	4.2105e-08	-16449.1	4.0	8.91785e-06	1.0	1080.23	41.4973	385.874	29.7093	0.263197	0.018802	1070.84	8.70883	
0.0-2.4	6.5-30.0	35.0-40.0	0.000-1.571	0.008	0.12	919.0	919.0	660.273	27.7478	258.692	19.1933	-0.455277	0.247475	-0.05	0.0	0.412186	0.0	3.09295	0.0	0.047039	0.0	0.0257176	0.00174581	0.03	0.0	1.492	0.0	5.0	0.0	1.733	0.0	0.0360667	0.000365873	3.63218e-05	5.72307e-05	0.158145	0.0153002	0.19482	0.0	0.00388614	0.0	0.000836175	0.00149264	1.71004	0.0	0.796629	0.0392974	0.999989	0.556009	0.450226	0.129065	0.400247	0.0871646	0.0831897	0.804818	0.205526	0.0428377	0.0753287	0.0197488	-1957.43	4.0	2.04366e-06	-6214.1	4.0	2.2501e-06	1.0	469.338	27.5652	190.935	20.8614	0.289176	0.0291645	1039.56	12.1237	
0.0-2.4	6.5-30.0	40.0-45.0	0.000-1.571	0.008	0.12	740.0	739.0	543.63	25.0958	195.338	16.7818	-0.54309	0.286248	-0.05	0.0	0.412186	0.0	3.09295	0.0	0.047039	0.0	0.0228413	0.00178609	0.03	0.0	1.492	0.0	5.0	0.0	1.733	0.0	0.03491	0.000343467	3.63218e-05	5.72307e-05	0.196604	0.0223039	0.19482	0.0	0.00388614	0.0	-0.0017283	0.00164685	1.71004	0.0	0.823346	0.0463556	0.610737	0.367836	0.675357	0.32426	0.0660039	0.509275	0.0304471	0.0183701	0.258453	0.0524843	0.0363796	0.0268603	-1601.92	4.0	4.22975e-05	-4882.01	4.0	6.02384e-05	1.0	417.898	24.265	125.732	15.8213	0.231283	0.0270738	1056.19	14.5481	
0.0-2.4	6.5-30.0	40.0-50.0	0.000-1.571	0.008	0.136	1308.0	1306.0	969.524	33.4766	336.454	22.0827	-0.94179	0.22279	-0.05	0.0	0.412186	0.0	3.09295	0.0	0.047039	0.0	0.0243997	0.00142717	0.03	0.0	1.492	0.0	5.0	0.0	1.733	0.0	0.0355244	0.000288101	3.37928e-05	7.02542e-05	0.201342	0.0160563	0.19482	0.0	0.00388614	0.0	-0.00228734	0.00120306	1.71004	0.0	0.781446	0.0339484	0.683569	0.281361	0.689367	0.264207	0.0698741	0.141905	0.0321575	0.0138741	0.232471	0.0334197	0.0366707	0.0154682	-2764.35	4.0	5.00074e-06	-9363.93	4.0	4.9831e-07	1.0	718.529	32.1097	250.995	22.1496	0.258885	0.0210245	1030.24	10.3668	
0.0-2.4	6.5-30.0	45.0-50.0	0.000-1.571	0.008	0.136	568.0	567.0	426.879	22.1727	140.167	14.3139	-1.52296	0.360066	-0.05	0.0	0.412186	0.0	3.09295	0.0	0.047039	0.0	0.0266958	0.00248333	0.03	0.0	1.492	0.0	5.0	0.0	1.733	0.0	0.0364821	0.000534081	3.37928e-05	7.02542e-05	0.206403	0.02287	0.19482	0.0	0.00388614	0.0	-0.0027423	0.00173502	1.71004	0.0	0.724377	0.0485943	0.673407	0.238849	0.852352	0.757796	0.077797	0.162224	0.0337634	0.0146615	0.199843	0.0408915	0.0374841	0.0292531	-1168.33	4.0	6.66004e-05	-3591.14	4.0	9.82455e-06	1.0	300.191	20.9896	126.688	15.5159	0.296778	0.0329165	996.09	14.227	
0.0-2.4	6.5-30.0	5.0-10.0	0.000-1.571	0.008	0.112	3316.0	3301.0	1664.54	47.3457	1636.4	47.0474	-0.165809	0.0967096	-0.05	0.0	0.412186	0.0	3.09295	0.0	0.047039	0.0	0.0249052	0.00121256	0.03	0.0	1.492	0.0	5.0	0.0	1.733	0.0	0.03573	0.000248411	3.69703e-05	0.0265992	0.18752	0.0111573	0.19482	0.0	0.00388614	0.0	-0.000335	0.00100079	1.71004	0.0	0.931015	0.0276077	0.790767	0.796757	0.30878	0.309611	0.404741	0.276716	0.00729812	0.0254314	0.219618	0.0298608	0.0791475	0.00927237	-5210.94	4.0	6.8288e-06	-25253.4	4.0	1.60937e-06	1.0	1167.6	45.0699	496.943	33.5877	0.298547	0.0183045	1125.89	9.19084	
0.0-2.4	6.5-30.0	50.0-100.0	0.000-1.571	0.008	0.088	1240.0	1231.0	1027.68	33.9023	203.391	18.0334	-0.194698	0.283808	-0.05	0.0	0.412186	0.0	3.09295	0.0	0.047039	0.0	0.0257955	0.00149507	0.03	0.0	1.492	0.0	5.0	0.0	1.733	0.0	0.0360994	0.00031399	3.69533e-05	0.0259228	0.188748	0.0158798	0.19482	0.0	0.00388614	0.0	0.00121905	0.00119047	1.71004	0.0	0.849393	0.0332411	0.952503	0.0264784	1.0	9.16987	0.426142	0.0167855	0.00761151	0.0234548	0.199522	0.00647339	0.0501083	88.3147	-3011.69	4.0	9.31417e-06	-9007.68	4.0	6.67627e-05	1.0	792.355	33.3069	235.323	22.0535	0.228985	0.0200861	1072.67	10.597	
0.0-2.4	6.5-30.0	50.0-55.0	0.000-1.571	0.008	0.08	441.0	436.0	356.855	20.1047	79.2066	11.2507	-0.241723	0.450524	-0.05	0.0	0.412186	0.0	3.09295	0.0	0.047039	0.0	0.0270552	0.00267503	0.03	0.0	1.492	0.0	5.0	0.0	1.733	0.0	0.0366374	0.000580583	1.00002e-05	2.73951e-05	0.158489	0.0238337	0.19482	0.0	0.00388614	0.0	0.000537068	0.0023401	1.71004	0.0	0.914727	0.0693583	0.583827	0.79136	0.921167	0.826799	0.132585	0.836393	0.0262548	0.0308018	0.190117	0.056105	0.0224465	0.433203	-1047.05	4.0	1.47967e-05	-2712.42	4.0	4.18642e-05	1.0	273.509	20.7334	83.3453	14.6452	0.233555	0.0388732	1115.08	22.9058	
0.0-2.4	6.5-30.0	50.0-60.0	0.000-1.571	0.008	0.08	715.0	708.0	591.948	25.7817	116.099	13.7437	-0.219196	0.375318	-0.05	0.0	0.412186	0.0	3.09295	0.0	0.047039	0.0	0.0273	0.00204225	0.03	0.0	1.492	0.0	5.0	0.0	1.733	0.0	0.036744	0.000445958	1.00002e-05	2.73951e-05	0.163761	0.018461	0.19482	0.0	0.00388614	0.0	0.00156224	0.00169673	1.71004	0.0	0.872664	0.0481719	0.840792	0.55227	0.571389	0.694846	0.054447	0.974912	0.0169824	0.0546947	0.230454	0.0544254	0.0200005	0.0984272	-1717.85	4.0	9.87925e-06	-4776.33	4.0	1.60772e-05	1.0	449.898	25.9139	142.05	18.0513	0.239971	0.0286478	1087.6	15.5609	
0.0-2.4	6.5-30.0	55.0-60.0	0.000-1.571	0.008	0.073	274.0	271.0	234.378	16.0922	36.636	7.82368	-0.185332	0.665993	-0.05	0.0	0.412186	0.0	3.09295	0.0	0.047039	0.0	0.0274085	0.00308963	0.03	0.0	1.492	0.0	5.0	0.0	1.733	0.0	0.0367914	0.000676478	3.34445e-05	6.9324e-05	0.171951	0.0289651	0.19482	0.0	0.00388614	0.0	0.00388488	0.00236815	1.71004	0.0	0.798904	0.0659204	0.667701	0.82404	0.705698	0.806685	0.00511071	0.620631	0.00751762	0.0513686	0.299814	0.120491	0.0200013	0.332436	-672.645	4.0	3.82777e-06	-1588.0	4.0	2.53364e-05	1.0	175.699	15.6316	58.6798	10.7264	0.250364	0.0424143	1040.96	20.3677	
0.0-2.4	6.5-30.0	60.0-100.0	0.000-1.571	0.008	0.088	525.0	521.0	433.27	21.95	87.6928	11.673	-0.171671	0.428062	-0.05	0.0	0.412186	0.0	3.09295	0.0	0.047039	0.0	0.0230657	0.00207026	0.03	0.0	1.492	0.0	5.0	0.0	1.733	0.0	0.0349966	0.000401029	3.69533e-05	0.0259228	0.221556	0.027989	0.19482	0.0	0.00388614	0.0	0.000848635	0.00162703	1.71004	0.0	0.781437	0.0444327	0.999861	2.06635	0.849086	0.343639	0.294977	0.594793	0.00708372	2.96266	0.181348	0.0437695	0.0895672	0.096098	-1298.54	4.0	9.76954e-05	-3378.63	4.0	4.10465e-06	1.0	337.162	21.1506	96.1076	13.3899	0.221819	0.0287887	1030.23	13.5683	
0.0-2.4	6.5-30.0	60.0-70.0	0.000-1.571	0.008	0.088	345.0	342.0	288.913	17.8301	53.0915	9.06081	-0.240763	0.548317	-0.05	0.0	0.412186	0.0	3.09295	0.0	0.047039	0.0	0.0216974	0.00247305	0.03	0.0	1.492	0.0	5.0	0.0	1.733	0.0	0.0344784	0.000457408	3.69533e-05	0.0259228	0.241049	0.0361127	0.19482	0.0	0.00388614	0.0	0.00191416	3.04279e-07	1.71004	0.0	0.765424	0.0527161	0.999985	1.03736	0.999994	4.34203	0.419628	0.129054	0.00704176	2.18563e-09	0.18806	0.0421746	0.0277019	25.5693	-872.737	4.0	0.0503455	-2090.95	4.0	8.19921e-07	1.0	224.122	16.8661	64.7906	10.4471	0.224256	0.0334065	1020.51	15.9181	
0.0-2.4	6.5-30.0	70.0-100.0	0.000-1.571	0.016	0.073	180.0	178.0	143.271	12.7574	34.7152	7.36307	-0.0786357	0.667468	-0.05	0.0	0.412186	0.0	3.09295	0.0	0.047039	0.0	0.0252398	0.00408511	0.03	0.0	1.492	0.0	5.0	0.0	1.733	0.0	0.0358678	0.000844881	3.69173e-05	0.0282483	0.182385	0.0415677	0.19482	0.0	0.00388614	0.0	0.000339817	0.00305064	1.71004	0.0	0.842853	0.0850302	0.741443	0.0797092	0.999998	2.43883	2.7521e-06	0.101512	0.0442396	0.0220672	0.144521	0.0218018	0.123786	17.0463	-424.266	4.0	7.28751e-05	-947.269	4.0	5.93226e-06	1.0	112.221	12.4922	31.0503	7.99056	0.216724	0.0523273	1068.5	27.003	
0.0-2.4	6.5-7.5	0.0-100.0	0.000-1.571	0.016	0.16	6176.0	6174.0	2585.27	81.0119	3588.7	86.9609	-0.0420265	0.0678982	-0.05	0.0	0.339417	0.125276	3.0907	0.0010109	0.0559602	0.00879864	0.0288994	0.00229823	0.03	0.0	1.492	0.0	5.0	0.0	1.733	0.0	0.0401821	0.00279751	8.17783e-05	0.000350179	0.206442	0.013128	0.206936	0.0943215	0.00999971	0.0031414	0.00315594	0.000854999	1.88995	0.200823	0.969383	0.0185487	0.525724	0.0656529	0.943509	0.0516112	0.613693	0.0531505	0.0696202	0.0133715	0.13848	0.0148841	0.277806	0.113695	-8747.38	4.0	2.88342e-05	-50148.9	7.0	2.00037e-05	1.0	2103.52	74.6592	481.754	38.171	0.186346	0.013561	1218.36	60.5683	
0.0-2.4	6.5-8.0	0.0-100.0	0.000-1.571	0.016	0.16	8652.0	8649.0	3902.12	92.7168	4746.94	97.1596	-0.0943895	0.0590292	-0.05	0.0	0.366656	0.0977716	3.09164	0.000788131	0.0533603	0.00555416	0.0281511	0.00181907	0.03	0.0	1.492	0.0	5.0	0.0	1.733	0.0	0.0393179	0.00192655	2.99332e-05	0.00458551	0.211084	0.0102037	0.247328	0.092515	0.00999999	0.0035556	0.00213499	0.000716607	1.76918	0.144226	0.921053	0.0161653	0.552493	0.0619541	0.928867	0.0637454	0.575548	0.0472736	0.0664437	0.0135974	0.139525	0.0111728	0.231482	0.0882662	-12641.5	4.0	2.25474e-05	-73573.6	7.0	1.60419e-05	1.0	3102.68	85.5079	799.442	47.3027	0.204874	0.011102	1188.55	51.9466	
0.0-2.4	7.5-8.5	0.0-100.0	0.000-1.571	0.008	0.184	4529.0	4529.0	2512.18	64.0315	2016.89	60.0367	-0.210076	0.0902721	-0.05	0.0	0.480447	0.104926	3.09237	0.000864869	0.0459036	0.00336449	0.0243996	0.00223891	0.03	0.0	1.492	0.0	5.0	0.0	1.733	0.0	0.0363549	0.00154393	8.69412e-05	0.000593911	0.201753	0.0111762	0.237333	0.116679	0.00999999	0.0164169	0.00188387	0.000882934	1.6166	0.148917	0.87422	0.0228528	0.496435	0.0740183	0.937133	0.0455692	0.413809	0.0783881	0.0494036	0.00919252	0.154316	0.0145226	0.23244	0.10176	-7637.74	4.0	2.51281e-07	-36434.1	7.0	5.67906e-05	1.0	1925.94	60.1607	586.232	37.8526	0.233356	0.013844	1096.87	56.0785	
0.0-2.4	8.0-10.0	0.0-100.0	0.000-1.571	0.008	0.184	6217.0	6217.0	3920.27	76.6136	2296.98	65.1254	-0.182189	0.0840604	-0.05	0.0	0.456324	0.0666085	3.0929	0.000629888	0.0461602	0.00284689	0.0224004	0.00136399	0.03	0.0	1.492	0.0	5.0	0.0	1.733	0.0	0.0352863	0.00116978	8.20597e-05	0.000220638	0.195511	0.00788247	0.223708	0.161679	0.000490489	0.00440365	0.00210005	0.000689221	1.60773	0.189825	0.894095	0.0186954	0.566183	0.085173	0.977684	0.0164257	0.444661	0.0811519	0.045255	0.00815471	0.174423	0.0130164	0.3758	0.190549	-11574.2	4.0	4.52736e-06	-52927.7	7.0	6.19339e-05	1.0	2876.45	70.9168	1043.82	47.8046	0.266263	0.0110282	1094.9	73.1523	
0.0-2.4	8.5-9.5	0.0-100.0	0.000-1.571	0.008	0.12	2999.0	2993.0	1908.13	52.5585	1084.93	44.0326	-0.197613	0.122054	-0.05	0.0	0.475242	0.0915036	3.09392	0.000882819	0.0449649	0.00363083	0.0219593	0.00187671	0.03	0.0	1.492	0.0	5.0	0.0	1.733	0.0	0.0348412	0.00153557	6.95629e-05	0.856416	0.19351	0.0102738	0.195257	0.140777	-0.00999932	0.0168172	0.00174528	0.000996108	1.55521	0.187671	0.903995	0.0268478	0.661497	0.165568	0.906512	0.813302	0.440465	0.132848	0.0477063	0.0150461	0.176481	0.0205013	0.0463779	0.0586104	-5544.58	4.0	1.88596e-06	-23355.8	7.0	3.26008e-05	1.0	1334.22	48.0929	573.904	34.8169	0.300768	0.0162575	1062.97	60.1207	
0.0-2.4	9.5-11.0	0.0-100.0	0.000-1.571	0.008	0.136	2861.0	2859.0	2005.74	53.5614	853.248	41.4285	-0.332385	0.141465	-0.05	0.0	0.384108	0.1059	3.09252	0.000847082	0.044935	0.00410579	0.0238282	0.00210548	0.03	0.0	1.492	0.0	5.0	0.0	1.733	0.0	0.033545	0.00162479	1.00134e-05	0.000394123	0.194949	0.0110475	0.411816	0.288493	0.0022233	0.00388478	0.000314873	0.000972264	1.51553	0.180886	0.728983	0.0277344	0.631248	0.141383	0.975552	0.0217784	0.31615	0.149156	0.0402911	0.0143969	0.160483	0.0162883	0.398366	0.261765	-5985.87	4.0	1.63596e-05	-22551.0	7.0	2.6282e-06	1.0	1500.93	49.4085	504.814	31.8819	0.251684	0.0144045	1121.8	124.269	
0.4-0.8	6.5-30.0	0.0-100.0	0.000-1.571	0.008	0.073	2558.0	2558.0	1768.02	47.6864	789.925	35.9958	-0.234698	0.143107	-0.05	0.0	0.78236	0.0958217	3.09361	0.000663764	0.0220089	0.00109098	0.0392664	0.00734969	0.03	0.0	1.492	0.0	5.0	0.0	1.733	0.0	0.0267308	0.00154979	1.07909e-05	6.48731e-06	0.200772	0.011343	0.164736	0.163076	-0.00113548	0.00593586	-0.00123634	0.00083313	1.82366	0.359661	0.905226	0.0258509	0.746807	0.087612	0.959255	0.0495118	0.448902	0.0749689	0.064047	0.028997	0.158588	0.0178135	0.418093	0.292843	-5762.46	4.0	8.43753e-07	-20314.2	7.0	3.01628e-05	1.0	1263.61	43.701	504.41	30.5501	0.285297	0.0154713	1110.1	104.492	
0.8-1.2	6.5-30.0	0.0-100.0	0.000-1.571	0.008	0.105	3858.0	3856.0	2399.53	60.5716	1456.58	52.2044	-0.00297726	0.108915	-0.05	0.0	0.47599	0.122178	3.09228	0.000827605	0.0271253	0.00198481	0.0386742	0.00372378	0.03	0.0	1.492	0.0	5.0	0.0	1.733	0.0	0.0336746	0.00136945	3.76156e-05	0.000218351	0.191807	0.0097053	0.510138	0.279061	0.00698866	0.00378923	-0.00142053	0.000958738	1.44442	0.131788	0.705905	0.0269664	0.57833	0.0632832	0.969805	0.0273648	0.433899	0.0623602	0.0513548	0.00910601	0.141536	0.0133378	0.297594	0.16619	-7415.78	4.0	4.31181e-06	-30952.8	7.0	1.05893e-05	1.0	1771.43	55.1575	628.105	35.9749	0.261762	0.0134578	1143.86	105.828	
1.2-1.6	6.5-30.0	0.0-10.0	0.000-1.571	0.008	0.136	1874.0	1872.0	844.508	35.3217	1027.43	37.8219	0.18071	0.121803	-0.05	0.0	0.455381	0.0	3.09129	0.0	0.0460715	0.0	0.0327746	0.00257487	0.03	0.0	1.492	0.0	5.0	0.0	1.733	0.0	0.0393904	0.000583398	2.31047e-05	0.000294422	0.197177	0.0172431	0.103775	0.0	0.00999984	0.0	0.00201146	0.00125445	2.09199	0.0	0.892247	0.0346551	0.677275	0.257341	0.471998	0.302521	0.316928	0.163212	0.0806424	0.0357555	0.172548	0.0318249	0.0453302	0.019681	-2746.45	4.0	1.64281e-05	-13053.6	4.0	1.73937e-05	1.0	604.036	33.5975	240.472	24.3246	0.284748	0.0262257	1080.58	12.8228	
1.2-1.6	6.5-30.0	0.0-100.0	0.000-1.571	0.008	0.136	5263.0	5256.0	2904.42	73.5705	2351.14	69.6915	-0.0367284	0.0873977	-0.05	0.0	0.455381	0.134426	3.09129	0.000955161	0.0460715	0.00372951	0.0318109	0.00248121	0.03	0.0	1.492	0.0	5.0	0.0	1.733	0.0	0.0389577	0.00149359	2.31047e-05	0.000294422	0.188309	0.00927725	0.103775	0.0507441	0.00999984	0.0195355	0.00174771	0.000729855	2.09199	0.256609	0.954248	0.0194208	0.68253	0.135578	0.578096	0.203097	0.38695	0.133363	0.0798413	0.0188831	0.176915	0.0188278	0.0417715	0.0200694	-8759.55	4.0	5.46361e-07	-42854.3	7.0	0.000143622	1.0	2154.03	67.502	750.394	44.0538	0.258362	0.0136833	1127.06	46.7651	
1.2-1.6	6.5-30.0	10.0-20.0	0.000-1.571	0.008	0.128	1298.0	1294.0	686.348	31.2489	607.647	29.9631	-0.158743	0.159041	-0.05	0.0	0.455381	0.0	3.09129	0.0	0.0460715	0.0	0.0360694	0.00334832	0.03	0.0	1.492	0.0	5.0	0.0	1.733	0.0	0.0409284	0.000803534	2.94195e-05	0.000284662	0.172392	0.0162427	0.103775	0.0	0.00999984	0.0	0.00258718	0.00162101	2.09199	0.0	1.04121	0.0421442	0.572374	0.111847	0.999914	1.5142	0.589103	0.0853235	0.0897632	0.0221273	0.148458	0.0246822	0.0355995	11.7789	-2054.14	4.0	5.61611e-06	-8664.76	4.0	3.88461e-07	1.0	483.709	30.4096	202.638	22.9097	0.295242	0.0305528	1194.06	16.4679	
1.2-1.6	6.5-30.0	20.0-30.0	0.000-1.571	0.008	0.105	935.0	933.0	544.155	26.4721	388.903	23.3539	-0.0142144	0.198772	-0.05	0.0	0.455381	0.0	3.09129	0.0	0.0460715	0.0	0.0274395	0.00259503	0.03	0.0	1.492	0.0	5.0	0.0	1.733	0.0	0.0371031	0.000522601	1.00889e-05	0.00459463	0.194658	0.0216881	0.103775	0.0	0.00999984	0.0	0.000384521	0.00161483	2.09199	0.0	0.96123	0.0397921	0.490851	0.269813	0.848544	0.881112	0.311363	0.289041	0.0298711	0.0121717	0.12974	0.0287303	0.0306524	0.029796	-1710.6	4.0	1.06202e-06	-6063.08	4.0	6.69479e-05	1.0	411.193	25.6247	132.962	17.2718	0.244346	0.0294308	1132.36	15.1365	
1.2-1.6	6.5-30.0	30.0-40.0	0.000-1.571	0.008	0.12	544.0	543.0	346.819	20.9332	196.291	16.96	-0.00583402	0.280353	-0.05	0.0	0.455381	0.0	3.09129	0.0	0.0460715	0.0	0.0312344	0.00374399	0.03	0.0	1.492	0.0	5.0	0.0	1.733	0.0	0.0387028	0.000822788	1.72747e-05	0.00459133	0.163946	0.0300501	0.103775	0.0	0.00999984	0.0	0.00477609	0.0020433	2.09199	0.0	0.90631	0.0548359	1.0	0.627518	0.333122	0.114106	0.319297	0.1098	0.129846	0.0477061	0.275151	0.0735211	0.0668821	0.0175292	-1040.23	4.0	1.21136e-06	-3272.78	4.0	4.65382e-05	1.0	278.399	21.6653	68.4202	14.2858	0.197279	0.0394322	1091.02	20.4126	
1.2-1.6	6.5-30.0	40.0-50.0	0.000-1.571	0.016	0.064	311.0	306.0	233.342	16.414	72.6352	10.4261	-1.9058	0.527719	-0.05	0.0	0.455381	0.0	3.09129	0.0	0.0460715	0.0	0.0296378	0.00449225	0.03	0.0	1.492	0.0	5.0	0.0	1.733	0.0	0.0380128	0.000953766	2.95545e-05	0.000300613	0.208956	0.0363973	0.103775	0.0	0.00999984	0.0	-0.00424524	0.00283874	2.09199	0.0	1.03424	0.0826289	1.0	0.0289686	0.999998	0.141504	0.523721	0.125147	0.707173	0.629628	0.196216	0.0503903	0.0734544	2.83471	-640.275	4.0	1.47195e-06	-1749.81	4.0	0.000132528	1.0	178.531	16.2503	54.8116	11.0102	0.234898	0.044197	1188.62	32.218	
1.2-1.6	6.5-30.0	50.0-100.0	0.000-1.571	0.016	0.073	301.0	298.0	245.921	16.5271	52.0567	8.90452	-0.903961	0.562277	-0.05	0.0	0.455381	0.0	3.09129	0.0	0.0460715	0.0	0.0296084	0.00350695	0.03	0.0	1.492	0.0	5.0	0.0	1.733	0.0	0.0380004	0.00074408	1.01642e-05	0.000817577	0.193552	0.0351589	0.103775	0.0	0.00999984	0.0	0.0053605	0.00261666	2.09199	0.0	0.972474	0.0745804	0.692892	0.495115	0.580777	0.589589	3.09414e-06	0.91981	0.0293297	0.0585003	0.252311	0.086439	0.0200045	0.135476	-684.703	4.0	4.03802e-07	-1744.02	4.0	3.71666e-06	1.0	193.554	16.3755	52.3675	10.5519	0.212944	0.0404505	1140.93	28.4859	
1.6-2.0	6.5-30.0	0.0-100.0	0.000-1.571	0.008	0.16	5092.0	5089.0	2603.86	78.1468	2485.37	77.3724	-0.399035	0.0876782	-0.05	0.0	0.509626	0.176731	3.09113	0.00120088	0.0556398	0.00482183	0.0339929	0.00473765	0.03	0.0	1.492	0.0	5.0	0.0	1.733	0.0	0.0463069	0.0025167	2.61437e-05	0.00458725	0.205782	0.01198	0.462154	0.274076	0.00485629	0.00340939	0.0020664	0.00113659	1.4787	0.146906	0.854974	0.0259972	0.723357	0.0579238	0.912472	0.0906784	0.60639	0.0399157	0.0718094	0.0238508	0.156125	0.0132714	0.237161	0.108169	-7551.45	4.0	2.03359e-05	-40777.9	7.0	0.000119025	1.0	2056.67	71.179	547.19	39.0669	0.210146	0.0136135	1184.77	94.3767	
1.6-2.4	3.0-30.0	0.0-100.0	0.000-1.571	0.008	0.264	38680.0	38678.0	9798.43	161.729	28879.5	212.681	-0.172154	0.0231988	-0.05	0.0	0.0551268	0.0309652	3.0903	0.000822705	0.0188715	0.00523619	0.0519726	0.0015687	0.03	0.0	1.89	0.0	5.0	0.0	1.44	0.0	0.0507137	0.000841352	1.05692e-05	6.49144e-05	0.216256	0.00825471	0.19593	0.106578	0.00823221	0.0041731	0.00502066	0.000447477	1.71895	0.159922	1.00739	0.00730376	0.999995	0.049261	0.727613	0.0215042	0.741879	0.0101302	0.0126135	2.5051e-07	0.128921	0.0070627	0.240567	0.0147712	-39569.8	4.0	1.03044e-05	-377593.0	7.0	0.00015595	1.0	8033.02	158.028	1765.41	90.7843	0.180173	0.00877496	1181.07	49.412	
1.6-2.4	3.0-4.5	0.0-100.0	0.000-1.571	0.016	0.264	17458.0	17457.0	2559.96	104.784	14897.2	152.69	0.0520137	0.0319952	-0.05	0.0	0.926726	0.0367505	3.08842	0.00197395	0.0556198	0.00330508	0.0169433	0.00634846	0.03	0.0	1.86	0.0	5.0	0.0	1.38	0.0	0.0537393	0.0016577	8.85777e-05	0.0369611	0.24251	0.023083	0.101357	0.069759	0.0499991	0.0925249	0.0029468	0.000756169	1.84755	0.275177	1.05295	0.0101869	1.0	5.40236	0.800861	0.00112212	0.663731	0.000894364	0.104574	12.1602	0.0868196	0.000283769	0.289044	0.00114393	-15269.5	4.0	6.65361e-06	-155512.0	7.0	8.31562e-05	1.0	2215.76	102.318	344.203	49.4153	0.134456	0.0185019	1158.58	41.418	
1.6-2.4	3.0-5.5	0.0-100.0	0.000-1.571	0.016	0.264	26571.0	26569.0	4664.99	130.414	21903.8	185.049	-0.0898951	0.0264979	-0.05	0.0	0.0425562	0.0313856	3.08934	0.00140384	0.0158984	0.00597596	0.0529742	0.00226174	0.03	0.0	1.86	0.0	5.0	0.0	1.38	0.0	0.0519384	0.00117042	1.55371e-05	0.00459213	0.244517	0.0164541	0.125652	0.0884483	0.0251244	0.0167426	0.00643163	0.000593249	1.92178	0.271466	1.05867	0.00831981	0.976394	0.058102	0.777915	0.067074	0.749314	0.0148022	0.119298	0.0662193	0.113732	0.00867912	0.28635	0.0342713	-24307.2	4.0	2.0312e-06	-248118.0	7.0	0.000180413	1.0	4001.16	128.019	663.833	64.9743	0.142301	0.0133479	1201.67	54.7263	
1.6-2.4	3.0-6.5	0.0-10.0	0.000-1.571	0.016	0.264	13741.0	13739.0	1850.5	87.8885	11888.9	133.261	-0.139627	0.0356432	-0.05	0.0	0.0333136	0.0	3.09042	0.0	0.0161151	0.0	0.0513533	0.00253769	0.03	0.0	1.86	0.0	5.0	0.0	1.38	0.0	0.0505763	0.00124542	1.3729e-05	0.00459296	0.238083	0.0270491	0.173641	0.0	0.0248856	0.0	0.00688067	0.00086048	1.74699	0.0	1.07739	0.0127609	0.954412	0.0778675	0.744196	0.0902525	0.762383	0.0199089	0.117806	0.0737251	0.132625	0.0167531	0.299223	0.0412407	-11893.6	4.0	5.77018e-06	-119006.0	4.0	1.49782e-05	1.0	1575.11	86.4479	275.396	45.2545	0.148822	0.0234115	1220.31	4.65505	
1.6-2.4	3.0-6.5	0.0-100.0	0.000-1.571	0.016	0.264	32037.0	32035.0	6369.85	143.423	25665.2	199.66	-0.144939	0.0245312	-0.05	0.0	0.0333136	0.0244094	3.09042	0.00115026	0.0161151	0.00580879	0.052433	0.00171414	0.03	0.0	1.86	0.0	5.0	0.0	1.38	0.0	0.0516361	0.000891777	1.3729e-05	0.00459296	0.240383	0.0133319	0.173641	0.119565	0.0248856	0.0127773	0.00528891	0.000535546	1.74699	0.202734	1.03634	0.00787828	1.0	0.0287148	0.71949	0.0228924	0.752787	0.0130926	0.0140449	2.18565	0.116216	0.00827716	0.258117	0.014893	-30474.7	4.0	3.92948e-06	-305546.0	7.0	0.000245841	1.0	5462.96	140.876	906.897	71.6449	0.142373	0.010781	1190.57	56.0472	
1.6-2.4	3.0-6.5	0.0-20.0	0.000-1.571	0.016	0.264	22549.0	22547.0	3451.65	116.448	19094.9	170.863	-0.139087	0.0281571	-0.05	0.0	0.0333136	0.0	3.09042	0.0	0.0161151	0.0	0.0521052	0.00188602	0.03	0.0	1.86	0.0	5.0	0.0	1.38	0.0	0.0513143	0.000925646	1.3729e-05	0.00459296	0.224503	0.02082	0.173641	0.0	0.0248856	0.0	0.00818933	0.000654106	1.74699	0.0	1.05401	0.00965629	0.863214	0.0254842	0.750254	0.101681	0.755421	0.0270276	0.261189	0.035143	0.180176	0.0086668	0.0692177	0.0252217	-20458.0	4.0	3.44828e-06	-206633.0	4.0	2.80758e-05	1.0	3023.1	116.362	428.551	57.856	0.124158	0.01623	1203.32	3.49472	
1.6-2.4	3.0-6.5	10.0-20.0	0.000-1.571	0.016	0.209	8808.0	8804.0	1609.56	77.2	7194.29	107.45	-0.136635	0.0459717	-0.05	0.0	0.0333136	0.0	3.09042	0.0	0.0161151	0.0	0.053505	0.0029089	0.03	0.0	1.86	0.0	5.0	0.0	1.38	0.0	0.0526884	0.00142779	1.37782e-05	0.00459294	0.223642	0.0264329	0.173641	0.0	0.0248856	0.0	0.00457666	0.00101092	1.74699	0.0	1.01685	0.0146356	1.0	30.316	0.750317	0.0051003	0.720632	0.0019951	0.239743	35.2879	0.0939505	0.000920561	0.245181	0.0025793	-8585.51	4.0	1.11925e-06	-72519.1	4.0	1.82835e-05	1.0	1410.69	75.6589	198.869	35.1732	0.123555	0.0210338	1176.6	5.22608	
1.6-2.4	3.0-6.5	20.0-30.0	0.000-1.571	0.016	0.192	4979.0	4977.0	1145.32	58.6464	3831.67	78.2667	-0.177779	0.0631649	-0.05	0.0	0.0333136	0.0	3.09042	0.0	0.0161151	0.0	0.0558272	0.0030197	0.03	0.0	1.86	0.0	5.0	0.0	1.38	0.0	0.0549681	0.00148236	1.37746e-05	0.00459294	0.232976	0.0267962	0.173641	0.0	0.0248856	0.0	0.0043712	0.0013321	1.74699	0.0	1.01067	0.0192612	0.917126	0.0827552	0.694308	0.165579	0.745442	0.0416744	0.342676	0.187487	0.142566	0.0173772	0.107813	0.0712164	-4982.98	4.0	7.79975e-07	-38269.7	4.0	6.97571e-06	1.0	961.227	57.1899	184.095	30.6098	0.160737	0.025427	1172.2	6.86173	
1.6-2.4	3.0-6.5	20.0-40.0	0.000-1.571	0.016	0.192	7431.0	7427.0	1872.99	70.9028	5554.52	93.3353	-0.160009	0.0524561	-0.05	0.0	0.0333136	0.0	3.09042	0.0	0.0161151	0.0	0.052545	0.00213652	0.03	0.0	1.86	0.0	5.0	0.0	1.38	0.0	0.051746	0.00104862	1.37746e-05	0.00459294	0.23977	0.0215702	0.173641	0.0	0.0248856	0.0	0.00376973	0.00107298	1.74699	0.0	1.00709	0.0156531	0.999997	0.105434	0.697019	0.0562792	0.746839	0.0258927	0.215181	0.847107	0.110404	0.0143934	0.201684	0.0266533	-7676.6	4.0	4.22944e-06	-60218.7	4.0	6.4148e-05	1.0	1575.28	69.6382	297.71	37.6884	0.158949	0.0192014	1169.64	5.56871	
1.6-2.4	3.0-6.5	30.0-40.0	0.000-1.571	0.016	0.152	2452.0	2438.0	727.51	40.083	1710.52	50.889	-0.104416	0.0944694	-0.05	0.0	0.0333136	0.0	3.09042	0.0	0.0161151	0.0	0.0475725	0.00279801	0.03	0.0	1.86	0.0	5.0	0.0	1.38	0.0	0.0468658	0.00137279	1.3843e-05	0.00459291	0.255251	0.0373708	0.173641	0.0	0.0248856	0.0	0.0047489	0.00179757	1.74699	0.0	0.986767	0.0266518	1.0	1.17099	0.696228	0.0396319	0.749269	0.0119969	0.00794515	1.26288	0.120428	0.00563569	0.144773	0.0119043	-2726.52	4.0	5.08254e-07	-17160.8	4.0	9.66531e-06	1.0	619.383	39.9795	108.128	21.6632	0.148627	0.0286291	1155.24	9.40605	
1.6-2.4	3.0-6.5	40.0-100.0	0.000-1.571	0.016	0.168	2057.0	2056.0	1044.73	41.1014	1011.42	40.694	-0.143151	0.124398	-0.05	0.0	0.0333136	0.0	3.09042	0.0	0.0161151	0.0	0.0527473	0.00207087	0.03	0.0	1.86	0.0	5.0	0.0	1.38	0.0	0.0519446	0.00101641	1.33924e-05	0.00459311	0.241192	0.0282729	0.173641	0.0	0.0248856	0.0	0.00356558	0.00179996	1.74699	0.0	0.87072	0.0283388	0.897917	0.0483163	0.214166	0.0390051	3.88522e-07	0.0858769	0.245919	0.0950813	0.180289	0.02725	0.02	0.00204197	-2676.11	4.0	5.20667e-06	-14509.8	4.0	1.95029e-05	1.0	884.833	42.0749	159.897	24.4556	0.153051	0.0226209	1075.39	9.48057	
1.6-2.4	3.0-6.5	40.0-50.0	0.000-1.571	0.016	0.145	1195.0	1188.0	531.0	30.2285	657.172	32.249	-0.147101	0.153639	-0.05	0.0	0.0333136	0.0	3.09042	0.0	0.0161151	0.0	0.0521429	0.00286793	0.03	0.0	1.86	0.0	5.0	0.0	1.38	0.0	0.0513513	0.00140756	1.39771e-05	0.00459285	0.227919	0.0338009	0.173641	0.0	0.0248856	0.0	0.00470225	0.00234019	1.74699	0.0	0.835058	0.0409791	0.906283	0.0655937	0.215317	0.0613755	2.17465e-05	0.616896	0.229588	0.12533	0.147923	0.0312769	0.0200003	0.027723	-1467.7	4.0	1.03067e-05	-7654.52	4.0	4.66244e-05	1.0	435.793	30.3571	95.2064	18.3156	0.179297	0.0329479	1051.75	13.4432	
1.6-2.4	3.0-6.5	50.0-100.0	0.000-1.571	0.016	0.168	862.0	862.0	516.404	27.824	345.593	24.5629	-0.0688463	0.214204	-0.05	0.0	0.0333136	0.0	3.09042	0.0	0.0161151	0.0	0.0538889	0.0030125	0.03	0.0	1.86	0.0	5.0	0.0	1.38	0.0	0.0530652	0.00147867	1.33924e-05	0.00459311	0.26438	0.0479401	0.173641	0.0	0.0248856	0.0	0.00127311	0.00276492	1.74699	0.0	0.896126	0.0390278	0.900763	0.062912	0.246735	0.0563973	3.03044e-06	0.61566	0.263867	0.142537	0.191059	0.0402849	0.02	0.00217769	-1228.0	4.0	3.53326e-06	-5427.04	4.0	7.50227e-07	1.0	449.625	28.8354	66.7786	16.0477	0.129315	0.0302847	1092.5	13.227	
1.6-2.4	4.5-5.5	0.0-100.0	0.000-1.571	0.016	0.192	9113.0	9101.0	1988.49	76.7408	7112.42	104.935	-0.430943	0.0470611	-0.05	0.0	0.0457061	0.0673258	3.09046	0.00194642	0.0180528	0.014159	0.0516957	0.00352991	0.03	0.0	1.86	0.0	5.0	0.0	1.38	0.0	0.0506477	0.00189125	2.24592e-05	0.000300031	0.239928	0.0224001	0.168306	0.155053	0.0139897	0.0158776	0.00738178	0.000965438	1.94031	0.379299	1.06397	0.0146594	1.0	2.49567	0.652668	0.013641	0.809843	0.00340353	0.0290325	3.17708	0.163373	0.00324185	0.206038	0.00570124	-9086.76	4.0	3.57435e-07	-75490.4	7.0	2.52476e-05	1.0	1674.59	75.3205	313.898	40.538	0.157858	0.0194548	1255.05	95.2578	
1.6-2.4	5.5-6.5	0.0-100.0	0.000-1.571	0.016	0.168	5466.0	5459.0	1711.52	61.4352	3747.43	76.2299	-0.458274	0.064996	-0.05	0.0	4.98787e-08	0.174357	3.09317	0.00189997	0.0576495	0.15419	0.0507736	0.00185857	0.03	0.0	1.86	0.0	5.0	0.0	1.38	0.0	0.0507736	0.00112836	1.49587e-05	0.00459239	0.216692	0.0201094	0.433557	0.413492	0.016385	0.017632	0.00398488	0.0013554	1.45242	0.194727	0.853696	0.0240957	0.816259	0.104181	0.47621	0.14875	0.656795	0.0865448	0.15785	0.0474677	0.199153	0.0233517	0.0588742	0.0295494	-6324.46	4.0	2.77644e-06	-42840.2	7.0	5.99183e-05	1.0	1452.0	59.9606	259.517	31.0736	0.15163	0.0173206	1152.14	134.923	
1.6-2.4	6.5-30.0	0.0-10.0	0.000-1.571	0.008	0.184	2352.0	2352.0	991.264	39.5061	1360.69	43.9313	-0.356735	0.1066	-0.05	0.0	0.652823	0.0	3.0911	0.0	0.0569301	0.0	0.0309102	0.00371114	0.03	0.0	1.492	0.0	5.0	0.0	1.733	0.0	0.0494725	0.0004025	6.70809e-05	0.00017923	0.227152	0.0234814	0.211707	0.0	0.00199102	0.0	0.00305866	0.00147199	1.6767	0.0	1.04968	0.0343206	0.978936	0.120263	0.330656	0.100194	0.542084	0.068158	0.270583	0.881135	0.210703	0.0316689	0.0857517	0.0205341	-3036.37	4.0	1.84692e-05	-16754.1	4.0	2.00596e-05	1.0	809.922	38.7964	181.342	22.7039	0.18294	0.0217125	1209.85	11.7365	
1.6-2.4	6.5-30.0	0.0-100.0	0.000-1.571	0.008	0.152	6643.0	6637.0	3419.61	92.3317	3217.44	91.2275	-0.424311	0.0756593	-0.05	0.0	0.652823	0.152473	3.0911	0.00108634	0.0569301	0.00395795	0.0308437	0.00589094	0.03	0.0	1.492	0.0	5.0	0.0	1.733	0.0	0.0494581	0.00239424	2.77437e-05	0.00458652	0.197047	0.00973952	0.211707	0.175346	0.00199102	0.00574194	0.00242745	0.000778791	1.6767	0.235346	0.946743	0.0177991	0.999257	0.0949148	0.521745	0.0663506	0.620194	0.0338227	0.0078221	0.884608	0.1842	0.014909	0.106959	0.016709	-9815.89	4.0	1.83428e-05	-54918.1	7.0	1.78243e-06	1.0	2640.41	83.209	779.2	47.7882	0.227862	0.0125476	1140.94	82.3879	
1.6-2.4	6.5-30.0	10.0-20.0	0.000-1.571	0.008	0.16	1700.0	1700.0	814.345	34.8996	885.647	35.906	-0.308392	0.132225	-0.05	0.0	0.652823	0.0	3.0911	0.0	0.0569301	0.0	0.0325202	0.00460377	0.03	0.0	1.492	0.0	5.0	0.0	1.733	0.0	0.0498296	0.000521555	2.91966e-05	0.00458585	0.180809	0.0180816	0.211707	0.0	0.00199102	0.0	0.00125726	0.0016445	1.6767	0.0	0.967276	0.0361816	0.904887	0.0439655	0.629396	0.319697	0.490684	0.254957	0.250897	0.104048	0.141049	0.0171601	0.0266023	0.021916	-2412.14	4.0	3.80918e-06	-11665.5	4.0	5.66964e-08	1.0	619.667	35.0197	194.678	24.3051	0.239061	0.0280327	1154.44	11.9489	
1.6-2.4	6.5-30.0	20.0-30.0	0.000-1.571	0.008	0.152	1121.0	1121.0	627.834	28.8455	493.009	26.405	-0.711234	0.180398	-0.05	0.0	0.652823	0.0	3.0911	0.0	0.0569301	0.0	0.0258327	0.00358834	0.03	0.0	1.492	0.0	5.0	0.0	1.733	0.0	0.048451	0.000332109	2.77437e-05	0.00458652	0.214988	0.0229592	0.211707	0.0	0.00199102	0.0	0.00381682	0.0016524	1.6767	0.0	0.845558	0.04	0.740191	0.129775	0.914227	0.131495	0.636557	0.0864408	0.0657477	0.0471507	0.142299	0.028351	0.29042	0.222687	-1818.15	4.0	3.84022e-09	-7372.43	4.0	3.88347e-05	1.0	478.553	27.9012	149.282	18.4959	0.237772	0.0273595	1076.47	12.384	
1.6-2.4	6.5-30.0	30.0-40.0	0.000-1.571	0.008	0.12	689.0	688.0	423.532	23.4477	264.45	19.7668	-0.513523	0.24489	-0.05	0.0	0.652823	0.0	3.0911	0.0	0.0569301	0.0	0.0281362	0.00466742	0.03	0.0	1.492	0.0	5.0	0.0	1.733	0.0	0.0488944	0.000466233	7.90451e-05	0.000185159	0.164622	0.0201632	0.211707	0.0	0.00199102	0.0	0.000951351	0.00213822	1.6767	0.0	0.858005	0.0476624	0.999988	0.0239747	1.0	18.6972	0.742759	0.0107008	0.00717955	3.69372e-07	0.199739	0.00797002	0.052134	82.2144	-1182.55	4.0	7.9871e-06	-4236.35	4.0	8.30084e-07	1.0	294.471	23.484	129.061	18.3514	0.304725	0.0399103	1084.2	14.8666	
1.6-2.4	6.5-30.0	40.0-50.0	0.000-1.571	0.008	0.136	416.0	415.0	275.274	18.3993	139.763	14.2487	-0.943032	0.343287	-0.05	0.0	0.652823	0.0	3.0911	0.0	0.0569301	0.0	0.0297676	0.00489923	0.03	0.0	1.492	0.0	5.0	0.0	1.733	0.0	0.0492286	0.00051425	6.70209e-05	0.882424	0.178729	0.0275829	0.211707	0.0	0.00199102	0.0	0.000536912	0.0022886	1.6767	0.0	0.690328	0.054152	0.601142	0.120514	0.999999	1.17853	0.41501	0.127325	0.0381196	0.0151786	0.23523	0.0501458	0.0204558	11.515	-744.363	4.0	6.10733e-06	-2379.42	4.0	4.26982e-06	1.0	201.255	17.916	74.0196	12.8262	0.268894	0.0429882	985.312	14.9539	
1.6-2.4	6.5-30.0	50.0-100.0	0.000-1.571	0.008	0.088	365.0	358.0	283.55	18.273	74.5777	11.1783	-0.0931938	0.464184	-0.05	0.0	0.652823	0.0	3.0911	0.0	0.0569301	0.0	0.0451242	0.00743879	0.03	0.0	1.492	0.0	5.0	0.0	1.733	0.0	0.0531295	0.00109672	7.21792e-05	0.000182081	0.178557	0.0316658	0.211707	0.0	0.00199102	0.0	0.00467463	0.0028617	1.6767	0.0	0.835597	0.0618966	0.654499	0.237238	0.999825	9.39599	0.308807	0.477737	0.0499048	0.0252584	0.212713	0.0778321	0.0234758	33.6856	-737.482	4.0	3.46242e-05	-2064.96	4.0	8.59953e-05	1.0	224.097	18.4796	59.4523	12.1495	0.209672	0.0406617	1070.32	19.0462	
2.0-2.4	6.5-30.0	0.0-100.0	0.000-1.571	0.008	0.152	1551.0	1550.0	838.873	38.3554	711.166	36.6493	-0.492478	0.153182	-0.05	0.0	0.865514	0.0858601	3.09194	0.00251163	0.0622686	0.00460537	0.0229249	0.00712553	0.03	0.0	1.492	0.0	5.0	0.0	1.733	0.0	0.0585372	0.00245773	7.87116e-05	0.000484264	0.183009	0.0173008	0.0616687	0.0610904	-0.00999983	0.0176875	0.00235002	0.00142611	2.1655	0.541626	0.934159	0.030365	0.814913	0.0091864	0.999997	1.06744	0.637038	0.00668533	0.107822	0.00482755	0.172372	0.00310958	0.131247	5.01118	-2283.38	4.0	1.57194e-06	-10560.8	7.0	3.6544e-06	1.0	620.703	36.2789	218.17	24.7029	0.260075	0.02694	1052.63	66.3842	
