weightedEff_Lxyz_pTtune_PRMC_noTnPCorr
rap	pT	cent	dPhi	ctauErrMin	ctauErrMax	NoCutEntry	CutEntry	NSig	NSigErr	NBkg	NBkgErr	coefExp	coefExpErr	coefPol1	coefPol1Err	coeffGaus	coeffGausErr	meanSig1	meanSig1Err	sigmaSig1	sigmaSig1Err	sigmaSig2	sigmaSig2Err	sigmaSig3	sigmaSig3Err	alpha	alphaErr	enne	enneErr	enneW	enneWErr	sigWidth	sigWidthErr	Gmc	GmcErr	bTau	bTauErr	fracRes	fracResErr	meanResSigW	meanResSigWErr	meanResSigN	meanResSigNErr	sigmaResSigW	sigmaResSigWErr	sigmaResSigN	sigmaResSigNErr	fpm	fpmErr	fLiving	fLivingErr	fbkgCtTot	fbkgCtTotErr	lambdam	lambdamErr	lambdap	lambdapErr	lambdasym	lambdasymErr	NLL	nFitPar	EDM	NLLMass	nFitParMass	EDMMass	Prob	PROMPT	PROMPTErr	NON-PROMPT	NON-PROMPTErr	Bfraction	BfractionErr	Resolution	ResolutionErr	
0.0-0.4	6.5-30.0	0.0-100.0	0.000-1.571	0.008	0.064	5410.0	5407.0	3603.85	66.7781	1802.56	51.5532	-0.191863	0.0938553	-0.05	0.0	0.460903	0.0796673	3.09313	0.0003826	0.0197073	0.00139079	0.0180135	0.00132723	0.03	0.0	1.492	0.0	5.0	0.0	1.733	0.0	0.0188131	0.000484393	3.59557e-05	0.000193278	0.322448	0.0107169	0.709974	0.264125	-0.00206547	0.00229629	0.00185727	0.00129236	1.32298	0.0992276	0.680435	0.0332138	0.700453	0.0325968	1.0	0.00157861	0.433363	0.033166	0.0700968	0.00829109	0.222067	0.0128779	4.93891	0.250723	-10735.7	4.0	7.23212e-06	-47234.9	7.0	0.000112352	1.0	2397.81	57.5481	1206.03	42.8614	0.334652	0.0101487	1173.42	82.6573	
0.0-1.2	6.5-30.0	0.0-10.0	0.000-1.571	0.008	0.088	8536.0	8531.0	4366.05	79.3043	4164.69	78.0198	0.0340544	0.0605051	-0.05	0.0	0.507523	0.0	3.09237	0.0	0.0213251	0.0	0.0354416	0.00145222	0.03	0.0	1.492	0.0	5.0	0.0	1.733	0.0	0.0291445	0.000434854	1.12992e-05	0.000388937	0.21935	0.00747753	0.282557	0.0	0.00228371	0.0	0.00225105	0.00066551	1.58042	0.0	0.931293	0.0197157	0.578165	0.139929	0.56394	0.123081	0.505188	0.0645609	0.0403673	0.0151506	0.22734	0.0241115	0.144665	0.0215621	-13488.7	4.0	7.66392e-05	-74116.1	4.0	7.80132e-05	1.0	2970.37	70.8425	1395.68	52.4438	0.319666	0.0105151	1152.39	5.71555	
0.0-1.2	6.5-30.0	0.0-100.0	0.000-1.571	0.008	0.105	22248.0	22242.0	13679.4	138.932	8562.66	119.043	0.000437032	0.0440552	-0.05	0.0	0.507523	0.0486065	3.09237	0.000275707	0.0213251	0.000575918	0.033326	0.00146035	0.03	0.0	1.492	0.0	5.0	0.0	1.733	0.0	0.0278883	0.000528023	1.16782e-05	0.000130175	0.296994	0.00533932	0.282557	0.19576	0.00228371	0.00264771	0.000557268	0.000357802	1.58042	0.170805	0.855387	0.0103857	0.568147	0.036228	0.902282	0.0184525	0.43433	0.0323981	0.0529933	0.00523043	0.197619	0.0107333	0.335288	0.0522327	-38782.9	4.0	2.55376e-07	-219221.0	7.0	3.03316e-05	1.0	9347.08	119.681	4332.3	85.1317	0.316703	0.00532767	1109.37	85.2053	
0.0-1.2	6.5-30.0	10.0-20.0	0.000-1.571	0.008	0.088	5142.0	5140.0	3054.17	62.9511	2085.7	54.7198	-0.0160188	0.0857161	-0.05	0.0	0.507523	0.0	3.09237	0.0	0.0213251	0.0	0.0326299	0.00138836	0.03	0.0	1.492	0.0	5.0	0.0	1.733	0.0	0.0274799	0.000405936	1.12992e-05	0.000388937	0.315453	0.0116874	0.282557	0.0	0.00228371	0.0	-0.000395961	0.000771028	1.58042	0.0	0.844592	0.023016	0.468743	0.0945219	0.884143	0.0299636	0.30637	0.11244	0.0372994	0.00758373	0.188758	0.018094	0.360451	0.0620745	-8328.12	4.0	7.51178e-07	-42942.8	4.0	9.73307e-06	1.0	2022.07	54.2989	1032.11	40.7907	0.337933	0.0113956	1103.42	6.31969	
0.0-1.2	6.5-30.0	20.0-30.0	0.000-1.571	0.008	0.105	3612.0	3608.0	2370.15	53.6497	1237.85	41.7849	0.207069	0.111907	-0.05	0.0	0.507523	0.0	3.09237	0.0	0.0213251	0.0	0.0311154	0.00135975	0.03	0.0	1.492	0.0	5.0	0.0	1.733	0.0	0.0266008	0.000391649	1.16782e-05	0.000130175	0.302068	0.0130457	0.282557	0.0	0.00228371	0.0	0.00127553	0.000819283	1.58042	0.0	0.81897	0.0235441	0.52676	0.00730209	0.999999	8.26936	0.374809	0.00860843	0.0457107	0.00100502	0.209894	0.00352877	0.0222387	38.2591	-6832.62	4.0	1.7091e-06	-29372.4	4.0	1.72568e-06	1.0	1634.39	47.3434	735.753	33.9131	0.310425	0.0124642	1089.47	6.34879	
0.0-1.2	6.5-30.0	30.0-40.0	0.000-1.571	0.008	0.064	2248.0	2246.0	1625.11	44.4838	620.862	31.2189	-0.458849	0.160179	-0.05	0.0	0.507523	0.0	3.09237	0.0	0.0213251	0.0	0.0346431	0.00206208	0.03	0.0	1.492	0.0	5.0	0.0	1.733	0.0	0.0286678	0.000613598	1.32366e-05	0.000329048	0.388824	0.0196395	0.282557	0.0	0.00228371	0.0	-0.00112546	0.00102308	1.58042	0.0	0.831943	0.0270701	0.573138	0.0127147	1.0	10.9069	0.423756	0.012544	0.0662975	0.00235357	0.198946	0.00585047	0.0711991	62.2894	-4538.38	4.0	2.25017e-06	-17550.5	4.0	4.48957e-06	1.0	1132.92	38.5416	492.19	26.557	0.302866	0.0140827	1096.5	7.36771	
0.0-1.2	6.5-30.0	40.0-50.0	0.000-1.571	0.016	0.048	1489.0	1472.0	1186.76	36.4663	285.162	20.6933	-0.111595	0.236429	-0.05	0.0	0.507523	0.0	3.09237	0.0	0.0213251	0.0	0.0330484	0.00183415	0.03	0.0	1.492	0.0	5.0	0.0	1.733	0.0	0.0277252	0.000538355	1.43354e-05	8.22848e-05	0.372873	0.019123	0.282557	0.0	0.00228371	0.0	-0.0024035	0.00127376	1.58042	0.0	0.783615	0.035558	0.7596	0.229566	0.632877	0.224888	4.29139e-08	0.149229	0.0163407	0.0120423	0.464323	0.0610618	0.0248797	0.0110656	-2884.21	4.0	2.85576e-07	-11162.4	4.0	6.6162e-06	1.0	715.427	30.3757	471.335	25.4789	0.397161	0.0176634	1070.65	9.33574	
0.0-1.2	6.5-30.0	50.0-100.0	0.000-1.571	0.008	0.056	1218.0	1214.0	1059.99	34.1169	153.958	16.0611	-0.338483	0.32691	-0.05	0.0	0.507523	0.0	3.09237	0.0	0.0213251	0.0	0.0323829	0.00183761	0.03	0.0	1.492	0.0	5.0	0.0	1.733	0.0	0.0273356	0.000536036	1.34486e-05	0.000306561	0.250752	0.0184335	0.282557	0.0	0.00228371	0.0	0.000802733	0.00109166	1.58042	0.0	0.753104	0.0325563	0.867957	10.5872	1.0	0.0670355	0.280811	7.49482	0.00708394	5.5612e-07	0.221321	0.0720134	0.185865	38.4532	-3321.45	4.0	7.68987e-06	-9246.78	4.0	5.1006e-06	1.0	800.877	31.8426	259.117	20.4708	0.244451	0.0176368	1054.83	8.33809	
0.0-2.4	10.0-13.0	0.0-100.0	0.000-1.571	0.008	0.136	6722.0	6720.0	4933.67	79.3155	1786.33	56.0684	-0.519445	0.0987994	-0.05	0.0	0.343378	0.0701239	3.09196	0.000576303	0.0210216	0.00182352	0.0415495	0.00225206	0.03	0.0	1.492	0.0	5.0	0.0	1.733	0.0	0.0358512	0.00107818	1.25623e-05	9.06713e-05	0.241804	0.00739456	0.0553454	0.0788853	0.000212513	0.0144851	0.000255176	0.000518094	2.09412	0.553674	0.915641	0.0153608	0.662594	0.0425126	0.883336	0.153908	0.22513	0.0870415	0.0384706	0.0135162	0.194614	0.0145411	0.0969462	0.0491735	-13296.2	4.0	6.55279e-06	-58945.7	7.0	3.49684e-06	1.0	3379.54	71.2634	1554.13	52.449	0.315005	0.00934712	1017.2	75.9374	
0.0-2.4	10.0-30.0	0.0-100.0	0.000-1.571	0.004	0.144	10244.0	10242.0	7603.27	98.4367	2639.14	68.7412	-0.532095	0.0816727	-0.05	0.0	0.395454	0.0549586	3.09266	0.000454761	0.0217926	0.00134015	0.043569	0.00199579	0.03	0.0	1.492	0.0	5.0	0.0	1.733	0.0	0.036543	0.000910328	1.0177e-05	0.00195203	0.228236	0.00549465	0.0477214	0.0592155	-0.000892962	0.00748279	-0.00037672	0.000398858	2.03646	0.461587	0.936888	0.0126859	0.821298	0.064814	0.828826	0.150042	0.29229	0.098607	0.0646134	0.0119222	0.203951	0.00996191	0.0302772	0.017954	-20679.2	4.0	1.90187e-06	-94354.3	7.0	4.76102e-05	1.0	5034.23	87.8475	2569.04	67.6425	0.337887	0.00774671	1016.75	52.7601	
0.0-2.4	11.0-13.0	0.0-100.0	0.000-1.571	0.008	0.105	3444.0	3442.0	2596.91	57.1487	845.192	38.9139	-0.683294	0.145076	-0.05	0.0	0.424259	0.0818006	3.0926	0.000792225	0.0221506	0.00205134	0.0470571	0.00371306	0.03	0.0	1.492	0.0	5.0	0.0	1.733	0.0	0.0385106	0.00161443	4.93653e-05	0.000238442	0.25772	0.0103472	0.0328637	0.0389686	-0.000371389	0.0145275	0.000607386	0.000717808	2.53131	0.734887	0.93899	0.0220489	0.79862	0.0704901	0.62024	0.0556996	1.40382e-08	0.0768767	0.0760621	0.0183122	0.203364	0.0150957	0.02	0.0113387	-6737.87	4.0	2.06172e-05	-27987.9	7.0	2.91673e-05	1.0	1713.03	50.561	883.878	38.9056	0.340358	0.0129748	1031.17	60.8153	
0.0-2.4	13.0-16.0	0.0-100.0	0.000-1.571	0.008	0.08	2120.0	2114.0	1657.32	45.8517	456.825	30.0333	-0.347618	0.199656	-0.05	0.0	0.531647	0.0958626	3.09397	0.000971468	0.0239731	0.00261338	0.0547679	0.00570498	0.03	0.0	1.492	0.0	5.0	0.0	1.733	0.0	0.0413567	0.00229492	1.00002e-05	0.000966722	0.243359	0.0129542	0.0326157	0.0670782	-0.00999634	0.0183094	0.00163748	0.000875585	1.86063	0.773549	1.00446	0.0284725	0.955199	0.203465	0.651592	0.203441	0.103194	0.0641154	0.0449854	0.0310108	0.182832	0.0203378	0.0410462	0.00917602	-4503.12	4.0	1.03117e-05	-16281.3	7.0	8.01899e-05	1.0	1139.87	41.3882	517.445	30.3877	0.312218	0.0161733	1043.52	47.2823	
0.0-2.4	13.0-30.0	0.0-100.0	0.000-1.571	0.008	0.105	3521.0	3521.0	2673.9	58.1542	847.319	39.4341	-0.561485	0.14407	-0.05	0.0	0.476964	0.0775648	3.09404	0.000744502	0.022779	0.00184416	0.0476875	0.00361456	0.03	0.0	1.492	0.0	5.0	0.0	1.733	0.0	0.0379068	0.00151333	2.10356e-05	0.0045896	0.20718	0.00809674	0.0347602	0.122355	-0.00537756	0.015369	-0.000674046	0.000629984	1.80759	0.989032	0.964825	0.022365	0.999953	103625.0	0.701944	3.04981	0.351331	394.605	0.00705667	161538.0	0.232246	1.98277	0.0438939	13.0828	-7398.25	4.0	1.77417e-05	-28816.0	7.0	0.000103398	1.0	1657.73	51.1695	1016.17	42.5075	0.380033	0.0135796	1006.03	78.1533	
0.0-2.4	16.0-30.0	0.0-100.0	0.000-1.571	0.008	0.064	1401.0	1399.0	1021.72	35.9234	377.221	25.4179	-0.819724	0.215599	-0.05	0.0	0.259256	0.181096	3.09436	0.00128502	0.0202141	0.00418719	0.0354693	0.00454235	0.03	0.0	1.492	0.0	5.0	0.0	1.733	0.0	0.0322156	0.00222981	5.46616e-05	1.05755	0.18266	0.0104619	0.461092	0.573416	0.00155876	0.00498774	-0.0032158	0.00119643	1.33655	0.440517	0.747726	0.0418942	0.722688	0.858866	0.96485	0.06642	0.383987	0.691284	0.00709389	0.0103461	0.266177	0.0286323	0.0608421	0.0564991	-2925.29	4.0	1.05909e-06	-10112.8	7.0	0.000186217	1.0	574.919	29.5909	446.802	26.7171	0.437304	0.0211512	1060.65	209.656	
0.0-2.4	6.5-30.0	0.0-10.0	0.000-1.571	0.008	0.136	22652.0	22612.0	9971.69	121.102	12640.3	131.657	-0.0587474	0.0347225	-0.05	0.0	0.371169	0.0	3.09238	0.0	0.0501647	0.0	0.0264247	0.000546537	0.03	0.0	1.492	0.0	5.0	0.0	1.733	0.0	0.0370559	0.00012254	3.37928e-05	7.02542e-05	0.230007	0.00574484	0.17037	0.0	0.00383435	0.0	0.00202446	0.000409769	1.75411	0.0	0.989379	0.0107043	0.853709	0.255959	0.351753	0.100851	0.543048	0.0466681	0.0319627	0.03236	0.222409	0.012779	0.0993431	0.00626842	-31096.0	4.0	4.78311e-06	-214104.0	4.0	5.07779e-07	1.0	7203.16	112.857	2768.53	78.8325	0.277639	0.00715053	1155.99	3.80032	
0.0-2.4	6.5-30.0	0.0-100.0	0.000-1.571	0.004	0.152	57053.0	57028.0	30954.3	239.841	26075.4	229.195	-0.144293	0.0251034	-0.05	0.0	0.371169	0.030802	3.09238	0.000249212	0.0501647	0.00170435	0.0261326	0.000520658	0.03	0.0	1.492	0.0	5.0	0.0	1.733	0.0	0.0369254	0.000586759	1.79985e-05	0.004591	0.25984	0.00353088	0.17037	0.071026	0.00383435	0.00270686	0.00222762	0.000231799	1.75411	0.130378	0.932935	0.00603388	0.560943	0.0272012	0.931619	0.0127608	0.503581	0.0222748	0.0561228	0.0041276	0.175717	0.00562724	0.301954	0.0385289	-88384.8	4.0	2.09718e-07	-601437.0	7.0	0.000231751	1.0	22525.0	209.528	8429.25	133.068	0.272313	0.00374542	1116.37	39.2508	
0.0-2.4	6.5-30.0	0.0-5.0	0.000-1.571	0.008	0.152	12482.0	12470.0	5429.03	90.091	7041.92	98.6352	0.0533047	0.0464859	-0.05	0.0	0.371169	0.0	3.09238	0.0	0.0501647	0.0	0.0261133	0.000784187	0.03	0.0	1.492	0.0	5.0	0.0	1.733	0.0	0.0369168	0.000174406	1.79985e-05	0.004591	0.227026	0.00763355	0.17037	0.0	0.00383435	0.0	0.00469398	0.000570095	1.75411	0.0	1.01924	0.0152109	0.512006	0.111022	0.714051	0.066915	0.511445	0.0783791	0.0333591	0.0115756	0.156557	0.0112173	0.15009	0.0169976	-16920.3	4.0	4.50262e-06	-110572.0	4.0	7.64932e-05	1.0	3914.22	83.927	1514.81	58.793	0.27902	0.00978965	1177.32	5.46253	
0.0-2.4	6.5-30.0	10.0-15.0	0.000-1.571	0.008	0.152	7421.0	7418.0	3674.17	71.9186	3743.7	72.3997	-0.145549	0.0639828	-0.05	0.0	0.371169	0.0	3.09238	0.0	0.0501647	0.0	0.0258655	0.000845663	0.03	0.0	1.492	0.0	5.0	0.0	1.733	0.0	0.0368069	0.00018685	1.79985e-05	0.004591	0.278149	0.0106266	0.17037	0.0	0.00383435	0.0	0.00464826	0.000675751	1.75411	0.0	0.936041	0.017465	0.388957	0.0398127	0.868685	0.045871	0.317976	0.0646149	0.0303384	0.00483281	0.157679	0.0136855	0.159144	0.0356207	-10743.1	4.0	4.5014e-05	-62530.9	4.0	8.14416e-06	1.0	2634.43	65.3524	1039.73	45.0112	0.282985	0.0109269	1118.53	6.06276	
0.0-2.4	6.5-30.0	10.0-20.0	0.000-1.571	0.008	0.16	13389.0	13387.0	6960.7	97.7158	6426.12	94.9403	-0.142441	0.0488945	-0.05	0.0	0.371169	0.0	3.09238	0.0	0.0501647	0.0	0.0262697	0.000627972	0.03	0.0	1.492	0.0	5.0	0.0	1.733	0.0	0.0369865	0.000140235	1.00282e-05	0.000232918	0.261282	0.0073314	0.17037	0.0	0.00383435	0.0	0.00244664	0.000505472	1.75411	0.0	0.941649	0.0129881	0.447495	0.0314289	0.878112	0.0221905	0.365519	0.0491063	0.0345958	0.00416466	0.150679	0.0106652	0.273354	0.0319193	-19776.3	4.0	1.86847e-05	-121251.0	4.0	4.71411e-06	1.0	4969.17	89.6411	1991.53	62.8564	0.28611	0.00808778	1122.43	4.5199	
0.0-2.4	6.5-30.0	15.0-20.0	0.000-1.571	0.008	0.16	5968.0	5968.0	3280.65	66.0105	2687.31	61.3523	-0.137201	0.0756997	-0.05	0.0	0.371169	0.0	3.09238	0.0	0.0501647	0.0	0.0266874	0.000920277	0.03	0.0	1.492	0.0	5.0	0.0	1.733	0.0	0.037174	0.000207725	1.00282e-05	0.000232918	0.245589	0.00996563	0.17037	0.0	0.00383435	0.0	-0.00181775	0.000756862	1.75411	0.0	0.957833	0.0189961	0.710618	0.0741275	0.815035	0.0455846	0.519247	0.0481013	0.0570231	0.0145779	0.144387	0.0158697	0.348593	0.0512759	-9070.97	4.0	6.7363e-07	-49522.3	4.0	2.76983e-06	1.0	2320.76	61.4022	959.883	44.3024	0.292589	0.0121533	1133.73	6.65731	
0.0-2.4	6.5-30.0	20.0-25.0	0.000-1.571	0.008	0.136	5088.0	5082.0	2970.7	61.6398	2111.0	54.2209	-0.292511	0.0858209	-0.05	0.0	0.371169	0.0	3.09238	0.0	0.0501647	0.0	0.0250223	0.000833123	0.03	0.0	1.492	0.0	5.0	0.0	1.733	0.0	0.0364386	0.000179879	3.37928e-05	7.02542e-05	0.25711	0.0116391	0.17037	0.0	0.00383435	0.0	0.00194148	0.000693182	1.75411	0.0	0.832868	0.0178868	0.506315	0.169605	0.496319	0.167353	0.190588	0.101725	0.0399669	0.0134032	0.208078	0.0216668	0.0433306	0.0104445	-8874.42	4.0	6.84126e-08	-41715.6	4.0	3.03555e-05	1.0	2238.7	57.2164	732.009	36.6974	0.246409	0.0112454	1048.67	5.89286	
0.0-2.4	6.5-30.0	20.0-30.0	0.000-1.571	0.008	0.136	9309.0	9298.0	5574.21	83.9073	3723.12	72.0395	-0.214504	0.064577	-0.05	0.0	0.371169	0.0	3.09238	0.0	0.0501647	0.0	0.0251398	0.000599525	0.03	0.0	1.492	0.0	5.0	0.0	1.733	0.0	0.0364893	0.000129869	3.37928e-05	7.02542e-05	0.264983	0.00833585	0.17037	0.0	0.00383435	0.0	0.00168262	0.000522499	1.75411	0.0	0.856219	0.0135591	0.547982	0.111762	0.605378	0.158479	0.295075	0.101765	0.0457455	0.00903949	0.184315	0.0135715	0.0363421	0.0117732	-16177.3	4.0	1.50381e-06	-82188.5	4.0	6.91723e-05	1.0	4074.74	77.497	1499.47	52.4702	0.269001	0.00849758	1064.15	4.52548	
0.0-2.4	6.5-30.0	25.0-30.0	0.000-1.571	0.008	0.136	4221.0	4216.0	2603.16	56.9356	1612.56	47.447	-0.111339	0.0980825	-0.05	0.0	0.371169	0.0	3.09238	0.0	0.0501647	0.0	0.0252575	0.000862342	0.03	0.0	1.492	0.0	5.0	0.0	1.733	0.0	0.0365404	0.000187413	3.37928e-05	7.02542e-05	0.271898	0.0118361	0.17037	0.0	0.00383435	0.0	0.00124755	0.000795757	1.75411	0.0	0.885658	0.0206847	0.618026	0.125088	0.680712	0.346929	0.381568	0.260615	0.0512104	0.0126947	0.164072	0.0146393	0.0200006	0.0805618	-7309.51	4.0	3.44341e-05	-34072.6	4.0	3.29355e-05	1.0	1832.31	52.2908	770.848	37.5834	0.296121	0.0129034	1083.96	7.01062	
0.0-2.4	6.5-30.0	30.0-35.0	0.000-1.571	0.008	0.12	3196.0	3191.0	1902.72	49.6648	1288.12	43.0348	-0.305427	0.110001	-0.05	0.0	0.371169	0.0	3.09238	0.0	0.0501647	0.0	0.0257666	0.00115979	0.03	0.0	1.492	0.0	5.0	0.0	1.733	0.0	0.0367633	0.00025558	3.63218e-05	5.72307e-05	0.229618	0.0145427	0.17037	0.0	0.00383435	0.0	0.00179503	0.000910243	1.75411	0.0	0.913359	0.0231659	0.537249	0.010377	0.999523	0.667428	0.50339	0.0118629	0.0535553	0.00157128	0.213711	0.00470377	0.0230762	5.72027	-5686.7	4.0	4.2223e-05	-24731.5	4.0	1.82294e-05	1.0	1484.19	47.4606	418.532	29.5134	0.219965	0.0144094	1102.86	7.95837	
0.0-2.4	6.5-30.0	30.0-40.0	0.000-1.571	0.008	0.12	5572.0	5567.0	3585.98	66.5529	1980.54	53.1405	-0.277467	0.0888997	-0.05	0.0	0.371169	0.0	3.09238	0.0	0.0501647	0.0	0.0245917	0.000732506	0.03	0.0	1.492	0.0	5.0	0.0	1.733	0.0	0.0362537	0.000156225	3.63218e-05	5.72307e-05	0.295949	0.0118756	0.17037	0.0	0.00383435	0.0	0.00217957	0.000658687	1.75411	0.0	0.87646	0.0167126	0.590922	0.0073405	1.0	1.99318	0.495009	0.00659656	0.0694204	0.00156257	0.201262	0.00317283	0.458959	37.2847	-10048.6	4.0	5.10338e-05	-46810.2	4.0	7.26957e-05	1.0	2679.17	61.8389	906.81	40.4337	0.252877	0.0102524	1077.74	5.63792	
0.0-2.4	6.5-30.0	35.0-40.0	0.000-1.571	0.008	0.12	2376.0	2376.0	1678.62	44.3816	697.254	31.44	-0.224015	0.150283	-0.05	0.0	0.371169	0.0	3.09238	0.0	0.0501647	0.0	0.0234105	0.000970543	0.03	0.0	1.492	0.0	5.0	0.0	1.733	0.0	0.0357586	0.000199779	3.63218e-05	5.72307e-05	0.341767	0.0178296	0.17037	0.0	0.00383435	0.0	0.00231037	0.000951968	1.75411	0.0	0.814715	0.0241897	0.999994	2.02368	0.284619	0.0438772	0.384091	0.0249287	0.10449	3.82995	0.26707	0.0220903	0.0850931	0.00560382	-4421.16	4.0	6.12244e-07	-18306.1	4.0	9.946e-06	1.0	1171.93	40.069	506.692	28.7215	0.30185	0.015135	1036.77	7.88512	
0.0-2.4	6.5-30.0	40.0-45.0	0.000-1.571	0.008	0.12	1769.0	1767.0	1273.78	38.6334	493.13	26.6825	-0.320105	0.179426	-0.05	0.0	0.371169	0.0	3.09238	0.0	0.0501647	0.0	0.0235359	0.00106226	0.03	0.0	1.492	0.0	5.0	0.0	1.733	0.0	0.0358103	0.000219511	3.63218e-05	5.72307e-05	0.231869	0.0165693	0.17037	0.0	0.00383435	0.0	-0.00042267	0.00111679	1.75411	0.0	0.830306	0.0299773	0.6124	0.121788	0.514783	0.11973	0.0491213	0.100521	0.0274207	0.0103694	0.458948	0.064145	0.0499092	0.012163	-3553.49	4.0	1.50878e-06	-13141.3	4.0	6.38458e-06	1.0	968.839	36.6239	304.94	23.7359	0.239398	0.0171614	1046.98	9.8616	
0.0-2.4	6.5-30.0	40.0-50.0	0.000-1.571	0.008	0.136	3289.0	3284.0	2462.95	53.294	821.009	34.6161	-0.790595	0.14206	-0.05	0.0	0.371169	0.0	3.09238	0.0	0.0501647	0.0	0.0268623	0.00082978	0.03	0.0	1.492	0.0	5.0	0.0	1.733	0.0	0.0372532	0.000188125	3.37928e-05	7.02542e-05	0.314589	0.0130162	0.17037	0.0	0.00383435	0.0	-0.00120708	0.000809951	1.75411	0.0	0.787417	0.0219907	0.646352	0.224138	0.585112	0.194448	6.44895e-06	0.659555	0.0313484	0.00770021	0.337641	0.030663	0.038962	0.00899599	-6053.55	4.0	3.90741e-05	-26560.5	4.0	2.30272e-06	1.0	1674.32	47.5367	788.625	35.1903	0.320196	0.0124956	1019.12	7.04811	
0.0-2.4	6.5-30.0	45.0-50.0	0.000-1.571	0.008	0.136	1520.0	1517.0	1189.29	36.6474	327.642	21.9419	-1.53254	0.237821	-0.05	0.0	0.371169	0.0	3.09238	0.0	0.0501647	0.0	0.0301095	0.00131782	0.03	0.0	1.492	0.0	5.0	0.0	1.733	0.0	0.0387831	0.000321678	3.37928e-05	7.02542e-05	0.362556	0.0183122	0.17037	0.0	0.00383435	0.0	-0.00329767	0.00117738	1.75411	0.0	0.730228	0.032406	0.789293	0.160125	0.6494	0.177103	2.65918e-06	0.713285	0.0301521	0.0159073	0.229377	0.0281084	0.0279761	0.0124439	-2577.29	4.0	3.88956e-06	-11171.8	4.0	5.65178e-06	1.0	689.091	30.6873	500.201	26.9889	0.420587	0.0186284	983.157	9.98425	
0.0-2.4	6.5-30.0	5.0-10.0	0.000-1.571	0.008	0.112	10169.0	10118.0	4545.05	81.0292	5573.55	87.1433	-0.184118	0.0523875	-0.05	0.0	0.371169	0.0	3.09238	0.0	0.0501647	0.0	0.0267872	0.000762345	0.03	0.0	1.492	0.0	5.0	0.0	1.733	0.0	0.0372191	0.00017251	3.69703e-05	0.0265992	0.234867	0.00881849	0.17037	0.0	0.00383435	0.0	0.000645665	0.000591524	1.75411	0.0	0.93588	0.015604	0.940824	0.0705582	0.242386	0.0402642	0.437926	0.0446579	0.198882	0.0893953	0.28654	0.0233954	0.0757755	0.0082552	-14175.6	4.0	8.96193e-05	-87766.9	4.0	4.02386e-05	1.0	3292.42	75.2144	1252.64	52.0631	0.275604	0.0103476	1118.42	5.41635	
0.0-2.4	6.5-30.0	50.0-100.0	0.000-1.571	0.008	0.088	2838.0	2816.0	2335.09	51.1942	480.931	27.6896	-0.450573	0.186382	-0.05	0.0	0.371169	0.0	3.09238	0.0	0.0501647	0.0	0.0270795	0.000957396	0.03	0.0	1.492	0.0	5.0	0.0	1.733	0.0	0.0373519	0.000218234	3.69533e-05	0.0259228	0.219578	0.0120258	0.17037	0.0	0.00383435	0.0	0.00299705	0.000822634	1.75411	0.0	0.846093	0.0220776	0.710487	0.00382792	1.0	19.9411	0.243524	0.0048668	0.0289225	0.000553319	0.249828	0.00154127	0.0205347	187.04	-6506.09	4.0	1.10918e-05	-22837.5	4.0	8.58627e-05	1.0	1802.73	49.5968	532.354	32.1558	0.22798	0.0128316	1057.41	7.32791	
0.0-2.4	6.5-30.0	50.0-55.0	0.000-1.571	0.008	0.08	1010.0	998.0	806.894	30.3166	191.024	17.4145	-0.261453	0.292611	-0.05	0.0	0.371169	0.0	3.09238	0.0	0.0501647	0.0	0.0284434	0.0017174	0.03	0.0	1.492	0.0	5.0	0.0	1.733	0.0	0.0379841	0.00040435	1.00002e-05	2.73951e-05	0.176885	0.0179647	0.17037	0.0	0.00383435	0.0	0.00211956	0.00157764	1.75411	0.0	0.918645	0.0458146	0.587296	0.256208	0.827456	0.315738	1.56314e-05	0.968485	0.0294527	0.0139413	0.214879	0.037009	0.0259517	0.0225763	-2294.05	4.0	2.209e-05	-6995.34	4.0	4.29562e-05	1.0	630.516	30.7834	176.378	20.7444	0.218589	0.0243618	1106.5	15.7781	
0.0-2.4	6.5-30.0	50.0-60.0	0.000-1.571	0.008	0.08	1643.0	1625.0	1337.1	38.8872	287.786	21.5171	-0.429271	0.240463	-0.05	0.0	0.371169	0.0	3.09238	0.0	0.0501647	0.0	0.0285663	0.0013444	0.03	0.0	1.492	0.0	5.0	0.0	1.733	0.0	0.038042	0.000317412	1.00002e-05	2.73951e-05	0.174336	0.0132559	0.17037	0.0	0.00383435	0.0	0.00300438	0.00117215	1.75411	0.0	0.878329	0.0322466	0.677515	0.824476	0.695113	0.826217	0.00015912	0.961721	0.0234967	0.0190493	0.303258	0.0403838	0.0203608	0.136897	-3742.65	4.0	1.76683e-07	-12227.5	4.0	3.71504e-05	1.0	1021.53	39.0116	315.569	26.8977	0.23601	0.0189092	1079.0	10.8887	
0.0-2.4	6.5-30.0	55.0-60.0	0.000-1.571	0.008	0.073	632.0	625.0	529.716	24.3147	95.2909	12.5211	-0.794802	0.427548	-0.05	0.0	0.371169	0.0	3.09238	0.0	0.0501647	0.0	0.0286001	0.00213548	0.03	0.0	1.492	0.0	5.0	0.0	1.733	0.0	0.038058	0.00050457	3.34445e-05	6.9324e-05	0.175183	0.0197716	0.17037	0.0	0.00383435	0.0	0.00448509	0.00170625	1.75411	0.0	0.822805	0.0443088	0.606039	0.202209	1.0	0.0124742	0.114913	0.250353	0.00706351	0.0153956	0.436138	0.0878325	4.90796	1.10233	-1454.28	4.0	5.33335e-05	-4138.16	4.0	2.81827e-06	1.0	393.731	23.8637	135.985	16.7871	0.256712	0.0294186	1042.05	14.5128	
0.0-2.4	6.5-30.0	60.0-100.0	0.000-1.571	0.008	0.088	1195.0	1185.0	990.759	33.1867	194.206	17.4596	-0.488742	0.292561	-0.05	0.0	0.371169	0.0	3.09238	0.0	0.0501647	0.0	0.0245006	0.00140086	0.03	0.0	1.492	0.0	5.0	0.0	1.733	0.0	0.0362149	0.00029798	3.69533e-05	0.0259228	0.275655	0.0218243	0.17037	0.0	0.00383435	0.0	0.00243655	0.00114293	1.75411	0.0	0.790908	0.0294912	0.831993	0.143612	1.0	15.9912	0.237594	0.171436	0.0500364	0.0401502	0.194023	0.037891	0.101816	40.9766	-2772.83	4.0	1.50357e-06	-8647.1	4.0	2.21707e-06	1.0	764.346	31.2614	226.413	19.4754	0.228525	0.0181054	1021.36	9.47314	
0.0-2.4	6.5-30.0	60.0-70.0	0.000-1.571	0.008	0.088	782.0	774.0	654.703	26.8361	119.415	13.597	-0.664233	0.374857	-0.05	0.0	0.371169	0.0	3.09238	0.0	0.0501647	0.0	0.0231789	0.00159473	0.03	0.0	1.492	0.0	5.0	0.0	1.733	0.0	0.0356636	0.000325882	3.69533e-05	0.0259228	0.301473	0.0290076	0.17037	0.0	0.00383435	0.0	0.00269799	0.00140902	1.75411	0.0	0.803294	0.0356489	0.999999	4.7943	0.999999	14.3467	0.513694	0.0702327	0.0152054	4.9146	0.228733	0.0322725	0.023638	57.6831	-1837.53	4.0	1.4872e-06	-5348.54	4.0	2.59277e-05	1.0	505.486	25.0855	149.217	15.4074	0.227916	0.0215996	1029.35	11.5402	
0.0-2.4	6.5-30.0	70.0-100.0	0.000-1.571	0.016	0.073	413.0	408.0	332.784	19.4098	75.1576	10.9159	-0.223148	0.463452	-0.05	0.0	0.371169	0.0	3.09238	0.0	0.0501647	0.0	0.0261865	0.00246656	0.03	0.0	1.492	0.0	5.0	0.0	1.733	0.0	0.0369494	0.000549625	3.69173e-05	0.0282483	0.224294	0.0307038	0.17037	0.0	0.00383435	0.0	0.00227559	0.00207737	1.75411	0.0	0.82831	0.0550157	0.790385	0.104376	0.999992	0.224632	1.92828e-08	0.12234	0.0503812	0.0344053	0.15504	0.0304212	0.0840174	2.52954	-930.273	4.0	4.0607e-05	-2514.85	4.0	2.268e-05	1.0	254.258	18.4982	78.526	11.9682	0.235967	0.0332262	1045.67	18.0776	
0.0-2.4	6.5-7.5	0.0-100.0	0.000-1.571	0.016	0.16	24230.0	24223.0	10120.9	149.837	14102.0	162.441	-0.0439676	0.0332472	-0.05	0.0	0.631011	0.0301973	3.08984	0.000512596	0.03	0.00401169	0.07	0.00555237	0.03	0.0	1.492	0.0	5.0	0.0	1.733	0.0	0.0487438	0.00177616	8.17783e-05	0.000350179	0.251649	0.00749379	0.206936	0.0943215	0.00999971	0.0031414	0.00374467	0.000427182	1.88995	0.200823	0.954865	0.00944185	0.467437	0.0242773	0.873131	0.0260594	0.57759	0.0314252	0.0580431	0.00561378	0.134975	0.0109904	0.27825	0.0295763	-32716.1	4.0	4.1928e-05	-229609.0	7.0	4.71418e-05	1.0	8080.83	136.601	2040.04	72.5231	0.201567	0.00651476	1209.23	61.2723	
0.0-2.4	6.5-8.0	0.0-100.0	0.000-1.571	0.016	0.16	31986.0	31976.0	13864.4	145.847	18111.5	159.743	-0.0699516	0.0303838	-0.05	0.0	0.434158	0.0491007	3.091	0.000411537	0.045	0.000227011	0.0286478	0.00108927	0.03	0.0	1.492	0.0	5.0	0.0	1.733	0.0	0.0366545	0.000473635	2.99332e-05	0.00458551	0.297141	0.00656029	0.247328	0.092515	0.00999999	0.0035556	0.00334101	0.000372756	1.76918	0.144226	0.914504	0.0084952	0.47705	0.0389775	0.867288	0.0273867	0.551816	0.0315191	0.0559017	0.0058702	0.149443	0.0085414	0.242125	0.0277784	-43482.2	4.0	3.41987e-05	-313506.0	7.0	1.15562e-05	1.0	10666.8	134.582	3197.61	81.5634	0.230634	0.00535935	1184.74	52.1587	
0.0-2.4	7.5-8.5	0.0-100.0	0.000-1.571	0.008	0.145	13187.0	13179.0	7529.37	110.223	5649.61	101.326	-0.202254	0.0549456	-0.05	0.0	0.549281	0.0633329	3.09045	0.000499724	0.0267461	0.00117842	0.0512764	0.00358546	0.03	0.0	1.492	0.0	5.0	0.0	1.733	0.0	0.0397239	0.00131045	8.73167e-05	0.000503063	0.307317	0.00832139	0.23764	0.117549	0.00999999	0.0168022	0.00248974	0.000523321	1.61931	0.149835	0.879825	0.01355	0.488363	0.0489764	0.888866	0.0503624	0.414053	0.0502326	0.0466109	0.00619401	0.18854	0.0107183	0.176152	0.0424663	-20464.5	4.0	1.02263e-05	-120259.0	7.0	1.71414e-05	1.0	5517.03	97.7168	2012.34	62.3981	0.267266	0.00730556	1101.49	55.9743	
0.0-2.4	8.0-10.0	0.0-100.0	0.000-1.571	0.008	0.152	14822.0	14814.0	9245.58	117.587	5567.61	100.73	-0.169324	0.0540834	-0.05	0.0	0.452054	0.0439816	3.09295	0.000415678	0.0465263	0.00183324	0.0228461	0.00090607	0.03	0.0	1.492	0.0	5.0	0.0	1.733	0.0	0.0355606	0.000759838	8.77568e-05	0.000222665	0.245531	0.0061141	0.22052	0.162925	0.000482536	0.00445097	0.00257581	0.000450983	1.61158	0.193917	0.88676	0.0121425	0.572604	0.133825	0.697455	0.104294	0.382268	0.10329	0.0307499	0.00988833	0.26808	0.0150508	0.0774427	0.0130176	-25732.4	4.0	8.79825e-08	-138732.0	7.0	0.000154959	1.0	6652.55	105.512	2593.04	71.1456	0.280462	0.00681843	1088.89	74.8637	
0.0-2.4	8.5-9.5	0.0-100.0	0.000-1.571	0.008	0.12	6930.0	6916.0	4389.3	79.8884	2526.74	67.2217	-0.209073	0.0799885	-0.05	0.0	0.477415	0.0615091	3.09418	0.000590238	0.0449224	0.00241212	0.0224313	0.00120804	0.03	0.0	1.492	0.0	5.0	0.0	1.733	0.0	0.0350197	0.00101434	6.95629e-05	0.856416	0.240204	0.00790492	0.195257	0.140777	-0.00999932	0.0168172	0.00181342	0.000658582	1.55521	0.187671	0.89326	0.0176114	0.746035	0.161767	0.677719	0.207297	0.398022	0.0924504	0.045439	0.0195351	0.233146	0.0177837	0.0487314	0.0176019	-12058.6	4.0	4.38938e-06	-59699.7	7.0	2.97147e-05	1.0	3003.65	70.6232	1385.65	51.3324	0.315688	0.0101861	1055.64	60.6987	
0.0-2.4	9.5-11.0	0.0-100.0	0.000-1.571	0.008	0.136	5737.0	5733.0	3987.27	76.475	1745.78	60.0531	-0.290676	0.0993319	-0.05	0.0	0.353925	0.0748654	3.09221	0.0006187	0.0480741	0.0034979	0.0246738	0.00153836	0.03	0.0	1.492	0.0	5.0	0.0	1.733	0.0	0.0348036	0.00130125	1.00134e-05	0.000394123	0.263671	0.00984733	0.411816	0.288493	0.0022233	0.00388478	0.000985326	0.000706105	1.51553	0.180886	0.723466	0.0201165	0.638654	0.141669	0.600244	0.0962456	0.177923	0.124511	0.0153904	0.0110669	0.282368	0.0213372	0.0661929	0.0116279	-10839.1	4.0	2.29563e-06	-49022.8	7.0	9.10879e-05	1.0	2887.45	67.7354	1099.81	44.3398	0.275831	0.0097813	1119.7	124.92	
0.4-0.8	6.5-30.0	0.0-100.0	0.000-1.571	0.008	0.073	5997.0	5997.0	3927.31	72.8038	2069.53	58.668	-0.0281923	0.088555	-0.05	0.0	0.74507	0.0699119	3.09229	0.000465762	0.0225988	0.000719714	0.036701	0.0040249	0.03	0.0	1.492	0.0	5.0	0.0	1.733	0.0	0.0269053	0.000914098	1.07909e-05	6.48731e-06	0.294341	0.0101058	0.164736	0.163076	-0.00113548	0.00593586	-0.000858052	0.000586767	1.82366	0.359661	0.925875	0.0174859	0.719966	0.0639146	0.892486	0.0314197	0.487992	0.0475355	0.0627376	0.0172516	0.200708	0.0212962	0.55698	0.113664	-11519.7	4.0	0.000131254	-52106.2	7.0	4.78023e-05	1.0	2709.98	63.0881	1217.34	44.3351	0.309966	0.00971709	1124.23	101.779	
0.8-1.2	6.5-30.0	0.0-100.0	0.000-1.571	0.008	0.105	10840.0	10834.0	6168.82	100.04	4665.01	92.2056	0.095739	0.0609085	-0.05	0.0	0.231798	0.0865339	3.09265	0.000539453	0.0281277	0.0029559	0.0329371	0.00157776	0.03	0.0	1.492	0.0	5.0	0.0	1.733	0.0	0.0318869	0.000723098	3.76156e-05	0.000218351	0.28681	0.0078788	0.510138	0.279061	0.00698866	0.00378923	0.000443545	0.00063783	1.44442	0.131788	0.709755	0.0171138	0.480385	0.0532448	0.818897	0.0461106	0.439505	0.0476877	0.0467785	0.00667837	0.187261	0.0131869	0.219629	0.0325928	-17005.9	4.0	7.6602e-05	-96992.0	7.0	0.00014179	1.0	4292.46	85.3097	1876.36	57.9478	0.304168	0.00799432	1145.03	105.37	
1.2-1.6	6.5-30.0	0.0-10.0	0.000-1.571	0.008	0.136	6473.0	6461.0	2531.12	63.9717	3929.74	74.1013	0.0951952	0.0621807	-0.05	0.0	0.41018	0.0	3.0917	0.0	0.0485667	0.0	0.0330185	0.00149842	0.03	0.0	1.492	0.0	5.0	0.0	1.733	0.0	0.0401315	0.000363575	2.31047e-05	0.000294422	0.255918	0.011568	0.103775	0.0	0.00999984	0.0	0.00160283	0.000735022	2.09199	0.0	0.878967	0.0196751	0.926651	0.0579366	0.260137	0.0428017	0.306721	0.0678035	0.192788	0.0856759	0.20829	0.0173263	0.0553523	0.00610969	-7922.56	4.0	2.67217e-06	-52535.4	4.0	4.37774e-05	1.0	1703.15	57.1779	827.97	43.0616	0.327116	0.0148689	1070.78	7.23727	
1.2-1.6	6.5-30.0	0.0-100.0	0.000-1.571	0.008	0.136	15394.0	15368.0	7682.03	127.552	7685.99	127.553	-0.0643684	0.0479043	-0.05	0.0	0.41018	0.0872674	3.0917	0.000599085	0.0485667	0.00303637	0.0317741	0.00144319	0.03	0.0	1.492	0.0	5.0	0.0	1.733	0.0	0.0395345	0.00112095	2.31047e-05	0.000294422	0.231642	0.00658216	0.103775	0.0507441	0.00999984	0.0195355	0.00182666	0.000457254	2.09199	0.256609	0.945877	0.0116924	0.741454	0.0913668	0.411261	0.0791723	0.335925	0.0758025	0.100574	0.0185734	0.21254	0.0128512	0.0436382	0.00817735	-22403.5	4.0	2.83903e-05	-140479.0	7.0	8.37657e-06	1.0	5560.97	111.476	2121.06	71.706	0.276106	0.00813088	1120.72	46.8038	
1.2-1.6	6.5-30.0	10.0-20.0	0.000-1.571	0.008	0.128	3368.0	3356.0	1672.76	49.5067	1683.46	49.6144	-0.16744	0.0955457	-0.05	0.0	0.41018	0.0	3.0917	0.0	0.0485667	0.0	0.034456	0.00190866	0.03	0.0	1.492	0.0	5.0	0.0	1.733	0.0	0.040838	0.000474919	2.94195e-05	0.000284662	0.188983	0.010906	0.103775	0.0	0.00999984	0.0	0.00261141	0.0010623	2.09199	0.0	1.04667	0.0260776	0.574816	0.0748364	0.666539	0.380855	0.476511	0.294987	0.102411	0.0179191	0.187114	0.0199856	0.0200053	0.0554281	-4934.72	4.0	4.67859e-05	-25515.5	4.0	2.72736e-05	1.0	1151.42	46.8724	521.336	35.6907	0.311662	0.0192396	1198.33	10.2068	
1.2-1.6	6.5-30.0	20.0-30.0	0.000-1.571	0.008	0.105	2617.0	2605.0	1485.56	44.0066	1119.54	39.6303	-0.161993	0.117613	-0.05	0.0	0.41018	0.0	3.0917	0.0	0.0485667	0.0	0.0290685	0.00147729	0.03	0.0	1.492	0.0	5.0	0.0	1.733	0.0	0.0382869	0.000330772	1.00889e-05	0.00459463	0.248999	0.015834	0.103775	0.0	0.00999984	0.0	0.000294747	0.00101235	2.09199	0.0	0.958715	0.0234707	0.444593	0.432161	0.552882	0.792798	0.157933	0.278005	0.0255047	0.00933564	0.150008	0.0216366	0.024477	0.0104027	-4506.95	4.0	4.97991e-06	-19514.8	4.0	5.33757e-06	1.0	1111.84	41.1707	373.719	27.0706	0.251568	0.016629	1130.45	8.91971	
1.2-1.6	6.5-30.0	30.0-40.0	0.000-1.571	0.008	0.12	1461.0	1458.0	842.53	33.4175	615.373	29.8269	0.0575262	0.158259	-0.05	0.0	0.41018	0.0	3.0917	0.0	0.0485667	0.0	0.0300705	0.00230652	0.03	0.0	1.492	0.0	5.0	0.0	1.733	0.0	0.0387406	0.000527984	1.72747e-05	0.00459133	0.168633	0.021335	0.103775	0.0	0.00999984	0.0	0.00493202	0.00134715	2.09199	0.0	0.895811	0.0345619	0.999999	0.806067	0.241806	0.0566935	0.276155	0.0906493	0.0815842	0.710815	0.313457	0.0539789	0.0777998	0.0108626	-2531.49	4.0	7.1292e-06	-10076.8	4.0	1.6205e-05	1.0	689.723	34.6406	152.808	22.098	0.181368	0.0252223	1083.22	12.8081	
1.2-1.6	6.5-30.0	40.0-50.0	0.000-1.571	0.016	0.064	759.0	738.0	549.833	25.3688	188.056	16.7889	-1.65997	0.321443	-0.05	0.0	0.41018	0.0	3.0917	0.0	0.0485667	0.0	0.0302693	0.00274915	0.03	0.0	1.492	0.0	5.0	0.0	1.733	0.0	0.0388319	0.000631979	2.95545e-05	0.000300613	0.246325	0.0269027	0.103775	0.0	0.00999984	0.0	-0.00389556	0.00195793	2.09199	0.0	1.04808	0.0520665	0.999993	0.689917	0.999999	0.969404	0.53669	0.0255992	0.00865377	2.67437	0.215084	0.0122236	0.0200728	4.75915	-1437.77	4.0	1.36956e-07	-4833.33	4.0	3.37653e-05	1.0	413.88	24.6799	135.953	16.8459	0.247263	0.028435	1199.43	20.3875	
1.2-1.6	6.5-30.0	50.0-100.0	0.000-1.571	0.016	0.073	714.0	707.0	567.813	25.1368	139.18	14.2556	-1.27586	0.353869	-0.05	0.0	0.41018	0.0	3.0917	0.0	0.0485667	0.0	0.0294864	0.00206161	0.03	0.0	1.492	0.0	5.0	0.0	1.733	0.0	0.0384749	0.00046595	1.01642e-05	0.000817577	0.218735	0.0260879	0.103775	0.0	0.00999984	0.0	0.00608466	0.00180229	2.09199	0.0	0.966239	0.0491687	0.706335	0.240193	0.767495	0.27558	9.90734e-06	0.807279	0.0286934	0.0305041	0.338619	0.054903	0.0200001	0.0750429	-1474.14	4.0	3.22147e-06	-4713.55	4.0	5.9739e-06	1.0	447.736	24.68	120.076	15.6361	0.211472	0.0258972	1136.18	18.7376	
1.6-2.0	6.5-30.0	0.0-100.0	0.000-1.571	0.008	0.16	14248.0	14240.0	6951.85	128.355	7288.19	129.62	-0.373995	0.0497879	-0.05	0.0	0.534763	0.100661	3.09095	0.000739777	0.0559449	0.00301565	0.0329162	0.00269092	0.03	0.0	1.492	0.0	5.0	0.0	1.733	0.0	0.0466668	0.00153201	2.61437e-05	0.00458725	0.201529	0.00761989	0.462154	0.274076	0.00485629	0.00340939	0.00184438	0.000680701	1.4787	0.146906	0.820104	0.0152763	0.892947	0.0625114	0.399073	0.0650594	0.514564	0.0719427	0.207506	0.0702509	0.184748	0.0125104	0.0552496	0.0135204	-21204.9	4.0	1.56337e-06	-128326.0	7.0	2.58564e-05	1.0	5606.31	118.341	1345.54	62.5076	0.193551	0.00825085	1171.44	98.4201	
1.6-2.4	3.0-30.0	0.0-100.0	0.000-1.571	0.008	0.264	420317.0	420299.0	69038.4	543.072	351261.0	770.046	0.0264258	0.0067096	-0.05	0.0	0.0356533	0.00705585	3.08937	0.000376111	0.0123601	0.00147361	0.0524742	0.000262333	0.03	0.0	1.89	0.0	5.0	0.0	1.44	0.0	0.0515831	0.000156546	1.05692e-05	6.49144e-05	0.227887	0.00412139	0.19593	0.106578	0.00823221	0.0041731	0.00940491	0.00014702	1.71895	0.159922	0.894469	0.00207235	0.552141	0.0142944	0.92405	0.00352668	0.517182	0.0189101	0.0318684	0.00163911	0.0958882	0.00163366	0.324679	0.00761135	-409580.0	4.0	1.1656e-05	-5083650.0	7.0	0.000143876	1.0	59751.9	525.483	9286.52	246.063	0.134512	0.00340347	1105.55	57.3636	
1.6-2.4	3.0-4.5	0.0-100.0	0.000-1.571	0.016	0.264	321312.0	321301.0	39787.3	647.989	281513.0	813.288	0.120926	0.00742148	-0.05	0.0	0.828518	0.0515872	3.08845	0.000595075	0.0481933	0.00117237	0.0899997	0.00360181	0.03	0.0	1.86	0.0	5.0	0.0	1.38	0.0	0.0575613	0.00144016	8.85777e-05	0.0369611	0.230204	0.00637623	0.101357	0.069759	0.0499991	0.0925249	0.00298363	0.000168238	1.84755	0.275177	1.00515	0.00213262	1.0	0.0441968	0.870332	0.000514043	0.710946	0.000512493	0.0153297	1.2472	0.0773866	0.000148113	0.330021	0.000927217	-302327.0	4.0	5.80327e-06	-3794900.0	7.0	0.00123054	1.0	35225.5	603.603	4561.79	201.82	0.114654	0.00471626	1119.77	43.9425	
1.6-2.4	3.0-5.5	0.0-100.0	0.000-1.571	0.016	0.264	376856.0	376839.0	51902.6	961.096	324937.0	1088.0	0.0407925	0.00689312	-0.05	0.0	0.863039	0.031357	3.08899	0.000479127	0.0484153	0.000692868	0.129999	0.0041217	0.03	0.0	1.86	0.0	5.0	0.0	1.38	0.0	0.0658606	0.00183314	1.55371e-05	0.00459213	0.229426	0.00533763	0.125652	0.0884483	0.0251244	0.0167426	0.00683303	0.000154997	1.92178	0.271466	1.00974	0.00200072	1.0	0.308575	0.846255	0.000199605	0.79074	0.000111652	0.0183166	27.03	0.101787	5.72107e-05	0.333675	0.0002914	-357235.0	4.0	0.000101214	-4512430.0	7.0	0.0122851	1.0	45519.3	870.153	6383.31	246.308	0.122986	0.00416343	1164.27	58.0655	
1.6-2.4	3.0-6.5	0.0-10.0	0.000-1.571	0.016	0.264	191095.0	191077.0	20023.3	308.454	171052.0	496.138	-0.0270822	0.00936365	-0.05	0.0	0.0295635	0.0	3.08926	0.0	0.0102037	0.0	0.0489999	0.000751744	0.03	0.0	1.86	0.0	5.0	0.0	1.38	0.0	0.048302	0.00037003	1.3729e-05	0.00459296	0.23718	0.00922518	0.173641	0.0	0.0248856	0.0	0.00649662	0.00022834	1.74699	0.0	1.00153	0.00305422	1.0	0.079768	0.814735	0.000306666	0.778218	0.00016928	0.294201	22.0384	0.10413	9.51216e-05	0.354406	0.000411454	-170766.0	4.0	8.51231e-06	-2156170.0	4.0	2.39356e-05	1.0	17529.2	304.446	2494.1	145.758	0.12456	0.00702198	1165.69	1.08423	
1.6-2.4	3.0-6.5	0.0-100.0	0.000-1.571	0.016	0.264	400906.0	400889.0	59728.4	484.336	341160.0	717.357	0.0390243	0.00668995	-0.05	0.0	0.0295635	0.00512472	3.08926	0.00042008	0.0102037	0.000765916	0.0528155	0.00051973	0.03	0.0	1.86	0.0	5.0	0.0	1.38	0.0	0.0520585	0.000264257	1.3729e-05	0.00459296	0.231476	0.00479078	0.173641	0.119565	0.0248856	0.0127773	0.00567205	0.000153645	1.74699	0.202734	0.986669	0.00203152	1.0	1.81517	0.82461	0.00187444	0.781811	0.00112924	0.0151174	16.1163	0.100583	0.000549847	0.315808	0.00228714	-382983.0	4.0	3.37995e-06	-4826850.0	7.0	0.428529	1.0	52109.0	478.675	7619.4	233.235	0.127567	0.00376541	1155.17	60.0136	
1.6-2.4	3.0-6.5	0.0-20.0	0.000-1.571	0.016	0.264	326952.0	326934.0	40224.7	431.494	286706.0	657.738	0.0246103	0.00723854	-0.05	0.0	0.0295635	0.0	3.08926	0.0	0.0102037	0.0	0.0526226	0.000582104	0.03	0.0	1.86	0.0	5.0	0.0	1.38	0.0	0.0518686	0.000286553	1.3729e-05	0.00459296	0.228064	0.00622699	0.173641	0.0	0.0248856	0.0	0.00636728	0.000172212	1.74699	0.0	0.991588	0.0022521	1.0	0.0239133	0.831901	0.000251547	0.787995	0.000140257	0.473635	11.0794	0.0999502	7.36443e-05	0.336281	0.000345697	-306488.0	4.0	4.32311e-05	-3866440.0	4.0	5.00517e-05	1.0	35336.5	425.871	4888.19	201.075	0.121522	0.00482583	1158.65	0.796354	
1.6-2.4	3.0-6.5	10.0-20.0	0.000-1.571	0.016	0.209	135856.0	135606.0	20539.7	297.327	115065.0	427.64	0.108761	0.0114442	-0.05	0.0	0.0295635	0.0	3.08926	0.0	0.0102037	0.0	0.057479	0.000856855	0.03	0.0	1.86	0.0	5.0	0.0	1.38	0.0	0.0566502	0.000421845	1.37782e-05	0.00459294	0.219299	0.00885807	0.173641	0.0	0.0248856	0.0	0.00790859	0.000261652	1.74699	0.0	0.987233	0.0033134	0.948747	0.00873244	0.879697	0.0365425	0.83429	0.00609322	0.367095	0.0397883	0.130973	0.00311556	0.0985728	0.0199284	-136412.0	4.0	3.07883e-05	-1485590.0	4.0	5.79531e-05	1.0	18451.1	296.959	2088.55	133.265	0.101684	0.00631901	1155.57	1.1696	
1.6-2.4	3.0-6.5	20.0-30.0	0.000-1.571	0.016	0.192	41169.0	41159.0	8523.07	167.909	32636.2	228.454	0.048229	0.0215552	-0.05	0.0	0.0295635	0.0	3.08926	0.0	0.0102037	0.0	0.0579171	0.00118096	0.03	0.0	1.86	0.0	5.0	0.0	1.38	0.0	0.0570815	0.000581412	1.37746e-05	0.00459294	0.229287	0.0103506	0.173641	0.0	0.0248856	0.0	0.00294885	0.000471746	1.74699	0.0	0.990917	0.00639031	0.869813	0.0102318	0.999998	0.0430936	0.767954	0.00915721	0.267814	0.0179376	0.121294	0.00375533	0.0213195	3.02794	-40909.1	4.0	0.000114956	-402814.0	4.0	6.99196e-05	1.0	7249.6	164.725	1273.47	85.8238	0.149414	0.00962975	1158.17	2.25904	
1.6-2.4	3.0-6.5	20.0-40.0	0.000-1.571	0.016	0.192	60742.0	60719.0	13674.6	202.993	47043.8	273.056	0.066175	0.0179541	-0.05	0.0	0.0295635	0.0	3.08926	0.0	0.0102037	0.0	0.054144	0.000857568	0.03	0.0	1.86	0.0	5.0	0.0	1.38	0.0	0.0533665	0.00042217	1.37746e-05	0.00459294	0.23423	0.00850026	0.173641	0.0	0.0248856	0.0	0.00335907	0.000383966	1.74699	0.0	0.984666	0.0052627	0.875817	0.00146268	0.999999	10.06	0.771749	0.00112667	0.246246	0.00237449	0.120942	0.000470523	0.124517	48.1904	-61986.7	4.0	1.0035e-06	-618742.0	4.0	4.33973e-05	1.0	11712.7	200.838	1961.87	104.658	0.143469	0.00735122	1153.76	1.85576	
1.6-2.4	3.0-6.5	30.0-40.0	0.000-1.571	0.016	0.152	19573.0	19454.0	5109.31	113.434	14344.8	148.658	0.12988	0.0325044	-0.05	0.0	0.0295635	0.0	3.08926	0.0	0.0102037	0.0	0.0471842	0.00120004	0.03	0.0	1.86	0.0	5.0	0.0	1.38	0.0	0.0465146	0.000590663	1.3843e-05	0.00459291	0.241576	0.0148787	0.173641	0.0	0.0248856	0.0	0.00398181	0.00066121	1.74699	0.0	0.966929	0.00922294	1.0	0.480699	0.763835	0.569437	0.771388	0.248806	0.0138547	23.8365	0.109387	0.133897	0.161833	0.301929	-21327.4	4.0	6.54078e-05	-176829.0	4.0	2.11142e-05	1.0	4424.5	114.178	684.809	60.1536	0.134032	0.0113911	1141.29	3.22853	
1.6-2.4	3.0-6.5	40.0-100.0	0.000-1.571	0.016	0.168	13212.0	13205.0	5860.98	99.9385	7344.05	107.1	0.445043	0.0462149	-0.05	0.0	0.0295635	0.0	3.08926	0.0	0.0102037	0.0	0.0508344	0.000820896	0.03	0.0	1.86	0.0	5.0	0.0	1.38	0.0	0.0501081	0.000404087	1.33924e-05	0.00459311	0.243714	0.013825	0.173641	0.0	0.0248856	0.0	0.00431475	0.000713324	1.74699	0.0	0.87968	0.0101666	1.0	1.76951	0.842868	0.00369649	0.727625	0.00188121	0.219793	2.39644	0.13836	0.000998852	0.253945	0.00412311	-16723.0	4.0	1.03123e-06	-116961.0	4.0	6.03914e-07	1.0	5107.75	103.597	753.225	57.5478	0.128515	0.00957114	1081.39	3.41707	
1.6-2.4	3.0-6.5	40.0-50.0	0.000-1.571	0.016	0.136	7901.0	7818.0	2920.13	73.068	4898.29	85.5351	0.554346	0.0563959	-0.05	0.0	0.0295635	0.0	3.08926	0.0	0.0102037	0.0	0.0474533	0.00114094	0.03	0.0	1.86	0.0	5.0	0.0	1.38	0.0	0.0467795	0.000561579	1.41936e-05	0.00459275	0.236298	0.0158722	0.173641	0.0	0.0248856	0.0	0.000281315	0.000891932	1.74699	0.0	0.799615	0.0135726	0.999999	26.9671	0.858918	0.0681057	0.586744	0.157337	0.00879812	26.8613	0.0723836	0.0301487	0.26292	0.0817552	-9675.32	4.0	2.9921e-06	-64714.5	4.0	0.000211789	1.0	2431.92	73.25	488.211	42.5657	0.167188	0.0139634	1028.74	4.35889	
1.6-2.4	3.0-6.5	50.0-100.0	0.000-1.571	0.016	0.168	5311.0	5311.0	2971.76	68.1852	2339.29	63.3768	0.349187	0.0828378	-0.05	0.0	0.0295635	0.0	3.08926	0.0	0.0102037	0.0	0.0553828	0.00127156	0.03	0.0	1.86	0.0	5.0	0.0	1.38	0.0	0.0545863	0.00062599	1.33924e-05	0.00459311	0.242614	0.0209888	0.173641	0.0	0.0248856	0.0	0.00599449	0.00117667	1.74699	0.0	0.941735	0.0155882	0.907089	0.00456839	1.0	6.57558	0.749728	0.0039911	0.265194	0.011427	0.179384	0.00258296	0.0261184	28.29	-7237.63	4.0	2.61227e-06	-42774.0	4.0	5.50983e-07	1.0	2621.17	73.02	350.587	42.186	0.117973	0.0139352	1123.75	5.39751	
1.6-2.4	4.5-5.5	0.0-100.0	0.000-1.571	0.016	0.184	55544.0	55420.0	11264.4	223.4	44155.7	287.726	-0.40733	0.020303	-0.05	0.0	0.106963	0.178895	3.09047	0.000826189	0.0695358	0.0204588	0.0470982	0.0029525	0.03	0.0	1.86	0.0	5.0	0.0	1.38	0.0	0.0499816	0.0030568	2.30218e-05	0.000291032	0.228338	0.00874289	0.23046	0.240884	0.0112429	0.0129983	0.00719724	0.000411712	1.78882	0.370612	1.02456	0.00623376	1.0	6.58933	0.682486	0.332962	0.81082	0.0706041	0.0565371	141.558	0.14672	0.0269008	0.227882	0.088616	-55479.2	4.0	1.97525e-07	-559376.0	7.0	0.000878236	1.0	9374.9	209.4	1889.49	103.361	0.16774	0.00855164	1243.08	120.958	
1.6-2.4	5.5-6.5	0.0-100.0	0.000-1.571	0.016	0.168	24050.0	24018.0	7232.46	148.221	16785.5	177.493	-0.454371	0.0320718	-0.05	0.0	0.111211	0.165854	3.09323	0.000939408	0.040604	0.00976698	0.0527635	0.00270684	0.03	0.0	1.86	0.0	5.0	0.0	1.38	0.0	0.0515531	0.00159137	1.49587e-05	0.00459239	0.220209	0.0096522	0.433557	0.413492	0.016385	0.017632	0.00414081	0.000669746	1.45242	0.194727	0.88307	0.0118203	1.0	5585.31	0.356849	0.765649	0.709477	0.336549	0.00724789	8825.51	0.215051	0.226103	0.104145	0.0740605	-26943.0	4.0	6.77525e-05	-223839.0	7.0	0.0013597	1.0	6069.59	139.361	1162.87	67.2078	0.160785	0.00868868	1164.61	129.261	
1.6-2.4	6.5-30.0	0.0-10.0	0.000-1.571	0.008	0.152	7642.0	7635.0	3130.08	71.2139	4504.67	80.2829	-0.317131	0.0585526	-0.05	0.0	0.627138	0.0	3.09068	0.0	0.0582334	0.0	0.0322764	0.00206715	0.03	0.0	1.492	0.0	5.0	0.0	1.733	0.0	0.0501512	0.000248024	2.77437e-05	0.00458652	0.224523	0.0141011	0.211707	0.0	0.00199102	0.0	0.00347027	0.000810304	1.6767	0.0	1.04448	0.0182119	0.999999	2.64615	0.307491	0.0931336	0.608059	0.0703096	0.113094	7.51623	0.208452	0.030148	0.0896174	0.0150471	-10123.5	4.0	3.53995e-07	-63250.8	4.0	8.3839e-05	1.0	2623.26	70.1953	506.828	38.7079	0.161921	0.0118049	1206.3	6.21526	
1.6-2.4	6.5-30.0	0.0-100.0	0.000-1.571	0.008	0.152	19410.0	19393.0	9634.64	157.009	9758.4	157.13	-0.381809	0.0432982	-0.05	0.0	0.627138	0.089734	3.09068	0.000659166	0.0582334	0.00262322	0.0317605	0.00316369	0.03	0.0	1.492	0.0	5.0	0.0	1.733	0.0	0.0500282	0.00148265	2.77437e-05	0.00458652	0.195102	0.00613467	0.211707	0.175346	0.00199102	0.00574194	0.00347687	0.000455183	1.6767	0.235346	0.932229	0.0101841	0.512227	0.301915	0.621816	0.149181	0.480403	0.199423	0.00765028	0.0132306	0.181808	0.0103671	0.0976148	0.0103543	-28892.9	4.0	6.72595e-07	-180716.0	7.0	1.66936e-05	1.0	7658.43	143.255	1976.21	77.3501	0.205116	0.00729939	1131.48	83.8816	
1.6-2.4	6.5-30.0	10.0-20.0	0.000-1.571	0.008	0.16	4878.0	4878.0	2282.91	59.3125	2594.99	61.886	-0.282391	0.0772507	-0.05	0.0	0.627138	0.0	3.09068	0.0	0.0582334	0.0	0.034121	0.00281267	0.03	0.0	1.492	0.0	5.0	0.0	1.733	0.0	0.0506044	0.000353566	2.91966e-05	0.00458585	0.18072	0.0115794	0.211707	0.0	0.00199102	0.0	0.00394471	0.000955595	1.6767	0.0	0.915585	0.020563	0.487844	0.0750744	0.909997	0.0319513	0.310677	0.129187	0.0219212	0.00596825	0.108711	0.0110882	0.225434	0.0446797	-7038.2	4.0	1.42717e-06	-38523.1	4.0	7.17479e-06	1.0	1806.17	59.3728	476.745	38.425	0.208832	0.0159331	1120.71	6.62138	
1.6-2.4	6.5-30.0	20.0-30.0	0.000-1.571	0.008	0.136	3080.0	3069.0	1691.41	47.675	1377.59	44.2617	-0.695883	0.107946	-0.05	0.0	0.627138	0.0	3.09068	0.0	0.0582334	0.0	0.0269911	0.00211287	0.03	0.0	1.492	0.0	5.0	0.0	1.733	0.0	0.0489729	0.000217097	6.70209e-05	0.882424	0.205816	0.0140899	0.211707	0.0	0.00199102	0.0	0.00329179	0.000986078	1.6767	0.0	0.750354	0.0237539	0.848546	0.140949	0.242895	0.0847162	0.232393	0.159235	0.113617	0.0596935	0.179547	0.0270752	0.0385173	0.00893581	-5111.85	4.0	1.40572e-05	-23221.8	4.0	1.85648e-07	1.0	1308.54	46.6774	382.863	30.5754	0.226358	0.0169135	1019.32	6.89205	
1.6-2.4	6.5-30.0	30.0-40.0	0.000-1.571	0.008	0.12	1862.0	1859.0	1126.85	38.4321	732.075	32.8982	-0.452318	0.147074	-0.05	0.0	0.627138	0.0	3.09068	0.0	0.0582334	0.0	0.0281067	0.00256825	0.03	0.0	1.492	0.0	5.0	0.0	1.733	0.0	0.0492063	0.000273492	7.90451e-05	0.000185159	0.159504	0.0123476	0.211707	0.0	0.00199102	0.0	0.00129653	0.00130151	1.6767	0.0	0.836534	0.0283491	0.681539	0.018008	1.0	2.3587	0.654891	0.00962575	0.0128241	0.00314734	0.189522	0.00496655	0.117559	7.07253	-3236.01	4.0	8.53167e-05	-13264.4	4.0	3.39634e-06	1.0	796.194	38.865	330.652	30.0046	0.293431	0.0246748	1070.89	8.72837	
1.6-2.4	6.5-30.0	40.0-50.0	0.000-1.571	0.008	0.136	1040.0	1038.0	683.432	29.1092	354.483	22.769	-0.856663	0.215223	-0.05	0.0	0.627138	0.0	3.09068	0.0	0.0582334	0.0	0.0306194	0.00309911	0.03	0.0	1.492	0.0	5.0	0.0	1.733	0.0	0.0497623	0.00035551	6.70209e-05	0.882424	0.171817	0.0179013	0.211707	0.0	0.00199102	0.0	0.000735114	0.00143298	1.6767	0.0	0.635457	0.0330851	0.60031	0.110977	0.639347	0.229621	0.135372	0.213264	0.043451	0.0126601	0.219537	0.0355383	0.0283443	0.0177171	-1902.03	4.0	5.01375e-05	-6888.35	4.0	2.38277e-05	1.0	512.611	28.8711	170.821	20.243	0.249946	0.0276403	955.769	8.6701	
1.6-2.4	6.5-30.0	50.0-100.0	0.000-1.571	0.008	0.088	905.0	888.0	701.288	28.7815	186.681	17.7133	-0.0510854	0.295556	-0.05	0.0	0.627138	0.0	3.09068	0.0	0.0582334	0.0	0.0435858	0.00461513	0.03	0.0	1.492	0.0	5.0	0.0	1.733	0.0	0.0532451	0.000704316	7.21792e-05	0.000182081	0.180687	0.0214137	0.211707	0.0	0.00199102	0.0	0.0042797	0.00182042	1.6767	0.0	0.81864	0.0386214	0.896405	0.753174	0.610514	0.376508	0.198904	0.151627	0.0604368	0.0482835	0.199091	0.0459651	0.0508799	0.0227507	-1853.14	4.0	1.41153e-05	-5923.39	4.0	2.44691e-05	1.0	565.627	29.3356	135.661	18.7802	0.193445	0.0255757	1059.94	11.7571	
2.0-2.4	6.5-30.0	0.0-100.0	0.000-1.571	0.008	0.152	5161.0	5157.0	2904.77	78.9472	2252.27	74.653	-0.325081	0.0863314	-0.05	0.0	0.447314	0.0570065	3.08952	0.00143725	0.0401565	0.00298874	0.08	0.0248173	0.03	0.0	1.492	0.0	5.0	0.0	1.733	0.0	0.0652572	0.0084822	7.87116e-05	0.000484264	0.185149	0.0104285	0.0616687	0.0610904	-0.00999983	0.0176875	0.00271529	0.000774615	2.1655	0.541626	0.924818	0.0162016	0.767253	0.000930524	1.0	16.9059	0.649189	0.000624687	0.0969572	0.000371868	0.163897	0.000285752	0.123286	108.082	-7769.69	4.0	1.83549e-06	-41233.7	7.0	3.43219e-05	1.0	2242.31	73.7677	662.464	45.2975	0.22806	0.0143094	1044.86	66.2122	
