noWeight_Lxyz_finerpT_PRMC
rap	pT	cent	dPhi	ctauErrMin	ctauErrMax	NoCutEntry	CutEntry	NSig	NSigErr	NBkg	NBkgErr	coefExp	coefExpErr	coefPol1	coefPol1Err	coeffGaus	coeffGausErr	meanSig1	meanSig1Err	sigmaSig1	sigmaSig1Err	sigmaSig2	sigmaSig2Err	sigmaSig3	sigmaSig3Err	alpha	alphaErr	enne	enneErr	enneW	enneWErr	sigWidth	sigWidthErr	Gmc	GmcErr	bTau	bTauErr	fracRes	fracResErr	meanResSigW	meanResSigWErr	meanResSigN	meanResSigNErr	sigmaResSigW	sigmaResSigWErr	sigmaResSigN	sigmaResSigNErr	fpm	fpmErr	fLiving	fLivingErr	fbkgCtTot	fbkgCtTotErr	lambdam	lambdamErr	lambdap	lambdapErr	lambdap2	lambdap2Err	lambdasym	lambdasymErr	NLL	nFitPar	EDM	NLLMass	nFitParMass	EDMMass	Prob	PROMPT	PROMPTErr	NON-PROMPT	NON-PROMPTErr	Bfraction	BfractionErr	Resolution	ResolutionErr	
0.0-0.4	6.5-30.0	0.0-100.0	0.000-1.571	0.008	0.105	4724.0	4718.0	4037.48	66.7141	680.379	33.0703	-1.19762	0.158853	-0.05	0.0	0.397606	0.0996164	3.09387	0.000356218	0.014976	0.00110923	0.0230834	0.00133423	0.03	0.0	1.696	0.0	5.0	0.0	1.718	0.0	0.0202523	0.000616738	1.23578e-05	0.0128429	0.364797	0.0122386	0.44677	0.141299	-0.000774749	0.00115443	0.000390051	0.00095072	1.18582	0.0694746	0.886661	0.0272494	0.997337	0.861852	0.9098	0.235025	0.21379	0.0440819	0.14113	1.17336	0.365825	0.0413132	2.0	0.0	0.239148	0.423005	-11929.5	4.0	6.7636e-06	-43218.8	7.0	9.51671e-05	1.0	2806.94	58.9273	1230.54	41.6492	0.304778	0.0090028	1031.1	28.4915	
0.0-1.2	6.5-30.0	0.0-100.0	0.000-1.571	0.008	0.145	16147.0	16140.0	13854.2	124.517	2286.17	62.7293	-1.18702	0.0889192	-0.05	0.0	0.437308	0.0568826	3.09381	0.000252677	0.0191506	0.000831656	0.0324761	0.00119824	0.03	0.0	1.696	0.0	5.0	0.0	1.718	0.0	0.0274563	0.000549593	1.01594e-05	0.0045946	0.362152	0.0066805	0.0390389	0.0103328	-0.00174128	0.00308162	0.000177005	0.000318518	2.01564	0.13992	0.992265	0.00929832	1.0	0.118628	0.913256	0.0194262	0.25712	0.020459	0.146139	0.797307	0.412223	0.0144082	2.0	0.0	0.180972	0.0348788	-37795.5	4.0	3.73703e-06	-164404.0	7.0	5.67006e-05	1.0	9707.18	110.723	4147.05	77.6988	0.299335	0.00492091	1051.08	10.1219	
0.0-2.4	10.0-13.0	0.0-100.0	0.000-1.571	0.016	0.145	7258.0	7251.0	6158.18	84.5326	1092.78	45.5923	-1.21987	0.12842	-0.05	0.0	0.428847	0.0519312	3.09372	0.000448345	0.0443533	0.00182807	0.0227041	0.00102654	0.03	0.0	1.696	0.0	5.0	0.0	1.718	0.0	0.033735	0.000785281	1.2247e-05	0.0131685	0.381826	0.0102671	0.0307331	0.0102486	0.00215386	0.0052703	0.000442453	0.000463103	2.23785	0.221603	0.992217	0.0141367	0.971813	0.00595707	0.999999	2.3307	0.244745	0.0116865	0.140949	2.33976e-08	0.38683	0.00950391	2.0	0.0	0.145189	13.1227	-15583.7	4.0	9.61528e-05	-66843.7	7.0	4.64825e-06	1.0	4249.0	73.9162	1909.18	52.4266	0.310024	0.00737334	1052.69	13.7842	
0.0-2.4	10.0-30.0	0.0-100.0	0.000-1.571	0.008	0.145	11767.0	11761.0	9829.4	107.269	1931.55	60.0729	-1.23502	0.0964128	-0.05	0.0	0.441349	0.0431708	3.09388	0.000350895	0.0434439	0.00138936	0.0221567	0.000871221	0.03	0.0	1.696	0.0	5.0	0.0	1.718	0.0	0.0332752	0.00062581	1.00498e-05	0.00459465	0.370504	0.00733654	0.0302029	0.00772777	-0.00137981	0.00391645	0.000117319	0.000350941	2.28455	0.177331	0.999307	0.0115134	0.972909	0.00931001	1.0	0.0424434	0.260007	0.0193185	0.141008	0.0414529	0.406645	0.0149547	2.0	0.0	0.141466	7.97836e-10	-24168.7	4.0	1.49302e-06	-113801.0	7.0	4.31124e-05	1.0	6327.37	90.9514	3502.04	70.4607	0.356282	0.00602227	1061.17	10.9508	
0.0-2.4	11.0-13.0	0.0-100.0	0.000-1.571	0.016	0.145	3961.0	3957.0	3362.04	63.0425	595.194	34.7474	-1.36976	0.178955	-0.05	0.0	0.31645	0.0662436	3.09398	0.000606553	0.050133	0.00388699	0.0242114	0.00128114	0.03	0.0	1.696	0.0	5.0	0.0	1.718	0.0	0.0345837	0.00131925	2.73135e-05	0.000901523	0.389416	0.0135165	0.0355577	0.0156804	0.00158388	0.00595783	0.000272785	0.000632753	2.10518	0.26994	1.01418	0.019956	1.0	0.00658793	0.96819	0.0262298	0.253473	0.0353168	0.521235	0.99703	0.383728	0.024851	2.0	0.0	0.14412	0.0959455	-8238.38	4.0	7.76273e-05	-33996.2	7.0	5.7615e-05	1.0	2238.07	54.0864	1123.97	40.104	0.334312	0.0101485	1072.18	18.0686	
0.0-2.4	13.0-16.0	0.0-100.0	0.000-1.571	0.008	0.073	2642.0	2634.0	2187.73	49.8971	446.376	27.357	-1.02156	0.205759	-0.05	0.0	0.501894	0.134299	3.09338	0.00076066	0.0209246	0.00283629	0.0438772	0.00527814	0.03	0.0	1.696	0.0	5.0	0.0	1.718	0.0	0.0343323	0.00226413	1.46858e-05	0.0174207	0.368384	0.0147552	0.0676796	0.0420728	-0.00161228	0.00472737	-0.000710314	0.000765255	1.76756	0.263409	1.00031	0.0264615	1.0	1.9972	0.944009	0.00884092	0.255642	0.00911046	0.300256	3.73537	0.435393	0.00918156	2.0	0.0	0.21451	0.0293367	-5222.51	4.0	4.20941e-05	-21510.1	7.0	5.84736e-05	1.0	1326.49	41.6146	861.237	34.6742	0.393668	0.0130609	1069.74	28.0353	
0.0-2.4	13.0-30.0	0.0-100.0	0.000-1.571	0.008	0.073	4509.0	4500.0	3724.78	64.8516	775.096	35.443	-1.14606	0.152996	-0.05	0.0	0.305993	0.0778736	3.0937	0.000565834	0.0175198	0.00225336	0.0380888	0.00210051	0.03	0.0	1.696	0.0	5.0	0.0	1.718	0.0	0.0331777	0.00108804	1.31401e-05	0.00459323	0.361546	0.0105204	0.0485635	0.0220664	-0.00239609	0.00416909	-0.000257492	0.000550001	1.93822	0.23009	1.00732	0.0201773	1.0	2.31694	0.961656	0.00314068	0.279183	0.00459944	0.452592	2.84408	0.435525	0.00465891	2.0	0.0	0.228372	0.0186442	-8623.53	4.0	2.88917e-05	-39035.8	7.0	9.69569e-06	1.0	2120.25	52.5938	1604.53	46.7312	0.430772	0.0100574	1071.38	19.569	
0.0-2.4	16.0-30.0	0.0-100.0	0.000-1.571	0.008	0.056	1867.0	1861.0	1531.12	41.585	329.828	22.9806	-1.38984	0.234634	-0.05	0.0	0.173141	0.0773625	3.09371	0.00089679	0.0149603	0.00326275	0.035358	0.00286619	0.03	0.0	1.696	0.0	5.0	0.0	1.718	0.0	0.0327487	0.00142158	1.01425e-05	0.00459461	0.354129	0.0150333	0.0340288	0.0240391	-0.00317689	0.0069571	0.000208128	0.000794405	2.18001	0.438439	1.00952	0.0315771	1.0	0.110168	0.984182	0.0158716	0.296229	0.0391912	0.140893	1.30202	0.432119	0.0371957	2.0	0.0	0.230863	0.229032	-3415.82	4.0	2.94167e-05	-14434.5	7.0	1.56062e-05	1.0	795.752	32.2809	735.372	31.2068	0.480282	0.0156606	1070.6	29.6099	
0.0-2.4	6.5-30.0	0.0-100.0	0.000-1.571	0.008	0.224	32646.0	32637.0	27746.3	181.084	4890.86	99.6794	-1.16836	0.0609392	-0.05	0.0	0.458621	0.0294953	3.09272	0.000230262	0.0459806	0.00085879	0.0246389	0.000643965	0.03	0.0	1.696	0.0	5.0	0.0	1.718	0.0	0.0360317	0.000415324	1.01537e-05	0.0045946	0.361616	0.00502572	0.0430903	0.00586459	-0.000930916	0.00240024	0.000351878	0.00023469	2.16125	0.0881168	0.96363	0.00630839	0.999999	0.0382933	0.873386	0.0188292	0.283179	0.0163386	0.141562	1.0014e-06	0.419707	0.0108857	2.0	0.0	0.140987	0.0172245	-69363.1	4.0	6.19808e-05	-348463.0	7.0	3.89394e-06	1.0	20117.3	162.809	7628.95	108.386	0.274954	0.00346978	1043.96	7.1298	
0.0-2.4	6.5-7.5	0.0-100.0	0.000-1.571	0.008	0.176	6950.0	6946.0	6002.53	84.6693	943.51	45.8994	-0.792856	0.138352	-0.05	0.0	0.491554	0.0667086	3.09072	0.000578937	0.0499314	0.00192743	0.0294834	0.00148288	0.03	0.0	1.696	0.0	5.0	0.0	1.718	0.0	0.040835	0.000921652	1.0013e-05	0.00459467	0.381469	0.0141004	0.0565306	0.0172979	0.00889207	0.0165632	0.000600212	0.000622381	1.98132	0.172537	0.967481	0.0131689	1.0	0.00578476	0.78732	0.0822796	0.41887	0.0585334	1.24797	2.56368	0.41584	0.030442	0.140915	0.0444206	-14829.1	4.0	6.40165e-06	-63022.8	7.0	7.57495e-06	1.0	4859.55	80.0406	1142.98	44.3594	0.190416	0.00688473	1051.2	16.3841	
0.0-2.4	6.5-8.0	0.0-100.0	0.000-1.571	0.008	0.176	10350.0	10344.0	8895.62	102.32	1448.43	54.9373	-0.910647	0.111041	-0.05	0.0	0.537584	0.0515082	3.09099	0.000461953	0.0483111	0.00134713	0.0273403	0.00129375	0.03	0.0	1.696	0.0	5.0	0.0	1.718	0.0	0.0400044	0.000702706	1.06881e-05	0.00459436	0.382071	0.0112831	0.0576128	0.0136665	0.00221989	0.00490396	0.000733787	0.000493488	2.00795	0.138209	0.953171	0.0106917	0.999999	0.00404156	0.72973	0.0376749	0.30744	0.0246846	0.402224	0.948684	0.405144	0.022374	0.140895	1.80242e-06	-22202.6	4.0	1.9933e-06	-98097.5	7.0	1.4409e-05	1.0	7127.92	96.3863	1767.7	54.6058	0.198715	0.0056971	1043.3	13.5837	
0.0-2.4	7.5-8.5	0.0-100.0	0.000-1.571	0.016	0.136	6577.0	6568.0	5612.44	80.7951	955.428	43.2238	-1.22993	0.137938	-0.05	0.0	0.542799	0.0623032	3.09168	0.000534283	0.045394	0.00151913	0.0246056	0.00161268	0.03	0.0	1.696	0.0	5.0	0.0	1.718	0.0	0.0373538	0.000823525	3.14286e-05	0.000250139	0.358063	0.0126043	0.0553303	0.0153335	-0.00751865	0.00510012	0.00184357	0.000571278	2.03235	0.165519	0.944228	0.0136195	1.0	5.30077	0.711184	0.0665589	0.274286	0.0356328	0.141455	4738.61	0.4419	0.0302412	2.0	0.0	0.140952	1.97057e-10	-14376.2	4.0	2.75394e-05	-59558.5	7.0	4.55416e-06	1.0	4363.22	75.073	1249.22	44.8782	0.22258	0.00732614	1034.78	16.103	
0.0-2.4	8.0-10.0	0.0-100.0	0.000-1.571	0.016	0.136	10529.0	10523.0	9006.29	103.034	1516.88	55.9096	-1.32231	0.110923	-0.05	0.0	0.417947	0.054413	3.09284	0.000394042	0.0447028	0.00158223	0.0253784	0.00103702	0.03	0.0	1.696	0.0	5.0	0.0	1.718	0.0	0.0347862	0.000713786	2.68589e-05	0.000536565	0.345638	0.00903247	0.0458566	0.0102235	-0.00269923	0.00431292	0.000468724	0.000418834	2.19475	0.149276	0.943539	0.010644	0.999999	0.0291406	0.845944	0.0327823	0.243795	0.0279919	0.143207	0.369621	0.441565	0.0201522	2.0	0.0	0.155928	0.0279948	-23393.3	4.0	2.21126e-06	-100782.0	7.0	2.73959e-05	1.0	6779.27	94.3483	2227.01	59.4619	0.247273	0.00596553	1034.57	12.972	
0.0-2.4	8.5-9.5	0.0-100.0	0.000-1.571	0.016	0.128	5262.0	5258.0	4510.7	72.4959	747.304	38.6285	-1.24608	0.156688	-0.05	0.0	0.401089	0.0730951	3.09344	0.000542599	0.0437613	0.00223609	0.0251302	0.00128156	0.03	0.0	1.696	0.0	5.0	0.0	1.718	0.0	0.0338575	0.000947093	3.19624e-05	0.000279237	0.358726	0.0131194	0.0499415	0.0140142	0.00162356	0.00570947	0.000790413	0.000582829	2.25507	0.199829	0.938534	0.0147348	0.999999	0.0471554	0.90611	0.0354144	0.254978	0.0361525	0.141227	0.793112	0.444515	0.0277591	2.0	0.0	0.152484	0.0485627	-11880.2	4.0	2.40875e-05	-46827.5	7.0	2.24795e-05	1.0	3400.6	66.4455	1110.1	41.7878	0.246104	0.00837733	1044.43	18.8299	
0.0-2.4	9.5-11.0	0.0-100.0	0.000-1.571	0.016	0.128	5387.0	5383.0	4570.72	72.7777	812.306	39.2194	-1.22652	0.148297	-0.05	0.0	0.514344	0.0669732	3.09314	0.000530943	0.0419474	0.00165053	0.0221322	0.00149061	0.03	0.0	1.696	0.0	5.0	0.0	1.718	0.0	0.0338071	0.000853813	2.86811e-05	0.000348843	0.355113	0.0119053	0.0230131	0.0104981	-0.00132242	0.00761127	-0.000532352	0.00054321	2.46485	0.337074	0.96129	0.0152274	0.931811	0.00252977	1.0	19.4406	0.220296	0.00319005	0.140979	1.76514e-07	0.409098	0.00274481	2.0	0.0	0.161861	73.8715	-11872.0	4.0	5.38502e-05	-48042.2	7.0	3.45136e-06	1.0	3281.67	65.0103	1289.05	43.7866	0.282023	0.00846214	1021.09	17.664	
0.4-0.8	6.5-30.0	0.0-100.0	0.000-1.571	0.008	0.073	5039.0	5027.0	4304.95	69.3205	722.019	34.9585	-1.28015	0.156483	-0.05	0.0	0.463807	0.0916256	3.09423	0.000423525	0.020233	0.00109364	0.0287505	0.00170657	0.03	0.0	1.696	0.0	5.0	0.0	1.718	0.0	0.0251611	0.000677626	2.82435e-05	0.000449249	0.351509	0.0110903	0.076506	0.0434519	-0.00258405	0.00354869	-0.000411249	0.000590358	1.67312	0.203336	0.989782	0.017791	0.942914	0.0285885	1.0	26.8629	0.227023	0.0215398	0.141072	4.08629e-08	0.439121	0.0205418	2.0	0.0	0.181881	112.868	-11833.1	4.0	2.15826e-06	-45613.5	7.0	8.75603e-05	1.0	2918.73	60.7939	1386.22	44.5564	0.322006	0.00895755	1057.77	23.6572	
0.8-1.2	6.5-30.0	0.0-100.0	0.000-1.571	0.008	0.145	6384.0	6382.0	5415.7	79.0712	966.381	42.4606	-1.20234	0.136227	-0.05	0.0	0.575868	0.0797555	3.09373	0.000499033	0.0353253	0.00119964	0.0277595	0.00175581	0.03	0.0	1.696	0.0	5.0	0.0	1.718	0.0	0.0323333	0.000575532	1.00235e-05	0.00459466	0.370032	0.0114509	0.021701	0.00683238	-0.000835981	0.00729644	0.000825086	0.000496349	2.63751	0.286474	0.996708	0.0142705	0.999355	0.809351	0.929553	0.0723831	0.315918	0.0364936	0.14089	4.40695e-05	0.417691	0.0250672	2.0	0.0	0.140959	0.0628793	-14359.3	4.0	1.4691e-06	-58180.1	7.0	9.83348e-06	1.0	3927.76	70.7892	1487.94	46.8447	0.274746	0.0076634	1059.64	13.9773	
1.2-1.6	6.5-30.0	0.0-100.0	0.000-1.571	0.008	0.152	7013.0	7009.0	6068.16	85.4269	941.015	46.5858	-0.923218	0.144316	-0.05	0.0	0.543628	0.0882559	3.08951	0.000578697	0.0342379	0.001378	0.0474994	0.00306904	0.03	0.0	1.696	0.0	5.0	0.0	1.718	0.0	0.0408279	0.00105148	1.10187e-05	0.00459421	0.366896	0.0110951	0.0606482	0.0149893	-0.000791752	0.00423923	0.00125561	0.000509896	1.99894	0.146804	0.955105	0.0134	0.935651	0.160212	0.948485	0.972721	0.33527	0.111381	0.140919	5.94655e-08	0.442379	0.0630968	2.0	0.0	0.140971	0.663944	-14741.4	4.0	1.8552e-06	-63705.7	7.0	2.70583e-05	1.0	4455.84	76.8674	1612.32	49.8888	0.265702	0.0073212	1048.44	15.0457	
1.6-2.0	6.5-30.0	0.0-100.0	0.000-1.571	0.008	0.145	6919.0	6914.0	5885.59	86.2536	1028.7	50.8112	-1.316	0.145139	-0.05	0.0	0.758742	0.0859025	3.08949	0.000668174	0.0421102	0.00133312	0.0643121	0.00682529	0.03	0.0	1.696	0.0	5.0	0.0	1.718	0.0	0.0484077	0.00157759	1.76494e-05	0.00459116	0.354556	0.0116531	0.0500984	0.0105086	0.0044738	0.00580856	0.000615559	0.000551002	2.34179	0.172122	0.92788	0.0130101	0.999991	0.653864	0.834813	0.0572338	0.335884	0.0440369	0.140963	5.29598e-05	0.424826	0.0255763	2.0	0.0	0.140978	0.0407881	-13511.7	4.0	5.93762e-07	-61891.8	7.0	2.41022e-05	1.0	4450.25	78.862	1435.34	49.0736	0.243873	0.0075331	1045.26	16.075	
1.6-2.4	3.0-30.0	0.0-100.0	0.000-1.571	0.008	0.24	24857.0	24831.0	20903.3	167.439	3927.7	105.131	-0.765009	0.0704589	-0.05	0.0	0.343806	0.0732616	3.08915	0.000386734	0.0638151	0.00289135	0.0427048	0.00126939	0.03	0.0	2.059	0.0	5.0	0.0	1.41	0.0	0.0509588	0.00107816	1.03367e-05	0.00459452	0.365061	0.00804183	0.0481881	0.00677161	0.00323962	0.00475838	9.8418e-05	0.000369702	2.28286	0.107071	0.94408	0.00667508	0.938297	3.77828	0.952614	25.41	0.464266	0.711648	0.140952	2.74142e-06	0.420806	0.980305	0.1	0.0	0.239858	19.6589	-45233.1	4.0	6.08968e-08	-252010.0	7.0	4.08664e-05	1.0	17221.1	159.994	3682.22	86.2517	0.176155	0.00387746	1048.56	9.40088	
1.6-2.4	3.0-4.5	0.0-100.0	0.000-1.571	0.032	0.24	6150.0	6137.0	5101.88	90.9099	1035.13	64.7892	-0.0726395	0.141943	-0.05	0.0	0.2677	0.140431	3.08866	0.000836437	0.0754997	0.0112909	0.0442152	0.00307409	0.03	0.0	2.04	0.0	5.0	0.0	1.31	0.0	0.0543836	0.00332942	2.69452e-05	0.00010696	0.403165	0.0239143	0.0920881	0.0334652	-0.00295161	0.0134999	-0.000456097	0.00105738	1.7428	0.171364	0.922577	0.0134735	1.0	0.0301552	0.532216	0.065127	0.419183	0.0393973	0.140893	2.98658e-07	0.471703	0.0441303	0.1	0.0	0.140922	6.9426e-09	-10299.2	4.0	3.57961e-07	-53284.8	7.0	1.45255e-05	1.0	4527.36	88.654	574.515	38.1607	0.112608	0.00720557	1025.9	22.9736	
1.6-2.4	3.0-5.5	0.0-100.0	0.000-1.571	0.032	0.24	11000.0	10979.0	9161.47	115.397	1817.51	77.2594	-0.344062	0.106117	-0.05	0.0	0.300544	0.107602	3.08818	0.000604813	0.0678771	0.00574188	0.0435859	0.0019949	0.03	0.0	2.04	0.0	5.0	0.0	1.31	0.0	0.052091	0.00188678	1.07449e-05	0.00459433	0.381262	0.0162913	0.094709	0.0252478	-0.0021005	0.00695988	-0.000482005	0.000735992	1.7053	0.119036	0.918883	0.010106	0.99019	0.00920765	0.642977	0.0505573	0.386428	0.0290274	0.52105	0.251776	0.435293	0.026272	0.1	0.0	0.140974	6.22981e-11	-19176.7	4.0	7.95338e-05	-102045.0	7.0	3.48839e-05	1.0	8060.35	113.181	1101.12	51.9086	0.12019	0.00545997	1019.71	16.4025	
1.6-2.4	3.0-6.5	0.0-100.0	0.000-1.571	0.024	0.24	15371.0	15347.0	12910.6	134.954	2436.53	87.9666	-0.476831	0.0913665	-0.05	0.0	0.336744	0.0895484	3.08881	0.000507766	0.0666106	0.00403907	0.0431966	0.00170314	0.03	0.0	2.04	0.0	5.0	0.0	1.31	0.0	0.0522659	0.00147711	1.26007e-05	0.00459348	0.388554	0.0133129	0.0545625	0.0111846	0.00463993	0.00732306	-9.13701e-05	0.000564129	2.11805	0.135133	0.938191	0.00827673	0.998205	0.995162	0.622328	0.0658175	0.375869	0.0254657	0.140965	0.807671	0.458641	0.0188672	0.9	0.0	0.140896	3.24604e-07	-27480.9	4.0	5.16781e-06	-148008.0	7.0	2.37809e-05	1.0	11267.7	131.88	1642.89	61.7639	0.127252	0.00459534	1037.76	12.7877	
1.6-2.4	4.5-5.5	0.0-100.0	0.000-1.571	0.032	0.24	4850.0	4842.0	4069.91	75.2045	771.761	48.5443	-0.737496	0.164239	-0.05	0.0	0.364719	0.17948	3.08756	0.000882327	0.0601214	0.00550194	0.042968	0.00290881	0.03	0.0	2.04	0.0	5.0	0.0	1.31	0.0	0.0499118	0.00214953	1.34774e-05	0.00459308	0.357681	0.0218357	0.0968683	0.0381653	-0.00131341	0.00820374	-0.000466895	0.00102357	1.67064	0.166896	0.913782	0.0152629	1.0	0.0451783	0.701574	0.0620901	0.318371	0.040956	0.1409	1.27058e-09	0.415973	0.0331576	0.1	0.0	0.140893	3.20827e-05	-8893.61	4.0	1.66573e-05	-41240.4	7.0	0.000114707	1.0	3542.01	73.6537	527.891	35.1613	0.129706	0.00830023	1012.16	23.5949	
1.6-2.4	5.5-6.5	0.0-100.0	0.000-1.571	0.024	0.16	4371.0	4364.0	3750.45	70.706	613.474	43.1383	-0.881077	0.182212	-0.05	0.0	0.418317	0.156518	3.09039	0.000936111	0.0644728	0.00536516	0.0423413	0.00326312	0.03	0.0	2.04	0.0	5.0	0.0	1.31	0.0	0.0527415	0.00235334	1.00139e-05	0.00459467	0.400974	0.0221008	0.163974	0.0525224	0.00159916	0.00563014	0.000713829	0.000977666	1.56105	0.126401	0.886872	0.0170163	0.879208	0.557196	0.919901	2.3854	0.452468	0.105873	0.140921	1.67422e-08	0.457214	0.177895	0.1	0.0	0.140891	1.36993e-08	-8318.78	4.0	6.61187e-07	-36769.5	7.0	2.69943e-05	1.0	3188.9	67.8061	561.553	33.0972	0.149729	0.00836121	1028.18	27.0075	
1.6-2.4	6.5-30.0	0.0-100.0	0.000-1.571	0.008	0.145	9486.0	9477.0	8005.89	101.078	1471.14	60.677	-1.20825	0.118181	-0.05	0.0	0.622648	0.0828758	3.09004	0.000612018	0.0528319	0.00148193	0.0391143	0.00259123	0.03	0.0	1.696	0.0	5.0	0.0	1.718	0.0	0.0481172	0.000842328	1.29716e-05	0.00459331	0.360067	0.0104097	0.0442027	0.00851553	0.00268898	0.00598713	0.000143979	0.000485449	2.47355	0.172851	0.925842	0.0112118	0.9769	0.724464	0.891334	0.803384	0.312857	0.0943816	0.14095	5.88822e-07	0.403775	0.0434598	2.0	0.0	0.140979	0.160323	-17968.4	4.0	1.33893e-05	-87443.7	7.0	6.66029e-06	1.0	6101.68	92.9324	1904.22	57.2701	0.237852	0.00649265	1043.91	14.8204	
2.0-2.4	6.5-30.0	0.0-100.0	0.000-1.571	0.016	0.145	2567.0	2561.0	2164.07	54.1104	396.924	34.0651	-1.05581	0.233959	-0.05	0.0	0.469529	0.170523	3.08958	0.00133715	0.0620879	0.00461271	0.0456863	0.0037218	0.03	0.0	1.696	0.0	5.0	0.0	1.718	0.0	0.0540112	0.00204779	1.23538e-05	0.00459359	0.376041	0.0221753	0.0274227	0.0121692	-0.01	0.0156609	-0.00148085	0.00104126	3.12971	0.59902	0.927694	0.0223981	0.999994	6.41105	0.897127	0.115231	0.27537	0.0327599	0.142025	10.8928	0.379161	0.0218066	2.0	0.0	0.14097	1.11761e-08	-4487.99	4.0	1.15249e-05	-20031.8	7.0	2.44843e-06	1.0	1674.05	50.2796	490.011	30.4311	0.226431	0.0128719	1051.49	36.8542	
