noWeight_TnPAtRD3_4DEff_RapPtEffMap2_Ratio
rap	pT	cent	dPhi	ctauErrMin	ctauErrMax	NoCutEntry	CutEntry	NSig	NSigErr	NBkg	NBkgErr	coefExp	coefExpErr	coefPol1	coefPol1Err	coeffGaus	coeffGausErr	meanSig1	meanSig1Err	sigmaSig1	sigmaSig1Err	sigmaSig2	sigmaSig2Err	sigmaSig3	sigmaSig3Err	alpha	alphaErr	enne	enneErr	enneW	enneWErr	sigWidth	sigWidthErr	Gmc	GmcErr	bTau	bTauErr	fracRes	fracResErr	meanResSigW	meanResSigWErr	meanResSigN	meanResSigNErr	sigmaResSigW	sigmaResSigWErr	sigmaResSigN	sigmaResSigNErr	fpm	fpmErr	fLiving	fLivingErr	fbkgCtTot	fbkgCtTotErr	lambdam	lambdamErr	lambdap	lambdapErr	lambdasym	lambdasymErr	NLL	nFitPar	EDM	NLLMass	nFitParMass	EDMMass	Prob	PROMPT	PROMPTErr	NON-PROMPT	NON-PROMPTErr	Bfraction	BfractionErr	Resolution	ResolutionErr	
0.0-0.4	6.5-30.0	0.0-100.0	0.000-1.571	0.008	0.064	2387.0	2385.0	1679.47	45.2393	705.6	32.7512	-0.300258	0.151073	-0.05	0.0	0.304482	0.114528	3.09412	0.000570551	0.0216419	0.00253172	0.017518	0.00119545	0.03	0.0	1.492	0.0	5.0	0.0	1.733	0.0	0.0188693	0.000635951	3.59557e-05	0.000193278	0.198583	0.0105947	0.709974	0.264125	-0.00206547	0.00229629	0.00114896	0.00170921	1.32298	0.0992276	0.63214	0.0446937	0.696523	0.0448196	0.99485	0.0085708	0.391266	0.0464717	0.0705764	8.04155e-09	0.165772	0.0169108	1.00548	1.0936	-5469.33	4.0	3.77916e-06	-19053.5	7.0	4.07246e-05	1.0	1154.8	41.1205	524.673	30.3813	0.312403	0.0160134	1165.56	86.405	
0.0-1.2	6.5-30.0	0.0-10.0	0.000-1.571	0.008	0.088	3019.0	3018.0	1773.84	48.8955	1243.97	43.1365	-0.114141	0.111	-0.05	0.0	0.574527	0.0	3.09295	0.0	0.0208582	0.0	0.036861	0.00254166	0.03	0.0	1.492	0.0	5.0	0.0	1.733	0.0	0.028776	0.000692621	1.12992e-05	0.000388937	0.171829	0.00923799	0.282557	0.0	0.00228371	0.0	-0.000710074	0.00100848	1.58042	0.0	0.883304	0.0301806	0.88481	0.861764	0.538689	0.417902	0.451334	0.251737	0.11753	0.0693519	0.162884	0.0344866	0.07058	0.125328	-5722.62	4.0	0.000107149	-23573.5	4.0	2.83491e-05	1.0	1191.5	45.5287	582.332	35.3812	0.32829	0.0177752	1124.95	8.50082	
0.0-1.2	6.5-30.0	0.0-100.0	0.000-1.571	0.008	0.105	8803.0	8801.0	5853.53	88.3771	2947.3	70.0211	-0.132061	0.0758139	-0.05	0.0	0.574527	0.0751679	3.09295	0.000408352	0.0208582	0.00086806	0.036069	0.00302034	0.03	0.0	1.492	0.0	5.0	0.0	1.733	0.0	0.0283458	0.00101572	1.16782e-05	0.000130175	0.19476	0.00597029	0.282557	0.19576	0.00228371	0.00264771	-0.00109523	0.000515647	1.58042	0.170805	0.839622	0.0154215	0.695525	0.0293789	0.984933	0.00966846	0.451578	0.028352	0.0705652	2.82281e-09	0.151974	0.00854102	0.539821	0.227602	-18489.8	4.0	7.94339e-05	-79626.0	7.0	0.000105694	1.0	4157.43	81.0773	1696.1	57.3526	0.289757	0.00876705	1100.69	87.0187	
0.0-1.2	6.5-30.0	10.0-20.0	0.000-1.571	0.008	0.088	2134.0	2133.0	1365.48	41.1387	767.5	33.0824	-0.152912	0.141558	-0.05	0.0	0.574527	0.0	3.09295	0.0	0.0208582	0.0	0.0349886	0.00227123	0.03	0.0	1.492	0.0	5.0	0.0	1.733	0.0	0.0277637	0.000608909	1.12992e-05	0.000388937	0.2179	0.0134274	0.282557	0.0	0.00228371	0.0	-0.00263835	0.00108634	1.58042	0.0	0.855707	0.0333084	0.711736	0.0769781	0.957647	0.0331468	0.483098	0.0503096	0.0704514	3.90821e-12	0.152275	0.0195557	0.425623	0.216568	-4241.04	4.0	3.18349e-05	-16174.8	4.0	1.87175e-06	1.0	952.101	37.7251	413.381	27.4861	0.302736	0.0179443	1109.54	9.21494	
0.0-1.2	6.5-30.0	20.0-30.0	0.000-1.571	0.008	0.105	1542.0	1541.0	1054.47	36.0091	486.318	26.9902	0.167662	0.178561	-0.05	0.0	0.574527	0.0	3.09295	0.0	0.0208582	0.0	0.0350874	0.00284897	0.03	0.0	1.492	0.0	5.0	0.0	1.733	0.0	0.0278167	0.000764498	1.16782e-05	0.000130175	0.20851	0.0152842	0.282557	0.0	0.00228371	0.0	0.000550203	0.00115152	1.58042	0.0	0.81371	0.034324	0.620936	0.0278408	0.999965	1.21661	0.430086	0.0267744	0.0705437	4.68225e-09	0.164513	0.00985373	0.102007	5.78757	-3350.94	4.0	9.4182e-07	-11329.3	4.0	6.43359e-05	1.0	767.713	33.356	286.759	22.83	0.271946	0.0195579	1086.64	9.22017	
0.0-1.2	6.5-30.0	30.0-40.0	0.000-1.571	0.008	0.064	953.0	952.0	700.784	28.9329	250.98	19.6827	-0.683405	0.253349	-0.05	0.0	0.574527	0.0	3.09295	0.0	0.0208582	0.0	0.038657	0.00352318	0.03	0.0	1.492	0.0	5.0	0.0	1.733	0.0	0.0297619	0.00097352	1.32366e-05	0.000329048	0.173895	0.0158371	0.282557	0.0	0.00228371	0.0	-0.00176216	0.00150984	1.58042	0.0	0.838427	0.0411914	0.670186	0.121475	0.999988	0.74665	0.443151	0.101292	0.0706119	0.0253304	0.162015	0.0270564	0.0715005	1.78655e-05	-2238.27	4.0	7.40111e-06	-6636.21	4.0	0.000108275	1.0	512.079	27.3646	188.705	19.0404	0.269277	0.0247914	1100.04	11.2622	
0.0-1.2	6.5-30.0	40.0-50.0	0.000-1.571	0.016	0.048	581.0	572.0	458.181	23.2012	113.825	13.9257	-0.441172	0.375962	-0.05	0.0	0.574527	0.0	3.09295	0.0	0.0208582	0.0	0.0407223	0.00477785	0.03	0.0	1.492	0.0	5.0	0.0	1.733	0.0	0.0309115	0.00133902	1.43354e-05	8.22848e-05	0.213947	0.0238369	0.282557	0.0	0.00228371	0.0	3.09835e-05	0.00178138	1.58042	0.0	0.789931	0.0505634	0.999996	0.777606	0.509674	0.152559	0.236944	0.155203	0.0704441	2.27081e-06	0.296045	0.0709901	0.070562	0.0435506	-1399.05	4.0	2.34583	-3782.35	4.0	7.21526e-07	1.0	342.542	21.4753	115.639	13.9503	0.252386	0.0276351	1073.98	13.341	
0.0-1.2	6.5-30.0	50.0-100.0	0.000-1.571	0.008	0.056	574.0	573.0	499.475	23.5079	73.5124	11.2552	0.0917849	0.469414	-0.05	0.0	0.574527	0.0	3.09295	0.0	0.0208582	0.0	0.034387	0.00324378	0.03	0.0	1.492	0.0	5.0	0.0	1.733	0.0	0.027442	0.000864714	1.34486e-05	0.000306561	0.199357	0.0221981	0.282557	0.0	0.00228371	0.0	-0.000169783	2.49334e-09	1.58042	0.0	0.741802	0.0460271	0.9999	0.0647878	0.999999	0.0270227	0.372706	0.115776	0.0704443	2.26663e-08	0.184839	0.0407033	0.0704587	2.22414e-12	-1650.18	4.0	0.127782	-3937.11	4.0	9.9013e-06	1.0	381.428	22.2066	118.047	14.203	0.236342	0.0261699	1049.07	11.675	
0.0-2.4	10.0-13.0	0.0-100.0	0.000-1.571	0.008	0.136	3638.0	3637.0	2691.91	58.3325	945.091	40.6917	-0.481257	0.135029	-0.05	0.0	0.359443	0.089748	3.09255	0.000738468	0.0208608	0.00220829	0.0402013	0.00273114	0.03	0.0	1.492	0.0	5.0	0.0	1.733	0.0	0.0345203	0.00129786	1.25623e-05	9.06713e-05	0.191137	0.00849979	0.0553454	0.0788853	0.000212513	0.0144851	-0.000736559	0.000692365	2.09412	0.553674	0.927599	0.0205041	0.761885	0.0506822	0.996193	0.504985	0.347658	0.0515692	0.070574	1.48533e-07	0.163119	0.0135563	0.0714537	2.53297	-7810.48	4.0	9.62046e-06	-29798.6	7.0	7.72676e-06	1.0	1892.65	54.4442	799.26	39.7754	0.296912	0.0133016	1027.39	75.033	
0.0-2.4	10.0-30.0	0.0-100.0	0.000-1.571	0.004	0.144	5840.0	5839.0	4393.81	74.4289	1445.1	50.9014	-0.489298	0.110267	-0.05	0.0	0.41779	0.074234	3.09305	0.000574298	0.0218051	0.00161207	0.0417835	0.00257805	0.03	0.0	1.492	0.0	5.0	0.0	1.733	0.0	0.0348583	0.00114502	1.0177e-05	0.00195203	0.180868	0.00608875	0.0477214	0.0592155	-0.000892962	0.00748279	-0.000803799	0.000517706	2.03646	0.461587	0.943625	0.0166551	0.81537	0.127085	0.975788	0.65596	0.379983	0.104149	0.0712406	0.0211315	0.174819	0.0257393	0.0715377	3.88251	-12859.4	4.0	1.19956e-05	-50806.6	7.0	7.82858e-06	1.0	2970.53	68.9287	1423.28	52.9189	0.323928	0.0107214	1022.67	52.5082	
0.0-2.4	11.0-13.0	0.0-100.0	0.000-1.571	0.008	0.105	1942.0	1941.0	1467.31	42.7071	473.72	28.8157	-0.597331	0.19527	-0.05	0.0	0.423874	0.136608	3.09311	0.00102822	0.0216908	0.00281276	0.0434044	0.00575012	0.03	0.0	1.492	0.0	5.0	0.0	1.733	0.0	0.0358443	0.00244271	4.93653e-05	0.000238442	0.205828	0.0118878	0.0328637	0.0389686	-0.000371389	0.0145275	0.000762577	0.00093757	2.53131	0.734887	0.967478	0.0289893	0.739499	0.0920056	0.999989	0.116309	0.338755	0.0900754	0.0705794	0.0207508	0.170933	0.0170998	0.0724295	2.8368	-4157.94	4.0	9.9924e-07	-14745.3	7.0	1.38756e-06	1.0	1008.77	39.3106	458.541	29.3492	0.312504	0.0178144	1056.33	59.5703	
0.0-2.4	13.0-16.0	0.0-100.0	0.000-1.571	0.008	0.08	1308.0	1305.0	1029.35	35.9143	275.74	23.1573	-0.342988	0.254145	-0.05	0.0	0.602769	0.116927	3.0933	0.00117428	0.0247326	0.00267923	0.0534262	0.0077347	0.03	0.0	1.492	0.0	5.0	0.0	1.733	0.0	0.0387628	0.00275844	1.00002e-05	0.000966722	0.189989	0.0137468	0.0326157	0.0670782	-0.00999634	0.0183094	0.00112881	0.00110867	1.86063	0.773549	1.00676	0.0361287	0.961234	6.1518	0.712899	7.07729	0.169817	0.215031	0.070534	1.20078e-06	0.161718	0.232382	0.0706212	1.34439e-07	-3020.38	4.0	1.05413e-05	-9500.12	7.0	5.86784e-05	1.0	723.288	33.7074	306.063	24.7666	0.297336	0.021709	1045.67	48.2564	
0.0-2.4	13.0-30.0	0.0-100.0	0.000-1.571	0.008	0.105	2202.0	2202.0	1703.72	46.0799	498.333	30.2962	-0.513364	0.18803	-0.05	0.0	0.51724	0.104259	3.09382	0.000895364	0.0230791	0.00210368	0.045512	0.00479375	0.03	0.0	1.492	0.0	5.0	0.0	1.733	0.0	0.0357137	0.00188655	2.10356e-05	0.0045896	0.166893	0.00862301	0.0347602	0.122355	-0.00537756	0.015369	-0.000960497	0.000785493	1.80759	0.989032	0.96189	0.0280083	0.906041	1.30465	0.917485	4.03423	0.407196	0.287116	0.0706211	3.0364e-07	0.194967	0.145286	0.0708758	6.8137e-07	-5064.59	4.0	3.73194e-05	-17144.0	7.0	9.12297e-06	1.0	1077.59	42.1906	626.133	34.8911	0.367509	0.0179054	1003.32	78.9042	
0.0-2.4	16.0-30.0	0.0-100.0	0.000-1.571	0.008	0.064	894.0	893.0	677.505	28.8915	215.464	19.3075	-0.707064	0.28619	-0.05	0.0	0.227015	0.22562	3.09495	0.00152175	0.0192891	0.0057306	0.0331338	0.00510445	0.03	0.0	1.492	0.0	5.0	0.0	1.733	0.0	0.0305465	0.00255815	5.46616e-05	1.05755	0.157213	0.0116653	0.461092	0.573416	0.00155876	0.00498774	-0.00412642	0.00143669	1.33655	0.440517	0.732363	0.0509761	0.999851	8.63687	0.938325	0.426325	0.538425	0.0604644	0.0710153	6.33328e-06	0.231617	0.040562	0.0705411	1.40455e-07	-2059.06	4.0	4.84914e-06	-6130.6	7.0	0.000141507	1.0	394.967	24.7501	282.538	21.7727	0.417027	0.0267675	1054.86	213.324	
0.0-2.4	6.5-30.0	0.0-10.0	0.000-1.571	0.008	0.184	7245.0	7245.0	3581.82	69.8882	3663.05	70.4665	-0.111752	0.0645684	-0.05	0.0	0.412186	0.0	3.09295	0.0	0.047039	0.0	0.0239536	0.000848509	0.03	0.0	1.492	0.0	5.0	0.0	1.733	0.0	0.0353455	0.000169006	3.80561e-05	6.9663e-05	0.187253	0.00791676	0.19482	0.0	0.00388614	0.0	0.00065685	0.000688552	1.71004	0.0	0.968168	0.0188843	0.999569	0.112043	0.376345	0.0660437	0.522041	0.0436421	0.0706423	9.93688e-06	0.18719	0.0155773	0.0844971	0.00872289	-11293.0	4.0	4.44807e-05	-61039.7	4.0	3.60123e-06	1.0	2565.76	67.2473	1016.06	49.081	0.283672	0.0125352	1150.84	6.39587	
0.0-2.4	6.5-30.0	0.0-100.0	0.000-1.571	0.004	0.128	20709.0	20665.0	12123.9	137.33	8540.95	123.516	-0.198662	0.0436386	-0.05	0.0	0.412186	0.0392474	3.09295	0.000375904	0.047039	0.00177788	0.0244485	0.000750956	0.03	0.0	1.492	0.0	5.0	0.0	1.733	0.0	0.0355441	0.000675956	3.69757e-05	6.79802e-05	0.192171	0.00443177	0.19482	0.0809237	0.00388614	0.00250476	-0.000203676	0.000364334	1.71004	0.123875	0.899775	0.00990847	0.975711	0.0258742	0.437895	0.039941	0.462863	0.0417597	0.243479	0.116875	0.187151	0.00838889	0.0704501	0.00882009	-36517.6	4.0	2.45457e-05	-198845.0	7.0	0.000106823	1.0	8856.04	127.265	3267.86	86.6228	0.269538	0.00645961	1105.25	43.0973	
0.0-2.4	6.5-30.0	0.0-5.0	0.000-1.571	0.008	0.184	3929.0	3929.0	1916.32	51.3875	2012.61	52.3158	-0.0516129	0.0870038	-0.05	0.0	0.412186	0.0	3.09295	0.0	0.047039	0.0	0.0229995	0.00118184	0.03	0.0	1.492	0.0	5.0	0.0	1.733	0.0	0.034971	0.000228443	3.80561e-05	6.9663e-05	0.188533	0.0113437	0.19482	0.0	0.00388614	0.0	0.00237257	0.000952701	1.71004	0.0	1.01426	0.0262939	0.724974	0.0340331	1.0	0.00140551	0.611273	0.0255351	0.0910686	0.0112714	0.151648	0.0100294	4.32839	2.61225	-6081.16	4.0	5.52971e-07	-30673.4	4.0	1.42786e-06	1.0	1402.3	49.7902	514.019	35.4262	0.268232	0.0170298	1182.37	9.08056	
0.0-2.4	6.5-30.0	10.0-15.0	0.000-1.571	0.008	0.152	2827.0	2826.0	1503.8	44.8101	1322.06	42.7338	-0.176781	0.107717	-0.05	0.0	0.412186	0.0	3.09295	0.0	0.047039	0.0	0.0245012	0.00130572	0.03	0.0	1.492	0.0	5.0	0.0	1.733	0.0	0.0355654	0.000264375	1.79985e-05	0.004591	0.197462	0.012315	0.19482	0.0	0.00388614	0.0	0.000983292	0.00103139	1.71004	0.0	0.924665	0.027534	0.66122	0.117931	0.958758	0.077362	0.531209	0.0863657	0.07049	4.21952e-09	0.136389	0.0159142	0.216518	0.21551	-4641.88	4.0	5.63462e-05	-21298.4	4.0	8.65836e-06	1.0	1072.02	42.6335	431.78	31.0281	0.287127	0.0187757	1121.67	9.13806	
0.0-2.4	6.5-30.0	10.0-20.0	0.000-1.571	0.008	0.16	5132.0	5131.0	2842.16	60.9819	2288.57	56.2601	-0.197337	0.0819885	-0.05	0.0	0.412186	0.0	3.09295	0.0	0.047039	0.0	0.0249544	0.000964526	0.03	0.0	1.492	0.0	5.0	0.0	1.733	0.0	0.0357502	0.000197876	1.00282e-05	0.000232918	0.199075	0.00915354	0.19482	0.0	0.00388614	0.0	-0.000712617	0.000777866	1.71004	0.0	0.938371	0.020808	0.710622	0.0536766	0.930221	0.0427351	0.522798	0.0432476	0.0706781	1.97977e-09	0.136247	0.0116064	0.280776	0.0893976	-8540.6	4.0	2.77937e-05	-41911.4	4.0	1.50027e-05	1.0	2037.83	58.4154	804.332	42.4075	0.283	0.0136295	1130.79	6.9516	
0.0-2.4	6.5-30.0	15.0-20.0	0.000-1.571	0.008	0.16	2305.0	2305.0	1337.01	41.3256	968.088	36.5916	-0.224358	0.126203	-0.05	0.0	0.412186	0.0	3.09295	0.0	0.047039	0.0	0.0254472	0.00143282	0.03	0.0	1.492	0.0	5.0	0.0	1.733	0.0	0.0359538	0.000298055	1.00282e-05	0.000232918	0.201875	0.0135998	0.19482	0.0	0.00388614	0.0	-0.00274461	0.00117452	1.71004	0.0	0.951091	0.0315441	0.77831	0.0732787	0.897585	0.0659345	0.514307	0.0586805	0.0706857	1.01264e-08	0.137017	0.0170955	0.307147	0.11126	-3906.68	4.0	2.33441e-07	-17086.5	4.0	6.49446e-06	1.0	964.493	39.8369	372.512	28.824	0.278617	0.0197639	1139.32	10.6013	
0.0-2.4	6.5-30.0	20.0-25.0	0.000-1.571	0.008	0.145	1975.0	1975.0	1201.69	38.6794	773.231	32.6758	-0.275143	0.141573	-0.05	0.0	0.412186	0.0	3.09295	0.0	0.047039	0.0	0.0233231	0.00133776	0.03	0.0	1.492	0.0	5.0	0.0	1.733	0.0	0.0350967	0.00026128	3.69686e-05	0.0287936	0.201402	0.0150747	0.19482	0.0	0.00388614	0.0	0.00104845	0.00107137	1.71004	0.0	0.86139	0.0285261	0.611618	0.0730978	0.991484	0.0144653	0.487237	0.0711764	0.0704649	4.96193e-09	0.14517	0.0188448	0.504609	0.538941	-3737.45	4.0	3.02787e-07	-14464.9	4.0	8.27796e-06	1.0	912.061	36.9759	289.634	24.3373	0.241021	0.0187077	1080.34	9.15683	
0.0-2.4	6.5-30.0	20.0-30.0	0.000-1.571	0.008	0.152	3598.0	3598.0	2228.23	52.4901	1369.58	43.5516	-0.182274	0.106302	-0.05	0.0	0.412186	0.0	3.09295	0.0	0.047039	0.0	0.0232365	0.000963543	0.03	0.0	1.492	0.0	5.0	0.0	1.733	0.0	0.035063	0.000187674	1.79985e-05	0.004591	0.210745	0.0111377	0.19482	0.0	0.00388614	0.0	0.00354501	3.12649e-08	1.71004	0.0	0.882895	0.0216199	0.64565	0.142663	0.996023	0.00875131	0.507249	0.125012	0.0704391	0.0295083	0.146825	0.0131412	0.477503	0.57821	-6789.52	4.0	0.000202947	-28584.2	4.0	1.97666e-05	1.0	1679.92	49.1737	548.315	31.919	0.246076	0.0130995	1094.23	7.02292	
0.0-2.4	6.5-30.0	25.0-30.0	0.000-1.571	0.008	0.136	1623.0	1621.0	1024.74	35.4568	596.136	28.7866	-0.0616295	0.160936	-0.05	0.0	0.412186	0.0	3.09295	0.0	0.047039	0.0	0.0231515	0.00138264	0.03	0.0	1.492	0.0	5.0	0.0	1.733	0.0	0.0350299	0.000268572	3.37928e-05	7.02542e-05	0.209295	0.0156742	0.19482	0.0	0.00388614	0.0	0.000573084	0.00121821	1.71004	0.0	0.887872	0.0330711	0.707227	0.194245	0.999957	7.27105	0.549167	0.159097	0.0704626	6.70848e-08	0.150118	0.0428746	0.0708486	23.5351	-3055.72	4.0	9.9136e-06	-11626.1	4.0	1.42413e-05	1.0	739.65	33.7594	285.086	24.1251	0.278205	0.0214848	1097.47	10.7714	
0.0-2.4	6.5-30.0	30.0-35.0	0.000-1.571	0.008	0.128	1267.0	1266.0	803.531	31.6075	462.398	25.6494	-0.380254	0.183776	-0.05	0.0	0.412186	0.0	3.09295	0.0	0.047039	0.0	0.024176	0.00169637	0.03	0.0	1.492	0.0	5.0	0.0	1.733	0.0	0.0354344	0.000340166	3.69757e-05	6.79802e-05	0.177114	0.0172918	0.19482	0.0	0.00388614	0.0	0.00053436	0.00142071	1.71004	0.0	0.915086	0.0370489	0.723909	0.860049	0.819611	0.525262	0.570947	0.15463	0.0705099	0.13713	0.209918	0.0817609	0.0704547	0.21006	-2443.11	4.0	8.83183e-06	-8753.41	4.0	1.25386e-05	1.0	607.403	30.8488	196.128	20.9835	0.244083	0.024285	1115.32	12.2377	
0.0-2.4	6.5-30.0	30.0-40.0	0.000-1.571	0.008	0.128	2186.0	2185.0	1466.1	42.099	718.777	32.0162	-0.408268	0.147953	-0.05	0.0	0.412186	0.0	3.09295	0.0	0.047039	0.0	0.0250045	0.0012284	0.03	0.0	1.492	0.0	5.0	0.0	1.733	0.0	0.0357708	0.000252371	3.69757e-05	6.79802e-05	0.167761	0.0116286	0.19482	0.0	0.00388614	0.0	0.000544773	0.00103554	1.71004	0.0	0.858013	0.0268958	0.785908	0.892332	0.677388	0.795313	0.485821	0.0725611	0.071562	0.090189	0.203211	0.0704849	0.0704544	3.07543e-08	-4395.46	4.0	2.54141e-05	-16449.1	4.0	8.91785e-06	1.0	1079.84	41.5321	386.262	29.7736	0.263462	0.0188463	1078.18	8.61691	
0.0-2.4	6.5-30.0	35.0-40.0	0.000-1.571	0.008	0.12	919.0	919.0	660.273	27.7478	258.692	19.1933	-0.455277	0.247475	-0.05	0.0	0.412186	0.0	3.09295	0.0	0.047039	0.0	0.0257176	0.00174581	0.03	0.0	1.492	0.0	5.0	0.0	1.733	0.0	0.0360667	0.000365873	3.63218e-05	5.72307e-05	0.158094	0.0152916	0.19482	0.0	0.00388614	0.0	0.000814083	0.00149415	1.71004	0.0	0.795876	0.0393739	0.999966	0.89462	0.444944	0.124996	0.389359	0.0888665	0.0816081	1.26532e-05	0.206241	0.042632	0.0711492	0.0182723	-1957.27	4.0	2.76294e-06	-6214.1	4.0	2.2501e-06	1.0	469.161	27.5698	191.112	20.8773	0.289444	0.0291859	1039.09	12.1412	
0.0-2.4	6.5-30.0	40.0-45.0	0.000-1.571	0.008	0.12	740.0	739.0	543.63	25.0958	195.338	16.7818	-0.54309	0.286248	-0.05	0.0	0.412186	0.0	3.09295	0.0	0.047039	0.0	0.0228413	0.00178609	0.03	0.0	1.492	0.0	5.0	0.0	1.733	0.0	0.03491	0.000343467	3.63218e-05	5.72307e-05	0.196321	0.0225014	0.19482	0.0	0.00388614	0.0	-0.00328929	0.00167264	1.71004	0.0	0.879745	0.0453943	0.973628	1.58639	0.879798	0.503128	0.503114	0.73065	0.0704782	2.30148	0.248944	0.0463795	0.0708339	2.34003e-07	-1600.95	4.0	5.25176e-08	-4882.01	4.0	6.02384e-05	1.0	418.563	24.3799	125.067	15.9488	0.230059	0.0273478	1092.19	14.7206	
0.0-2.4	6.5-30.0	40.0-50.0	0.000-1.571	0.008	0.136	1308.0	1306.0	969.524	33.4766	336.454	22.0827	-0.94179	0.22279	-0.05	0.0	0.412186	0.0	3.09295	0.0	0.047039	0.0	0.0243997	0.00142717	0.03	0.0	1.492	0.0	5.0	0.0	1.733	0.0	0.0355244	0.000288101	3.37928e-05	7.02542e-05	0.201799	0.0161755	0.19482	0.0	0.00388614	0.0	-0.00341841	0.0012343	1.71004	0.0	0.834457	0.0347966	0.999522	0.691343	0.796183	0.857316	0.439916	0.723465	0.070454	2.25093e-08	0.232968	0.0509766	0.0705307	0.456868	-2756.11	4.0	3.39547e-05	-9363.93	4.0	4.9831e-07	1.0	719.547	32.1846	249.977	22.2052	0.257835	0.0211021	1063.18	10.995	
0.0-2.4	6.5-30.0	45.0-50.0	0.000-1.571	0.008	0.136	568.0	567.0	426.879	22.1727	140.167	14.3139	-1.52296	0.360066	-0.05	0.0	0.412186	0.0	3.09295	0.0	0.047039	0.0	0.0266958	0.00248333	0.03	0.0	1.492	0.0	5.0	0.0	1.733	0.0	0.0364821	0.000534081	3.37928e-05	7.02542e-05	0.207026	0.0229875	0.19482	0.0	0.00388614	0.0	-0.00364939	0.00179169	1.71004	0.0	0.773517	0.0521907	0.923161	0.617051	0.962292	4.87755	0.410589	0.267235	0.0707381	8.63385e-08	0.202893	0.0764805	0.0708306	6.25009e-06	-1160.24	4.0	1.67723e-07	-3591.14	4.0	9.82455e-06	1.0	300.459	21.0226	126.42	15.5406	0.29615	0.0329958	1025.41	15.85	
0.0-2.4	6.5-30.0	5.0-10.0	0.000-1.571	0.008	0.112	3316.0	3301.0	1664.54	47.3457	1636.4	47.0474	-0.165809	0.0967096	-0.05	0.0	0.412186	0.0	3.09295	0.0	0.047039	0.0	0.0249052	0.00121256	0.03	0.0	1.492	0.0	5.0	0.0	1.733	0.0	0.03573	0.000248411	3.69703e-05	0.0265992	0.189411	0.0112401	0.19482	0.0	0.00388614	0.0	0.000156859	0.00100006	1.71004	0.0	0.952389	0.0274673	0.603688	0.0637056	0.977462	0.0359964	0.503489	0.0608935	0.0754271	0.0153705	0.150486	0.0188123	0.339016	0.236675	-5206.04	4.0	7.92313e-05	-25253.4	4.0	1.60937e-06	1.0	1173.06	45.0291	491.476	33.3126	0.295262	0.0181657	1140.19	9.23668	
0.0-2.4	6.5-30.0	50.0-100.0	0.000-1.571	0.008	0.088	1240.0	1231.0	1027.68	33.9023	203.391	18.0334	-0.194698	0.283808	-0.05	0.0	0.412186	0.0	3.09295	0.0	0.047039	0.0	0.0257955	0.00149507	0.03	0.0	1.492	0.0	5.0	0.0	1.733	0.0	0.0360994	0.00031399	3.69533e-05	0.0259228	0.188751	0.0158833	0.19482	0.0	0.00388614	0.0	0.00118269	0.00119065	1.71004	0.0	0.850026	0.0332263	0.999999	0.231184	0.999994	0.368084	0.451975	0.193617	0.0708495	1.13101e-05	0.199423	0.0543632	0.0706511	2.77495e-07	-3011.53	4.0	3.19354e-06	-9007.68	4.0	6.67627e-05	1.0	792.456	33.3098	235.222	22.0527	0.228887	0.0200865	1073.07	10.5962	
0.0-2.4	6.5-30.0	50.0-55.0	0.000-1.571	0.008	0.08	441.0	436.0	356.855	20.1047	79.2066	11.2507	-0.241723	0.450524	-0.05	0.0	0.412186	0.0	3.09295	0.0	0.047039	0.0	0.0270552	0.00267503	0.03	0.0	1.492	0.0	5.0	0.0	1.733	0.0	0.0366374	0.000580583	1.00002e-05	2.73951e-05	0.160296	0.0243318	0.19482	0.0	0.00388614	0.0	-0.000386154	0.00238835	1.71004	0.0	0.972379	0.07081	1.0	0.0236915	1.0	0.0392701	0.5274	0.103485	1.12966	0.267364	0.193444	0.0451978	0.651145	1.39409	-1044.34	4.0	7.90752e-06	-2712.42	4.0	4.18642e-05	1.0	275.239	20.7034	81.6161	14.4679	0.22871	0.0384409	1153.7	24.0271	
0.0-2.4	6.5-30.0	50.0-60.0	0.000-1.571	0.008	0.08	715.0	708.0	591.948	25.7817	116.099	13.7437	-0.219196	0.375318	-0.05	0.0	0.412186	0.0	3.09295	0.0	0.047039	0.0	0.0273	0.00204225	0.03	0.0	1.492	0.0	5.0	0.0	1.733	0.0	0.036744	0.000445958	1.00002e-05	2.73951e-05	0.164555	0.0186039	0.19482	0.0	0.00388614	0.0	0.0013639	0.00171632	1.71004	0.0	0.904693	0.0483548	0.999996	0.381572	0.999989	0.560674	0.535995	0.183663	0.0705718	1.84059e-07	0.227674	0.0964698	0.0705718	5.86295e-06	-1713.54	4.0	1.99313e-06	-4776.33	4.0	1.60772e-05	1.0	451.442	25.8824	140.506	17.9095	0.237362	0.0284342	1108.47	15.8883	
0.0-2.4	6.5-30.0	55.0-60.0	0.000-1.571	0.008	0.073	274.0	271.0	234.378	16.0922	36.636	7.82368	-0.185332	0.665993	-0.05	0.0	0.412186	0.0	3.09295	0.0	0.047039	0.0	0.0274085	0.00308963	0.03	0.0	1.492	0.0	5.0	0.0	1.733	0.0	0.0367914	0.000676478	3.34445e-05	6.9324e-05	0.172277	0.0290613	0.19482	0.0	0.00388614	0.0	0.00372792	0.00238706	1.71004	0.0	0.813001	0.0659211	0.999999	9.17499	0.999999	0.679844	0.526813	0.109996	0.0708363	7.97559	0.297637	0.0767334	0.0706064	8.62355e-06	-671.517	4.0	1.2135e-06	-1588.0	4.0	2.53364e-05	1.0	175.979	15.6285	58.3993	10.693	0.249167	0.0422937	1049.71	20.5545	
0.0-2.4	6.5-30.0	60.0-100.0	0.000-1.571	0.008	0.088	525.0	521.0	433.27	21.95	87.6928	11.673	-0.171671	0.428062	-0.05	0.0	0.412186	0.0	3.09295	0.0	0.047039	0.0	0.0230657	0.00207026	0.03	0.0	1.492	0.0	5.0	0.0	1.733	0.0	0.0349966	0.000401029	3.69533e-05	0.0259228	0.222189	0.0282035	0.19482	0.0	0.00388614	0.0	0.000847764	0.0016279	1.71004	0.0	0.778473	0.0444256	0.890736	0.0905031	0.999979	0.795327	0.232736	0.166532	0.0736173	0.052888	0.17241	0.0358747	0.0852964	3.94204	-1297.93	4.0	1.30897e-06	-3378.63	4.0	4.10465e-06	1.0	337.967	21.17	95.3025	13.3538	0.219961	0.0287359	1028.42	13.5384	
0.0-2.4	6.5-30.0	60.0-70.0	0.000-1.571	0.008	0.088	345.0	342.0	288.913	17.8301	53.0915	9.06081	-0.240763	0.548317	-0.05	0.0	0.412186	0.0	3.09295	0.0	0.047039	0.0	0.0216974	0.00247305	0.03	0.0	1.492	0.0	5.0	0.0	1.733	0.0	0.0344784	0.000457408	3.69533e-05	0.0259228	0.242413	0.036394	0.19482	0.0	0.00388614	0.0	0.00228303	2.92222e-07	1.71004	0.0	0.767249	0.0526705	1.0	0.054097	0.999562	0.105116	0.410494	0.194478	0.0704409	1.50542e-05	0.185887	0.0571051	0.0704499	1.51783e-07	-872.775	4.0	0.184853	-2090.95	4.0	8.19921e-07	1.0	224.651	16.8571	64.2621	10.3766	0.222427	0.0331893	1021.61	15.9251	
0.0-2.4	6.5-30.0	70.0-100.0	0.000-1.571	0.016	0.073	180.0	178.0	143.271	12.7574	34.7152	7.36307	-0.0786357	0.667468	-0.05	0.0	0.412186	0.0	3.09295	0.0	0.047039	0.0	0.0252398	0.00408511	0.03	0.0	1.492	0.0	5.0	0.0	1.733	0.0	0.0358678	0.000844881	3.69173e-05	0.0282483	0.18198	0.0421177	0.19482	0.0	0.00388614	0.0	-0.000504845	0.00304763	1.71004	0.0	0.84831	0.0847753	0.858452	0.0843192	0.99999	4.6843	0.0252435	0.147746	0.070622	4.54905e-09	0.143683	0.0219648	0.191127	15.4105	-423.093	4.0	1.21871e-05	-947.269	4.0	5.93226e-06	1.0	112.734	12.556	30.5363	8.01736	0.213137	0.052643	1071.98	27.0086	
0.0-2.4	6.5-7.5	0.0-100.0	0.000-1.571	0.016	0.16	6176.0	6174.0	2585.27	81.0119	3588.7	86.9609	-0.0420265	0.0678982	-0.05	0.0	0.339417	0.125276	3.0907	0.0010109	0.0559602	0.00879864	0.0288994	0.00229823	0.03	0.0	1.492	0.0	5.0	0.0	1.733	0.0	0.0401821	0.00279751	8.17783e-05	0.000350179	0.206375	0.0131233	0.206936	0.0943215	0.00999971	0.0031414	0.00314173	0.000855065	1.88995	0.200823	0.969981	0.0185427	0.527309	0.0364352	0.945337	0.0500763	0.615989	0.0481637	0.0704574	0.0118765	0.138928	0.0146184	0.280948	0.114974	-8747.3	4.0	2.3812e-05	-50148.9	7.0	2.00037e-05	1.0	2103.35	74.659	481.922	38.1817	0.186411	0.0135647	1218.74	60.5308	
0.0-2.4	6.5-8.0	0.0-100.0	0.000-1.571	0.016	0.16	8652.0	8649.0	3902.12	92.7168	4746.94	97.1596	-0.0943895	0.0590292	-0.05	0.0	0.366656	0.0977716	3.09164	0.000788131	0.0533603	0.00555416	0.0281511	0.00181907	0.03	0.0	1.492	0.0	5.0	0.0	1.733	0.0	0.0393179	0.00192655	2.99332e-05	0.00458551	0.211003	0.0102061	0.247328	0.092515	0.00999999	0.0035556	0.00197546	0.000716718	1.76918	0.144226	0.923238	0.0161391	0.565955	0.0581441	0.940811	0.0552228	0.585406	0.0445439	0.0705797	0.0135914	0.140083	0.0109276	0.246045	0.0962437	-12641.8	4.0	6.50729e-07	-73573.6	7.0	1.60419e-05	1.0	3102.22	85.5245	799.902	47.3542	0.204992	0.0111151	1189.83	51.8243	
0.0-2.4	7.5-8.5	0.0-100.0	0.000-1.571	0.008	0.184	4529.0	4529.0	2512.18	64.0315	2016.89	60.0367	-0.210076	0.0902721	-0.05	0.0	0.480447	0.104926	3.09237	0.000864869	0.0459036	0.00336449	0.0243996	0.00223891	0.03	0.0	1.492	0.0	5.0	0.0	1.733	0.0	0.0363549	0.00154393	8.69412e-05	0.000593911	0.20092	0.0111594	0.237333	0.116679	0.00999999	0.0164169	0.000850433	0.000880839	1.6166	0.148917	0.885969	0.0224899	0.590588	0.0805662	0.967565	0.0388097	0.505819	0.0747589	0.0704704	0.0197726	0.157327	0.014003	0.290339	0.158216	-7643.0	4.0	4.22717e-05	-36434.1	7.0	5.67906e-05	1.0	1922.14	60.2557	590.033	38.1662	0.234869	0.0139633	1104.04	55.2337	
0.0-2.4	8.0-10.0	0.0-100.0	0.000-1.571	0.008	0.184	6217.0	6217.0	3920.27	76.6136	2296.98	65.1254	-0.182189	0.0840604	-0.05	0.0	0.456324	0.0666085	3.0929	0.000629888	0.0461602	0.00284689	0.0224004	0.00136399	0.03	0.0	1.492	0.0	5.0	0.0	1.733	0.0	0.0352863	0.00116978	8.20597e-05	0.000220638	0.194794	0.00786582	0.223708	0.161679	0.000490489	0.00440365	0.00105106	0.000692751	1.60773	0.189825	0.911325	0.018647	0.748096	14.7914	0.843127	16.4932	0.545752	1.7611	0.0707152	1.31668	0.189408	0.557445	0.0706242	2.48005e-06	-11568.1	4.0	6.20938e-05	-52927.7	7.0	6.19339e-05	1.0	2869.52	71.0614	1050.75	48.2344	0.26803	0.0111331	1105.87	71.4118	
0.0-2.4	8.5-9.5	0.0-100.0	0.000-1.571	0.008	0.12	2999.0	2993.0	1908.13	52.5585	1084.93	44.0326	-0.197613	0.122054	-0.05	0.0	0.475242	0.0915036	3.09392	0.000882819	0.0449649	0.00363083	0.0219593	0.00187671	0.03	0.0	1.492	0.0	5.0	0.0	1.733	0.0	0.0348412	0.00153557	6.95629e-05	0.856416	0.193473	0.0102914	0.195257	0.140777	-0.00999932	0.0168172	0.00118099	0.00100286	1.55521	0.187671	0.92644	0.0268833	0.756523	0.00770721	1.0	3.38952	0.543832	0.00626424	0.070613	2.83454e-09	0.174925	0.00260067	0.221276	12.9683	-5546.42	4.0	1.84821e-05	-23355.8	7.0	3.26008e-05	1.0	1334.04	48.1752	574.09	34.9381	0.300866	0.0163274	1078.41	58.1183	
0.0-2.4	9.5-11.0	0.0-100.0	0.000-1.571	0.008	0.136	2861.0	2859.0	2005.74	53.5614	853.248	41.4285	-0.332385	0.141465	-0.05	0.0	0.384108	0.1059	3.09252	0.000847082	0.044935	0.00410579	0.0238282	0.00210548	0.03	0.0	1.492	0.0	5.0	0.0	1.733	0.0	0.033545	0.00162479	1.00134e-05	0.000394123	0.196844	0.0111095	0.411816	0.288493	0.0022233	0.00388478	0.00160874	8.53103e-08	1.51553	0.180886	0.751684	0.0280474	0.761672	0.0789462	1.0	0.0371037	0.447116	0.0688945	0.0704418	0.0209219	0.171969	0.0150052	3.26695	3.66246	-5983.27	4.0	3.6535e-06	-22551.0	7.0	2.6282e-06	1.0	1512.16	48.9876	493.582	30.7068	0.246084	0.0138274	1130.58	121.359	
0.4-0.8	6.5-30.0	0.0-100.0	0.000-1.571	0.008	0.073	2558.0	2558.0	1768.02	47.6864	789.925	35.9958	-0.234698	0.143107	-0.05	0.0	0.78236	0.0958217	3.09361	0.000663764	0.0220089	0.00109098	0.0392664	0.00734969	0.03	0.0	1.492	0.0	5.0	0.0	1.733	0.0	0.0267308	0.00154979	1.07909e-05	6.48731e-06	0.200791	0.0113453	0.164736	0.163076	-0.00113548	0.00593586	-0.00130412	0.000833405	1.82366	0.359661	0.907477	0.0258238	0.760476	0.0558044	0.966102	0.0324053	0.460308	0.0507099	0.0706248	7.98741e-09	0.159343	0.0172686	0.458445	0.275614	-5762.38	4.0	3.87007e-07	-20314.2	7.0	3.01628e-05	1.0	1263.54	43.7069	504.479	30.5614	0.285336	0.015478	1111.63	104.217	
0.8-1.2	6.5-30.0	0.0-100.0	0.000-1.571	0.008	0.105	3858.0	3856.0	2399.53	60.5716	1456.58	52.2044	-0.00297726	0.108915	-0.05	0.0	0.47599	0.122178	3.09228	0.000827605	0.0271253	0.00198481	0.0386742	0.00372378	0.03	0.0	1.492	0.0	5.0	0.0	1.733	0.0	0.0336746	0.00136945	3.76156e-05	0.000218351	0.191648	0.00970347	0.510138	0.279061	0.00698866	0.00378923	-0.00192988	0.000957393	1.44442	0.131788	0.716101	0.0269806	0.647292	0.0431536	0.982521	0.0188896	0.499527	0.0407797	0.0705844	4.98774e-09	0.144441	0.0130233	0.368485	0.24314	-7417.81	4.0	0.000112487	-30952.8	7.0	1.05893e-05	1.0	1770.39	55.1777	629.142	36.0498	0.262194	0.0134872	1146.96	104.738	
1.2-1.6	6.5-30.0	0.0-10.0	0.000-1.571	0.008	0.136	1874.0	1872.0	844.508	35.3217	1027.43	37.8219	0.18071	0.121803	-0.05	0.0	0.455381	0.0	3.09129	0.0	0.0460715	0.0	0.0327746	0.00257487	0.03	0.0	1.492	0.0	5.0	0.0	1.733	0.0	0.0393904	0.000583398	2.31047e-05	0.000294422	0.200207	0.0175153	0.103775	0.0	0.00999984	0.0	0.00264659	0.00125079	2.09199	0.0	0.942429	0.0337842	0.580117	0.0751952	0.991384	0.0201101	0.502438	0.0713794	0.0705896	2.42136e-09	0.144823	0.0197407	0.401912	0.483517	-2744.79	4.0	1.43033e-06	-13053.6	4.0	1.73937e-05	1.0	607.625	33.5657	236.883	24.0613	0.280498	0.025964	1118.11	12.7604	
1.2-1.6	6.5-30.0	0.0-100.0	0.000-1.571	0.008	0.136	5263.0	5256.0	2904.42	73.5705	2351.14	69.6915	-0.0367284	0.0873977	-0.05	0.0	0.455381	0.134426	3.09129	0.000955161	0.0460715	0.00372951	0.0318109	0.00248121	0.03	0.0	1.492	0.0	5.0	0.0	1.733	0.0	0.0389577	0.00149359	2.31047e-05	0.000294422	0.189471	0.00934795	0.103775	0.0507441	0.00999984	0.0195355	0.0022774	0.000729166	2.09199	0.256609	0.987023	0.0192486	0.604779	0.47871	0.998507	5.29649	0.539586	0.314967	0.0705661	1.61077e-07	0.162887	0.0682449	0.291421	27.9681	-8752.23	4.0	3.84659e-07	-42854.3	7.0	0.000143622	1.0	2162.89	67.4733	741.53	43.6328	0.255311	0.0135596	1152.08	45.196	
1.2-1.6	6.5-30.0	10.0-20.0	0.000-1.571	0.008	0.128	1298.0	1294.0	686.348	31.2489	607.647	29.9631	-0.158743	0.159041	-0.05	0.0	0.455381	0.0	3.09129	0.0	0.0460715	0.0	0.0360694	0.00334832	0.03	0.0	1.492	0.0	5.0	0.0	1.733	0.0	0.0409284	0.000803534	2.94195e-05	0.000284662	0.172522	0.0162393	0.103775	0.0	0.00999984	0.0	0.00273761	0.00162127	2.09199	0.0	1.0365	0.042273	0.565294	0.627077	0.777733	2.01971	0.569266	0.181863	0.0705451	4.19272e-08	0.152498	0.0967625	0.124924	0.259681	-2054.07	4.0	1.0571e-07	-8664.76	4.0	3.88461e-07	1.0	483.788	30.3899	202.56	22.8787	0.295127	0.0305058	1190.38	16.4943	
1.2-1.6	6.5-30.0	20.0-30.0	0.000-1.571	0.008	0.105	935.0	933.0	544.155	26.4721	388.903	23.3539	-0.0142144	0.198772	-0.05	0.0	0.455381	0.0	3.09129	0.0	0.0460715	0.0	0.0274395	0.00259503	0.03	0.0	1.492	0.0	5.0	0.0	1.733	0.0	0.0371031	0.000522601	1.00889e-05	0.00459463	0.192349	0.0215193	0.103775	0.0	0.00999984	0.0	-0.00226836	0.00163029	2.09199	0.0	1.01925	0.0391728	0.894439	0.929128	0.995058	1.09376	0.672741	0.288034	0.0706889	1.03572	0.13177	0.0254237	0.0709368	2.78331e-06	-1710.13	4.0	2.95216e-06	-6063.08	4.0	6.69479e-05	1.0	408.186	25.8687	135.969	17.85	0.249871	0.0304678	1176.95	15.2017	
1.2-1.6	6.5-30.0	30.0-40.0	0.000-1.571	0.008	0.12	544.0	543.0	346.819	20.9332	196.291	16.96	-0.00583402	0.280353	-0.05	0.0	0.455381	0.0	3.09129	0.0	0.0460715	0.0	0.0312344	0.00374399	0.03	0.0	1.492	0.0	5.0	0.0	1.733	0.0	0.0387028	0.000822788	1.72747e-05	0.00459133	0.164277	0.0301565	0.103775	0.0	0.00999984	0.0	0.00480734	0.00204107	2.09199	0.0	0.907633	0.0546824	1.0	9.85271	0.337114	0.00775917	0.331995	0.00610929	0.0922038	25.4286	0.27506	0.00485474	0.0704611	0.00116318	-1040.07	4.0	6.84024e-05	-3272.78	4.0	4.65382e-05	1.0	278.596	21.6616	68.223	14.2626	0.196711	0.0393728	1092.0	20.3667	
1.2-1.6	6.5-30.0	40.0-50.0	0.000-1.571	0.016	0.064	311.0	306.0	233.342	16.414	72.6352	10.4261	-1.9058	0.527719	-0.05	0.0	0.455381	0.0	3.09129	0.0	0.0460715	0.0	0.0296378	0.00449225	0.03	0.0	1.492	0.0	5.0	0.0	1.733	0.0	0.0380128	0.000953766	2.95545e-05	0.000300613	0.20935	0.036901	0.103775	0.0	0.00999984	0.0	-0.00469883	0.00281956	2.09199	0.0	1.017	0.0818877	0.959406	0.0704216	0.999999	0.615705	0.401236	0.120572	0.128623	0.159816	0.183656	0.0405772	0.120353	1.07163	-640.52	4.0	6.37989e-08	-1749.81	4.0	0.000132528	1.0	179.498	16.305	53.8445	10.9896	0.230753	0.0442109	1175.21	31.755	
1.2-1.6	6.5-30.0	50.0-100.0	0.000-1.571	0.016	0.073	301.0	298.0	245.921	16.5271	52.0567	8.90452	-0.903961	0.562277	-0.05	0.0	0.455381	0.0	3.09129	0.0	0.0460715	0.0	0.0296084	0.00350695	0.03	0.0	1.492	0.0	5.0	0.0	1.733	0.0	0.0380004	0.00074408	1.01642e-05	0.000817577	0.194045	0.0356456	0.103775	0.0	0.00999984	0.0	0.00507515	0.00258482	2.09199	0.0	0.953837	0.0708994	0.977354	13.5743	0.50643	9.44742	0.226101	14.0465	0.0708029	1.39246e-05	0.271114	1.57105	0.0705535	3.55044e-06	-686.586	4.0	3.75029e-06	-1744.02	4.0	3.71666e-06	1.0	194.177	16.4081	51.7449	10.5368	0.210412	0.0404456	1126.74	26.8954	
1.6-2.0	6.5-30.0	0.0-100.0	0.000-1.571	0.008	0.16	5092.0	5089.0	2603.86	78.1468	2485.37	77.3724	-0.399035	0.0876782	-0.05	0.0	0.509626	0.176731	3.09113	0.00120088	0.0556398	0.00482183	0.0339929	0.00473765	0.03	0.0	1.492	0.0	5.0	0.0	1.733	0.0	0.0463069	0.0025167	2.61437e-05	0.00458725	0.205785	0.01198	0.462154	0.274076	0.00485629	0.00340939	0.0020669	0.00113658	1.4787	0.146906	0.854958	0.025997	0.723301	0.0575711	0.912335	0.0933727	0.606336	0.0398055	0.071772	0.0243679	0.156106	0.0132513	0.237079	0.110217	-7551.45	4.0	2.03591e-05	-40777.9	7.0	0.000119025	1.0	2056.67	71.1788	547.192	39.0666	0.210147	0.0136134	1184.77	94.3785	
1.6-2.4	3.0-30.0	0.0-100.0	0.000-1.571	0.008	0.264	38680.0	38678.0	9798.43	161.729	28879.5	212.681	-0.172154	0.0231988	-0.05	0.0	0.0551268	0.0309652	3.0903	0.000822705	0.0188715	0.00523619	0.0519726	0.0015687	0.03	0.0	1.89	0.0	5.0	0.0	1.44	0.0	0.0507137	0.000841352	1.05692e-05	6.49144e-05	0.216414	0.00821957	0.19593	0.106578	0.00823221	0.0041731	0.00529963	0.000446606	1.71895	0.159922	0.997156	0.00732138	0.888197	0.0377542	0.816487	0.0494923	0.720166	0.0135841	0.0716438	0.0260211	0.128014	0.00657313	0.276627	0.0310959	-39587.0	4.0	9.20906e-08	-377593.0	7.0	0.00015595	1.0	8032.12	157.821	1766.31	90.4507	0.180265	0.00873849	1174.07	50.1187	
1.6-2.4	3.0-4.5	0.0-100.0	0.000-1.571	0.016	0.264	17458.0	17457.0	2559.96	104.784	14897.2	152.69	0.0520137	0.0319952	-0.05	0.0	0.926726	0.0367505	3.08842	0.00197395	0.0556198	0.00330508	0.0169433	0.00634846	0.03	0.0	1.86	0.0	5.0	0.0	1.38	0.0	0.0537393	0.0016577	8.85777e-05	0.0369611	0.240747	0.0241301	0.101357	0.069759	0.0499991	0.0925249	0.00942428	0.000746203	1.84755	0.275177	1.03007	0.0101733	0.734104	0.0859769	0.839572	0.0427047	0.679146	0.0460148	0.0741228	0.0236296	0.112797	0.0109074	0.3113	0.0395407	-15304.4	4.0	5.90124e-06	-155512.0	7.0	8.31562e-05	1.0	2245.99	102.81	313.974	47.7859	0.122648	0.0179789	1139.94	42.6979	
1.6-2.4	3.0-5.5	0.0-100.0	0.000-1.571	0.016	0.264	26571.0	26569.0	4664.99	130.414	21903.8	185.049	-0.0898951	0.0264979	-0.05	0.0	0.0425562	0.0313856	3.08934	0.00140384	0.0158984	0.00597596	0.0529742	0.00226174	0.03	0.0	1.86	0.0	5.0	0.0	1.38	0.0	0.0519384	0.00117042	1.55371e-05	0.00459213	0.241569	0.0164197	0.125652	0.0884483	0.0251244	0.0167426	0.0093749	0.000590355	1.92178	0.271466	1.0349	0.00837447	0.740158	0.0876773	0.849822	0.0384716	0.714765	0.0407487	0.0732684	0.0275504	0.125402	0.0103524	0.312487	0.0386368	-24324.2	4.0	1.94805e-05	-248118.0	7.0	0.000180413	1.0	4009.64	128.118	655.356	64.6916	0.140484	0.0132997	1183.43	56.3731	
1.6-2.4	3.0-6.5	0.0-10.0	0.000-1.571	0.016	0.264	13741.0	13739.0	1850.5	87.8885	11888.9	133.261	-0.139627	0.0356432	-0.05	0.0	0.0333136	0.0	3.09042	0.0	0.0161151	0.0	0.0513533	0.00253769	0.03	0.0	1.86	0.0	5.0	0.0	1.38	0.0	0.0505763	0.00124542	1.3729e-05	0.00459296	0.221482	0.0256246	0.173641	0.0	0.0248856	0.0	0.0114202	0.000856782	1.74699	0.0	1.05668	0.0128528	0.655904	0.293489	0.807402	0.0710091	0.739546	0.124255	0.0708689	0.089019	0.162169	0.026596	0.300931	0.0675022	-11906.9	4.0	7.19661e-05	-119006.0	4.0	1.49782e-05	1.0	1562.54	86.7986	287.965	47.0497	0.155615	0.0243274	1205.25	4.65587	
1.6-2.4	3.0-6.5	0.0-100.0	0.000-1.571	0.016	0.264	32037.0	32035.0	6369.85	143.423	25665.2	199.66	-0.144939	0.0245312	-0.05	0.0	0.0333136	0.0244094	3.09042	0.00115026	0.0161151	0.00580879	0.052433	0.00171414	0.03	0.0	1.86	0.0	5.0	0.0	1.38	0.0	0.0516361	0.000891777	1.3729e-05	0.00459296	0.233994	0.0130383	0.173641	0.119565	0.0248856	0.0127773	0.00965871	0.000531855	1.74699	0.202734	1.00524	0.00793222	0.639876	0.0396655	0.864808	0.0290839	0.705628	0.0201546	0.0707605	7.97435e-08	0.137998	0.0089044	0.307839	0.0294843	-30514.4	4.0	2.24427e-05	-305546.0	7.0	0.000245841	1.0	5462.27	140.858	907.589	71.6418	0.142482	0.0107798	1168.33	58.5547	
1.6-2.4	3.0-6.5	0.0-20.0	0.000-1.571	0.016	0.264	22549.0	22547.0	3451.65	116.448	19094.9	170.863	-0.139087	0.0281571	-0.05	0.0	0.0333136	0.0	3.09042	0.0	0.0161151	0.0	0.0521052	0.00188602	0.03	0.0	1.86	0.0	5.0	0.0	1.38	0.0	0.0513143	0.000925646	1.3729e-05	0.00459296	0.222102	0.0186568	0.173641	0.0	0.0248856	0.0	0.0114952	0.000650944	1.74699	0.0	1.02633	0.00969424	0.612268	0.0858685	0.862346	0.0338541	0.714515	0.0432913	0.0704965	0.0187442	0.146219	0.0129007	0.324814	0.0398817	-20476.1	4.0	5.0719e-08	-206633.0	4.0	2.80758e-05	1.0	2974.13	114.693	477.515	57.848	0.138344	0.0160965	1183.38	3.47388	
1.6-2.4	3.0-6.5	10.0-20.0	0.000-1.571	0.016	0.209	8808.0	8804.0	1609.56	77.2	7194.29	107.45	-0.136635	0.0459717	-0.05	0.0	0.0333136	0.0	3.09042	0.0	0.0161151	0.0	0.053505	0.0029089	0.03	0.0	1.86	0.0	5.0	0.0	1.38	0.0	0.0526884	0.00142779	1.37782e-05	0.00459294	0.214794	0.0261143	0.173641	0.0	0.0248856	0.0	0.0115492	0.001004	1.74699	0.0	0.989613	0.0147102	0.567846	0.0924159	0.928129	0.0325528	0.687446	0.0546306	0.0704652	0.014953	0.132352	0.0148736	0.365612	0.084443	-8604.33	4.0	3.70546e-07	-72519.1	4.0	1.82835e-05	1.0	1415.67	75.8545	193.895	35.0707	0.120464	0.021009	1157.25	5.19752	
1.6-2.4	3.0-6.5	20.0-30.0	0.000-1.571	0.016	0.192	4979.0	4977.0	1145.32	58.6464	3831.67	78.2667	-0.177779	0.0631649	-0.05	0.0	0.0333136	0.0	3.09042	0.0	0.0161151	0.0	0.0558272	0.0030197	0.03	0.0	1.86	0.0	5.0	0.0	1.38	0.0	0.0549681	0.00148236	1.37746e-05	0.00459294	0.230377	0.0259662	0.173641	0.0	0.0248856	0.0	0.00622037	0.00132781	1.74699	0.0	0.983684	0.0194374	0.682709	0.171715	0.872304	0.105157	0.689262	0.0936139	0.0741374	0.0489257	0.11802	0.02079	0.279127	0.101279	-4985.25	4.0	2.48099e-05	-38269.7	4.0	6.97571e-06	1.0	956.364	56.9183	188.959	30.5808	0.164983	0.0253289	1153.07	6.85138	
1.6-2.4	3.0-6.5	20.0-40.0	0.000-1.571	0.016	0.192	7431.0	7427.0	1872.99	70.9028	5554.52	93.3353	-0.160009	0.0524561	-0.05	0.0	0.0333136	0.0	3.09042	0.0	0.0161151	0.0	0.052545	0.00213652	0.03	0.0	1.86	0.0	5.0	0.0	1.38	0.0	0.051746	0.00104862	1.37746e-05	0.00459294	0.239344	0.0216477	0.173641	0.0	0.0248856	0.0	0.00626327	0.0010664	1.74699	0.0	0.969639	0.0157639	0.686573	0.0961951	0.91165	0.082415	0.67939	0.0599564	0.0832208	0.0300557	0.119358	0.0147226	0.277772	0.101821	-7681.12	4.0	2.61117e-05	-60218.7	4.0	6.4148e-05	1.0	1579.78	69.5639	293.209	37.2277	0.156546	0.0189721	1143.19	5.52451	
1.6-2.4	3.0-6.5	30.0-40.0	0.000-1.571	0.016	0.152	2452.0	2438.0	727.51	40.083	1710.52	50.889	-0.104416	0.0944694	-0.05	0.0	0.0333136	0.0	3.09042	0.0	0.0161151	0.0	0.0475725	0.00279801	0.03	0.0	1.86	0.0	5.0	0.0	1.38	0.0	0.0468658	0.00137279	1.3843e-05	0.00459291	0.25419	0.0376643	0.173641	0.0	0.0248856	0.0	0.00638037	0.00179331	1.74699	0.0	0.934828	0.0268085	0.99664	18.6783	0.337982	1.41733	0.627768	0.0999904	0.0773677	1.58805e-05	0.143273	0.0762724	0.091592	0.0258453	-2724.73	4.0	2.40686e-05	-17160.8	4.0	9.66531e-06	1.0	621.12	40.0398	106.39	21.5975	0.146239	0.0285725	1118.98	9.25386	
1.6-2.4	3.0-6.5	40.0-100.0	0.000-1.571	0.016	0.168	2057.0	2056.0	1044.73	41.1014	1011.42	40.694	-0.143151	0.124398	-0.05	0.0	0.0333136	0.0	3.09042	0.0	0.0161151	0.0	0.0527473	0.00207087	0.03	0.0	1.86	0.0	5.0	0.0	1.38	0.0	0.0519446	0.00101641	1.33924e-05	0.00459311	0.244562	0.0290291	0.173641	0.0	0.0248856	0.0	0.00335612	0.00179907	1.74699	0.0	0.912246	0.0271839	0.999997	7.65236	0.70002	0.137676	0.746119	0.0627464	0.0708157	2259.97	0.165926	0.0375667	0.191054	0.0694574	-2673.51	4.0	1.84262e-06	-14509.8	4.0	1.95029e-05	1.0	889.416	42.0288	155.314	24.0702	0.148664	0.022285	1103.47	9.28546	
1.6-2.4	3.0-6.5	40.0-50.0	0.000-1.571	0.016	0.145	1195.0	1188.0	531.0	30.2285	657.172	32.249	-0.147101	0.153639	-0.05	0.0	0.0333136	0.0	3.09042	0.0	0.0161151	0.0	0.0521429	0.00286793	0.03	0.0	1.86	0.0	5.0	0.0	1.38	0.0	0.0513513	0.00140756	1.39771e-05	0.00459285	0.222745	0.032278	0.173641	0.0	0.0248856	0.0	0.0080893	0.00249735	1.74699	0.0	0.960541	0.0421805	0.933466	0.190915	0.551017	0.251969	0.875527	0.0595295	0.0708727	0.816734	0.216782	0.0805204	0.189408	0.0930801	-1453.96	4.0	4.1783e-05	-7654.52	4.0	4.66244e-05	1.0	431.254	30.1221	99.7456	18.3541	0.187845	0.0328694	1136.83	14.7256	
1.6-2.4	3.0-6.5	50.0-100.0	0.000-1.571	0.016	0.168	862.0	862.0	516.404	27.824	345.593	24.5629	-0.0688463	0.214204	-0.05	0.0	0.0333136	0.0	3.09042	0.0	0.0161151	0.0	0.0538889	0.0030125	0.03	0.0	1.86	0.0	5.0	0.0	1.38	0.0	0.0530652	0.00147867	1.33924e-05	0.00459311	0.272772	0.0514216	0.173641	0.0	0.0248856	0.0	0.000312481	0.00274115	1.74699	0.0	0.918952	0.0379353	0.999999	0.831241	0.787611	0.129346	0.667825	0.0817686	0.0708223	1555.32	0.168316	0.0371531	0.204189	0.08837	-1228.05	4.0	0.000201389	-5427.04	4.0	7.50227e-07	1.0	454.527	28.7987	61.8768	15.5151	0.119822	0.0293426	1108.05	12.9991	
1.6-2.4	4.5-5.5	0.0-100.0	0.000-1.571	0.016	0.192	9113.0	9101.0	1988.49	76.7408	7112.42	104.935	-0.430943	0.0470611	-0.05	0.0	0.0457061	0.0673258	3.09046	0.00194642	0.0180528	0.014159	0.0516957	0.00352991	0.03	0.0	1.86	0.0	5.0	0.0	1.38	0.0	0.0506477	0.00189125	2.24592e-05	0.000300031	0.235924	0.0216012	0.168306	0.155053	0.0139897	0.0158776	0.00842488	0.00096556	1.94031	0.379299	1.05892	0.0147208	0.768847	0.0676928	0.930489	0.122329	0.803347	0.0304247	0.128278	0.0617624	0.16912	0.0214689	0.347181	0.200588	-9086.6	4.0	6.61281e-05	-75490.4	7.0	2.52476e-05	1.0	1664.39	75.0993	324.093	40.871	0.162985	0.0195677	1251.49	95.8128	
1.6-2.4	5.5-6.5	0.0-100.0	0.000-1.571	0.016	0.168	5466.0	5459.0	1711.52	61.4352	3747.43	76.2299	-0.458274	0.064996	-0.05	0.0	4.98787e-08	0.174357	3.09317	0.00189997	0.0576495	0.15419	0.0507736	0.00185857	0.03	0.0	1.86	0.0	5.0	0.0	1.38	0.0	0.0507736	0.00112836	1.49587e-05	0.00459239	0.215769	0.0196116	0.433557	0.413492	0.016385	0.017632	0.00672041	0.00134328	1.45242	0.194727	0.833368	0.0235373	0.562854	0.367752	0.477016	0.620895	0.647037	0.120128	0.0706381	5.53061e-07	0.226348	0.0702756	0.0922398	0.0418547	-6323.83	4.0	2.19633e-07	-42840.2	7.0	5.99183e-05	1.0	1446.18	59.6879	265.337	30.9616	0.15503	0.017213	1143.67	138.764	
1.6-2.4	6.5-30.0	0.0-10.0	0.000-1.571	0.008	0.184	2352.0	2352.0	991.264	39.5061	1360.69	43.9313	-0.356735	0.1066	-0.05	0.0	0.652823	0.0	3.0911	0.0	0.0569301	0.0	0.0309102	0.00371114	0.03	0.0	1.492	0.0	5.0	0.0	1.733	0.0	0.0494725	0.0004025	6.70809e-05	0.00017923	0.230325	0.0242144	0.211707	0.0	0.00199102	0.0	0.0035043	0.00147354	1.6767	0.0	1.06794	0.0341974	0.671093	0.450135	0.91708	1.25639	0.58735	0.31463	0.0989774	0.0612075	0.166327	0.140218	0.0712551	1.54174e-08	-3031.88	4.0	9.59355e-06	-16754.1	4.0	2.00596e-05	1.0	814.6	38.8488	176.663	22.4678	0.17822	0.0215242	1222.38	11.7758	
1.6-2.4	6.5-30.0	0.0-100.0	0.000-1.571	0.008	0.152	6643.0	6637.0	3419.61	92.3317	3217.44	91.2275	-0.424311	0.0756593	-0.05	0.0	0.652823	0.152473	3.0911	0.00108634	0.0569301	0.00395795	0.0308437	0.00589094	0.03	0.0	1.492	0.0	5.0	0.0	1.733	0.0	0.0494581	0.00239424	2.77437e-05	0.00458652	0.196609	0.00970092	0.211707	0.175346	0.00199102	0.00574194	0.00234622	0.00077869	1.6767	0.235346	0.937148	0.017881	0.909889	0.0667376	0.579097	0.131296	0.581375	0.0371167	0.189936	0.0856871	0.183405	0.0146682	0.0706947	6.81917e-07	-9822.12	4.0	9.83029e-05	-54918.1	7.0	1.78243e-06	1.0	2635.93	83.1588	783.687	47.9346	0.229174	0.0125778	1134.68	83.4645	
1.6-2.4	6.5-30.0	10.0-20.0	0.000-1.571	0.008	0.16	1700.0	1700.0	814.345	34.8996	885.647	35.906	-0.308392	0.132225	-0.05	0.0	0.652823	0.0	3.0911	0.0	0.0569301	0.0	0.0325202	0.00460377	0.03	0.0	1.492	0.0	5.0	0.0	1.733	0.0	0.0498296	0.000521555	2.91966e-05	0.00458585	0.181396	0.0181943	0.211707	0.0	0.00199102	0.0	0.00135982	0.00163442	1.6767	0.0	0.981317	0.0356502	0.904667	0.15003	0.879546	0.912956	0.631432	0.378018	0.241667	0.0991887	0.139119	0.0411023	0.0707033	4.77551	-2412.44	4.0	3.26163e-06	-11665.5	4.0	5.66964e-08	1.0	621.232	35.0122	193.113	24.1978	0.237139	0.0279225	1163.74	11.8488	
1.6-2.4	6.5-30.0	20.0-30.0	0.000-1.571	0.008	0.152	1121.0	1121.0	627.834	28.8455	493.009	26.405	-0.711234	0.180398	-0.05	0.0	0.652823	0.0	3.0911	0.0	0.0569301	0.0	0.0258327	0.00358834	0.03	0.0	1.492	0.0	5.0	0.0	1.733	0.0	0.048451	0.000332109	2.77437e-05	0.00458652	0.214972	0.0229609	0.211707	0.0	0.00199102	0.0	0.00378672	0.00165345	1.6767	0.0	0.847084	0.0400006	0.748048	0.109189	0.92074	0.104547	0.642416	0.0672915	0.0705938	1.71873e-06	0.143134	0.027021	0.299963	0.210396	-1818.08	4.0	3.33962e-09	-7372.43	4.0	3.88347e-05	1.0	478.558	27.9019	149.276	18.4965	0.237764	0.0273606	1077.41	12.3956	
1.6-2.4	6.5-30.0	30.0-40.0	0.000-1.571	0.008	0.12	689.0	688.0	423.532	23.4477	264.45	19.7668	-0.513523	0.24489	-0.05	0.0	0.652823	0.0	3.0911	0.0	0.0569301	0.0	0.0281362	0.00466742	0.03	0.0	1.492	0.0	5.0	0.0	1.733	0.0	0.0488944	0.000466233	7.90451e-05	0.000185159	0.164741	0.0202394	0.211707	0.0	0.00199102	0.0	0.000861007	0.00213864	1.6767	0.0	0.856205	0.0476316	0.999996	165.0	0.999995	1871.53	0.733474	1.34418	0.0750716	172.774	0.195942	0.358872	0.0712754	34081.8	-1182.73	4.0	1.06444e-05	-4236.35	4.0	8.30084e-07	1.0	294.967	23.5125	128.565	18.3528	0.303554	0.0399413	1083.08	14.8412	
1.6-2.4	6.5-30.0	40.0-50.0	0.000-1.571	0.008	0.136	416.0	415.0	275.274	18.3993	139.763	14.2487	-0.943032	0.343287	-0.05	0.0	0.652823	0.0	3.0911	0.0	0.0569301	0.0	0.0297676	0.00489923	0.03	0.0	1.492	0.0	5.0	0.0	1.733	0.0	0.0492286	0.00051425	6.70209e-05	0.882424	0.179074	0.0276242	0.211707	0.0	0.00199102	0.0	-3.02685e-05	0.00230931	1.6767	0.0	0.708343	0.054556	0.741935	0.00343347	1.0	15.2342	0.536945	0.00272723	0.0706315	0.00111625	0.239295	0.00152209	0.112921	103.652	-742.576	4.0	1.86259e-06	-2379.42	4.0	4.26982e-06	1.0	201.313	17.9078	73.9615	12.8091	0.268683	0.042927	995.341	15.3028	
1.6-2.4	6.5-30.0	50.0-100.0	0.000-1.571	0.008	0.088	365.0	358.0	283.55	18.273	74.5777	11.1783	-0.0931938	0.464184	-0.05	0.0	0.652823	0.0	3.0911	0.0	0.0569301	0.0	0.0451242	0.00743879	0.03	0.0	1.492	0.0	5.0	0.0	1.733	0.0	0.0531295	0.00109672	7.21792e-05	0.000182081	0.178453	0.0316373	0.211707	0.0	0.00199102	0.0	0.00444538	0.00286541	1.6767	0.0	0.839799	0.0615323	0.717207	22.1873	1.0	21459.8	0.377774	10.5967	0.070506	1.73806e-06	0.21509	4.058	0.0705474	241397.0	-737.157	4.0	3.62013e-05	-2064.96	4.0	8.59953e-05	1.0	223.987	18.4862	59.5627	12.1703	0.210061	0.0407307	1072.91	18.9834	
2.0-2.4	6.5-30.0	0.0-100.0	0.000-1.571	0.008	0.152	1551.0	1550.0	838.873	38.3554	711.166	36.6493	-0.492478	0.153182	-0.05	0.0	0.865514	0.0858601	3.09194	0.00251163	0.0622686	0.00460537	0.0229249	0.00712553	0.03	0.0	1.492	0.0	5.0	0.0	1.733	0.0	0.0585372	0.00245773	7.87116e-05	0.000484264	0.183004	0.0173004	0.0616687	0.0610904	-0.00999983	0.0176875	0.00235099	0.0014261	2.1655	0.541626	0.934141	0.0303652	0.814792	0.132583	0.999987	10.6293	0.636994	0.0827414	0.107757	0.0587195	0.172399	0.0305942	0.144251	0.0169075	-2283.38	4.0	1.73252e-06	-10560.8	7.0	3.6544e-06	1.0	620.704	36.2789	218.169	24.703	0.260074	0.0269401	1052.61	66.3855	
