weightedEff_noTnPCorr_RapPtEffForw
rap	pT	cent	dPhi	ctauErrMin	ctauErrMax	NoCutEntry	CutEntry	NSig	NSigErr	NBkg	NBkgErr	coefExp	coefExpErr	coefPol1	coefPol1Err	coeffGaus	coeffGausErr	meanSig1	meanSig1Err	sigmaSig1	sigmaSig1Err	sigmaSig2	sigmaSig2Err	sigmaSig3	sigmaSig3Err	alpha	alphaErr	enne	enneErr	enneW	enneWErr	sigWidth	sigWidthErr	Gmc	GmcErr	bTau	bTauErr	fracRes	fracResErr	meanResSigW	meanResSigWErr	meanResSigN	meanResSigNErr	sigmaResSigW	sigmaResSigWErr	sigmaResSigN	sigmaResSigNErr	fpm	fpmErr	fLiving	fLivingErr	fbkgCtTot	fbkgCtTotErr	lambdam	lambdamErr	lambdap	lambdapErr	lambdasym	lambdasymErr	NLL	nFitPar	EDM	NLLMass	nFitParMass	EDMMass	Prob	PROMPT	PROMPTErr	NON-PROMPT	NON-PROMPTErr	Bfraction	BfractionErr	Resolution	ResolutionErr	
0.0-0.4	6.5-30.0	0.0-100.0	0.000-1.571	0.008	0.064	5246.0	5242.0	3492.14	65.7462	1749.85	50.7955	-0.199165	0.095272	-0.05	0.0	0.447622	0.0813752	3.09328	0.000390463	0.0199614	0.00140334	0.0178775	0.00125174	0.03	0.0	1.492	0.0	5.0	0.0	1.733	0.0	0.0188388	0.000475015	3.59557e-05	0.000193278	0.304869	0.0104329	0.709974	0.264125	-0.00206547	0.00229629	0.00172933	0.00130902	1.32298	0.0992276	0.678501	0.0335429	0.698851	0.0330783	1.0	0.00190075	0.430999	0.0339629	0.0700778	0.00837925	0.215268	0.0127052	3.83935	0.95128	-10527.1	4.0	8.4973e-07	-45611.0	7.0	6.88932e-05	1.0	2339.1	57.0506	1153.04	42.269	0.330182	0.0103858	1173.1	82.8105	
0.0-1.2	6.5-30.0	0.0-10.0	0.000-1.571	0.008	0.088	8362.0	8356.0	4282.03	78.4159	4073.7	77.0718	0.041024	0.0612057	-0.05	0.0	0.48916	0.0	3.09239	0.0	0.0207172	0.0	0.0356042	0.00139431	0.03	0.0	1.492	0.0	5.0	0.0	1.733	0.0	0.0292834	0.000433005	1.12992e-05	0.000388937	0.214252	0.00742031	0.282557	0.0	0.00228371	0.0	0.0022545	0.000672091	1.58042	0.0	0.929992	0.0198966	0.567842	0.139017	0.562938	0.125335	0.504455	0.0656934	0.0402445	0.0152692	0.220891	0.0247373	0.145508	0.022107	-13289.0	4.0	2.67752e-07	-72411.6	4.0	9.30364e-05	1.0	2919.27	70.3657	1362.76	52.1168	0.318251	0.0106849	1151.63	5.76371	
0.0-1.2	6.5-30.0	0.0-100.0	0.000-1.571	0.008	0.105	21845.0	21838.0	13463.0	137.267	8375.73	117.279	0.00546088	0.0446004	-0.05	0.0	0.48916	0.0498482	3.09239	0.00027722	0.0207172	0.000607456	0.0333352	0.00147081	0.03	0.0	1.492	0.0	5.0	0.0	1.733	0.0	0.0278857	0.000553866	1.16782e-05	0.000130175	0.302449	0.00545093	0.282557	0.19576	0.00228371	0.00264771	0.000562215	0.000360879	1.58042	0.170805	0.853995	0.0104721	0.565549	0.0372372	0.901361	0.0188979	0.430658	0.0334592	0.052744	0.00530705	0.19081	0.0101451	0.329238	0.0491977	-38071.4	4.0	4.82505e-06	-214878.0	7.0	8.73691e-05	1.0	9188.69	118.225	4274.27	84.2569	0.317483	0.00535626	1108.6	85.3611	
0.0-1.2	6.5-30.0	10.0-20.0	0.000-1.571	0.008	0.088	5053.0	5050.0	3000.83	62.6036	2049.11	54.4758	-0.0204399	0.0865346	-0.05	0.0	0.48916	0.0	3.09239	0.0	0.0207172	0.0	0.0331391	0.00138047	0.03	0.0	1.492	0.0	5.0	0.0	1.733	0.0	0.027766	0.00042083	1.12992e-05	0.000388937	0.31917	0.0118839	0.282557	0.0	0.00228371	0.0	-0.000412842	0.000777745	1.58042	0.0	0.843395	0.0232009	0.469165	0.0966958	0.886842	0.0301392	0.303507	0.115241	0.0374099	0.00773747	0.182207	0.0175972	0.353888	0.0625794	-8132.94	4.0	6.09446e-07	-42070.3	4.0	8.32565e-06	1.0	1984.97	53.8793	1015.86	40.4631	0.338525	0.0114866	1102.76	6.36519	
0.0-1.2	6.5-30.0	20.0-30.0	0.000-1.571	0.008	0.105	3519.0	3516.0	2309.25	53.0118	1206.74	41.3249	0.218372	0.113463	-0.05	0.0	0.48916	0.0	3.09239	0.0	0.0207172	0.0	0.0312839	0.00133262	0.03	0.0	1.492	0.0	5.0	0.0	1.733	0.0	0.0266439	0.000399652	1.16782e-05	0.000130175	0.294259	0.0130384	0.282557	0.0	0.00228371	0.0	0.00128232	0.000828086	1.58042	0.0	0.818641	0.0237963	0.52416	0.019747	0.999998	8.97996	0.374067	0.0233986	0.0456623	0.00263568	0.206035	0.00926176	0.0334315	68.6336	-6707.63	4.0	9.64823e-07	-28522.9	4.0	2.7558e-06	1.0	1603.67	47.0025	705.579	33.411	0.305544	0.0126544	1089.29	6.41527	
0.0-1.2	6.5-30.0	30.0-40.0	0.000-1.571	0.008	0.064	2176.0	2174.0	1568.72	43.7045	605.222	30.7667	-0.451748	0.162285	-0.05	0.0	0.48916	0.0	3.09239	0.0	0.0207172	0.0	0.0350539	0.00201388	0.03	0.0	1.492	0.0	5.0	0.0	1.733	0.0	0.0289423	0.000623006	1.32366e-05	0.000329048	0.356149	0.018796	0.282557	0.0	0.00228371	0.0	-0.00117415	0.00103526	1.58042	0.0	0.831359	0.0273611	0.57255	0.217705	0.999991	11.0836	0.423573	0.14717	0.0661058	0.0234034	0.197268	0.025716	0.0691944	11.5197	-4460.23	4.0	7.01197e-07	-16888.4	4.0	1.50951e-05	1.0	1109.76	38.3054	458.958	25.9785	0.292569	0.0144155	1096.18	7.44385	
0.0-1.2	6.5-30.0	40.0-50.0	0.000-1.571	0.016	0.048	1441.0	1424.0	1148.53	35.9158	275.406	20.4172	-0.131296	0.240925	-0.05	0.0	0.48916	0.0	3.09239	0.0	0.0207172	0.0	0.0333488	0.0018124	0.03	0.0	1.492	0.0	5.0	0.0	1.733	0.0	0.027894	0.000553451	1.43354e-05	8.22848e-05	0.364478	0.0193863	0.282557	0.0	0.00228371	0.0	-0.00231607	0.00128507	1.58042	0.0	0.786164	0.0359157	0.738088	0.228871	0.649596	0.234979	1.03344e-07	0.160561	0.016068	0.0116434	0.436992	0.0587342	0.0243315	0.0115151	-2835.09	4.0	9.26465e-07	-10744.0	4.0	1.0349e-05	1.0	706.785	30.2011	441.74	24.7876	0.384615	0.0179201	1071.99	9.44849	
0.0-1.2	6.5-30.0	50.0-100.0	0.000-1.571	0.008	0.056	1291.0	1288.0	1136.64	35.1954	151.484	15.922	-0.283181	0.329981	-0.05	0.0	0.48916	0.0	3.09239	0.0	0.0207172	0.0	0.0296853	0.00166007	0.03	0.0	1.492	0.0	5.0	0.0	1.733	0.0	0.0256926	0.000489909	1.34486e-05	0.000306561	0.40904	0.0244338	0.282557	0.0	0.00228371	0.0	0.00123772	0.00108502	1.58042	0.0	0.745926	0.0322879	0.620569	0.0438109	0.999997	0.618336	0.001076	0.751321	0.00705367	6.22676e-09	0.218049	0.0200139	0.0206127	4.25205	-3265.52	4.0	1.88214e-07	-9994.75	4.0	2.18988e-05	1.0	789.489	30.8073	347.151	21.6109	0.305419	0.0164941	1051.16	8.21909	
0.0-2.4	10.0-13.0	0.0-100.0	0.000-1.571	0.008	0.136	6561.0	6559.0	4817.38	78.4159	1741.63	55.4367	-0.509325	0.0998965	-0.05	0.0	0.339448	0.0691194	3.09198	0.000581599	0.0209757	0.00183009	0.0414762	0.00219685	0.03	0.0	1.492	0.0	5.0	0.0	1.733	0.0	0.0358564	0.0010574	1.25623e-05	9.06713e-05	0.238577	0.00741199	0.0553454	0.0788853	0.000212513	0.0144851	0.000217847	0.000523907	2.09412	0.553674	0.916152	0.0155178	0.660055	0.042062	0.899915	0.133525	0.232496	0.0792236	0.0395336	0.0126588	0.193708	0.013575	0.102088	0.0518408	-13018.7	4.0	1.09529e-05	-57372.0	7.0	3.06297e-06	1.0	3305.31	70.5627	1512.07	51.8666	0.313879	0.00947705	1017.64	75.8946	
0.0-2.4	10.0-30.0	0.0-100.0	0.000-1.571	0.004	0.144	9989.0	9987.0	7422.72	97.2196	2564.25	67.7724	-0.514647	0.0828117	-0.05	0.0	0.389569	0.0553829	3.09267	0.000461081	0.021695	0.00136693	0.0434013	0.00198376	0.03	0.0	1.492	0.0	5.0	0.0	1.733	0.0	0.0365132	0.000911088	1.0177e-05	0.00195203	0.225705	0.005516	0.0477214	0.0592155	-0.000892962	0.00748279	-0.000380786	0.000403805	2.03646	0.461587	0.938072	0.0128283	0.816539	0.0643851	0.847371	0.155583	0.303277	0.0991408	0.0637419	0.0115999	0.203081	0.0100022	0.0299943	0.019678	-20233.8	4.0	2.17018e-06	-91764.2	7.0	1.99532e-06	1.0	4920.76	86.9156	2501.96	66.8907	0.337068	0.00785615	1017.79	52.6845	
0.0-2.4	11.0-13.0	0.0-100.0	0.000-1.571	0.008	0.105	3362.0	3359.0	2533.9	56.3892	825.105	38.3528	-0.674351	0.146168	-0.05	0.0	0.411488	0.0792403	3.09263	0.000799044	0.0218857	0.00204729	0.0464926	0.00344473	0.03	0.0	1.492	0.0	5.0	0.0	1.733	0.0	0.0383302	0.00152502	4.93653e-05	0.000238442	0.254515	0.0103924	0.0328637	0.0389686	-0.000371389	0.0145275	0.000547102	0.000725659	2.53131	0.734887	0.938614	0.0222621	0.796669	0.0723549	0.620243	0.0569875	3.27066e-07	0.0846007	0.0753287	0.0183445	0.202807	0.0152246	0.02	0.00961852	-6601.89	4.0	1.58643e-05	-27229.3	7.0	1.97374e-06	1.0	1675.96	50.0155	857.932	38.4059	0.338582	0.0131513	1030.83	60.8551	
0.0-2.4	13.0-16.0	0.0-100.0	0.000-1.571	0.008	0.08	2065.0	2059.0	1618.22	45.2142	440.771	29.4421	-0.309363	0.202464	-0.05	0.0	0.519563	0.0934125	3.09385	0.000980684	0.0236763	0.00257027	0.0540273	0.0053909	0.03	0.0	1.492	0.0	5.0	0.0	1.733	0.0	0.0411536	0.00219748	1.00002e-05	0.000966722	0.240936	0.0130151	0.0326157	0.0670782	-0.00999634	0.0183094	0.00166703	0.000888364	1.86063	0.773549	1.00611	0.0288998	0.941666	0.971021	0.672207	0.395029	0.106456	0.08859	0.0446367	0.0305413	0.181596	0.0214331	0.0411517	0.0139366	-4403.2	4.0	1.11723e-05	-15811.8	7.0	1.88478e-06	1.0	1113.94	40.9163	504.282	30.0658	0.311628	0.016413	1045.06	47.2307	
0.0-2.4	13.0-30.0	0.0-100.0	0.000-1.571	0.008	0.105	3428.0	3428.0	2610.25	57.3868	817.934	38.7386	-0.527818	0.146369	-0.05	0.0	0.468159	0.0771835	3.09403	0.000752667	0.0226048	0.00185904	0.0472989	0.00349755	0.03	0.0	1.492	0.0	5.0	0.0	1.733	0.0	0.0378027	0.00148267	2.10356e-05	0.0045896	0.205765	0.00815063	0.0347602	0.122355	-0.00537756	0.015369	-0.000649578	0.000639086	1.80759	0.989032	0.964934	0.0226722	0.999942	0.673027	0.701495	0.00567355	0.350123	0.00426133	0.0225596	1.47146	0.231093	0.00208053	0.0438374	0.000942055	-7230.07	4.0	2.73998e-05	-27976.0	7.0	5.61385e-05	1.0	1619.07	50.5963	991.181	42.0453	0.379727	0.0137755	1006.14	78.1588	
0.0-2.4	16.0-30.0	0.0-100.0	0.000-1.571	0.008	0.064	1363.0	1361.0	997.315	35.3352	363.72	24.7979	-0.778689	0.218422	-0.05	0.0	0.220169	0.170421	3.09459	0.0012724	0.0194959	0.0046149	0.0345275	0.00401846	0.03	0.0	1.492	0.0	5.0	0.0	1.733	0.0	0.0318333	0.00204114	5.46616e-05	1.05755	0.182456	0.0105857	0.461092	0.573416	0.00155876	0.00498774	-0.00334941	0.00121218	1.33655	0.440517	0.750948	0.0423455	0.784982	9.73843	0.958839	0.522561	0.429453	4.46148	0.00709554	9.82666e-08	0.265085	0.0343035	0.059652	0.0607895	-2855.94	4.0	8.16789e-05	-9805.7	7.0	4.02269e-05	1.0	561.556	29.2056	435.759	26.3719	0.436932	0.0214377	1061.88	208.904	
0.0-2.4	6.5-30.0	0.0-10.0	0.000-1.571	0.008	0.136	21706.0	21667.0	9632.88	118.763	12034.1	128.475	-0.0572709	0.0355919	-0.05	0.0	0.375397	0.0	3.09242	0.0	0.0503943	0.0	0.0262905	0.000554514	0.03	0.0	1.492	0.0	5.0	0.0	1.733	0.0	0.0372166	0.000122335	3.37928e-05	7.02542e-05	0.225097	0.00574019	0.17037	0.0	0.00383435	0.0	0.00159286	0.000416455	1.75411	0.0	0.959101	0.0110332	0.771861	0.049621	0.447162	0.0610195	0.447061	0.0501268	0.146402	0.0196173	0.200381	0.0104126	0.0554782	0.00938017	-30082.3	4.0	5.53102e-05	-204330.0	4.0	1.79827e-07	1.0	6951.79	111.069	2681.09	77.9934	0.278327	0.00733346	1134.62	3.86875	
0.0-2.4	6.5-30.0	0.0-100.0	0.000-1.571	0.004	0.152	55297.0	55274.0	30164.1	230.791	25110.0	219.597	-0.14725	0.0256142	-0.05	0.0	0.375397	0.0293906	3.09242	0.000250807	0.0503943	0.00154448	0.0258593	0.000550821	0.03	0.0	1.492	0.0	5.0	0.0	1.733	0.0	0.0370274	0.000554917	1.79985e-05	0.004591	0.262659	0.00360686	0.17037	0.071026	0.00383435	0.00270686	0.00219558	0.000235002	1.75411	0.130378	0.932617	0.00611862	0.563373	0.027858	0.929188	0.0137609	0.502754	0.0226746	0.0559861	0.00426204	0.173883	0.00566229	0.292328	0.0384156	-85968.3	4.0	7.34958e-05	-581492.0	7.0	8.48684e-05	1.0	21954.5	203.051	8209.58	130.226	0.272164	0.00378186	1116.15	39.2685	
0.0-2.4	6.5-30.0	0.0-5.0	0.000-1.571	0.008	0.152	11941.0	11930.0	5236.18	88.3446	6694.66	96.2438	0.0452359	0.0476831	-0.05	0.0	0.375397	0.0	3.09242	0.0	0.0503943	0.0	0.0260173	0.000810499	0.03	0.0	1.492	0.0	5.0	0.0	1.733	0.0	0.0370964	0.000177524	1.79985e-05	0.004591	0.222796	0.00773371	0.17037	0.0	0.00383435	0.0	0.00469697	0.000582556	1.75411	0.0	1.02319	0.0154654	0.520513	0.125187	0.704455	0.0702573	0.516745	0.0837695	0.0330632	0.0123227	0.157053	0.0116382	0.15123	0.0171465	-16336.3	4.0	2.74258e-06	-105307.0	4.0	6.64894e-05	1.0	3792.28	82.703	1443.9	57.7877	0.275754	0.0100076	1180.16	5.56202	
0.0-2.4	6.5-30.0	10.0-15.0	0.000-1.571	0.008	0.152	7248.0	7246.0	3594.69	71.1818	3651.2	71.577	-0.156783	0.0648019	-0.05	0.0	0.375397	0.0	3.09242	0.0	0.0503943	0.0	0.0258351	0.000860458	0.03	0.0	1.492	0.0	5.0	0.0	1.733	0.0	0.0370168	0.000187549	1.79985e-05	0.004591	0.283618	0.0109245	0.17037	0.0	0.00383435	0.0	0.00469449	0.000683902	1.75411	0.0	0.937172	0.0177052	0.391913	0.0405575	0.867698	0.0463168	0.319516	0.0657092	0.0302219	0.00488091	0.156976	0.0138627	0.159938	0.0360736	-10429.6	4.0	2.88864e-05	-60908.0	4.0	8.39963e-06	1.0	2574.15	64.5349	1020.53	44.4394	0.2839	0.0110103	1119.32	6.14926	
0.0-2.4	6.5-30.0	10.0-20.0	0.000-1.571	0.008	0.16	13051.0	13048.0	6794.92	96.5536	6252.88	93.7039	-0.149597	0.0495714	-0.05	0.0	0.375397	0.0	3.09242	0.0	0.0503943	0.0	0.0262171	0.000638295	0.03	0.0	1.492	0.0	5.0	0.0	1.733	0.0	0.0371842	0.000140547	1.00282e-05	0.000232918	0.263381	0.007481	0.17037	0.0	0.00383435	0.0	0.00247188	0.000511194	1.75411	0.0	0.939348	0.0131578	0.446286	0.062638	0.878501	0.0238278	0.35739	0.0760028	0.0341614	0.00487835	0.147963	0.0105005	0.267843	0.0317675	-19265.4	4.0	4.3491e-05	-117846.0	4.0	5.24905e-06	1.0	4853.91	88.5149	1941.01	61.9549	0.285657	0.00816447	1120.83	4.57431	
0.0-2.4	6.5-30.0	15.0-20.0	0.000-1.571	0.008	0.16	5802.0	5802.0	3194.61	65.1094	2607.37	60.4311	-0.138766	0.0768534	-0.05	0.0	0.375397	0.0	3.09242	0.0	0.0503943	0.0	0.0266051	0.000934738	0.03	0.0	1.492	0.0	5.0	0.0	1.733	0.0	0.037356	0.000207907	1.00282e-05	0.000232918	0.243187	0.0100352	0.17037	0.0	0.00383435	0.0	-0.00201098	0.000764647	1.75411	0.0	0.952402	0.0192	0.716395	0.0730478	0.821747	0.0459246	0.513815	0.0484478	0.0574614	0.0147919	0.140527	0.0148279	0.342839	0.0523848	-8872.96	4.0	1.49868e-07	-47985.3	4.0	7.27646e-06	1.0	2263.83	60.6925	930.781	43.7565	0.29136	0.0123428	1129.93	6.7131	
0.0-2.4	6.5-30.0	20.0-25.0	0.000-1.571	0.008	0.136	4955.0	4949.0	2897.23	60.8544	2051.48	53.4572	-0.28777	0.0870497	-0.05	0.0	0.375397	0.0	3.09242	0.0	0.0503943	0.0	0.0249132	0.000841246	0.03	0.0	1.492	0.0	5.0	0.0	1.733	0.0	0.03662	0.000178735	3.37928e-05	7.02542e-05	0.253929	0.0116701	0.17037	0.0	0.00383435	0.0	0.00201158	0.000702334	1.75411	0.0	0.833044	0.0181326	0.488564	0.415171	0.516309	0.364875	0.186775	0.145418	0.0399426	0.0172996	0.203324	0.0207866	0.0429764	0.0121125	-8668.71	4.0	1.33225e-06	-40496.0	4.0	2.82678e-05	1.0	2185.32	56.5586	711.913	36.2706	0.245722	0.0114056	1048.78	5.97444	
0.0-2.4	6.5-30.0	20.0-30.0	0.000-1.571	0.008	0.136	9062.0	9051.0	5427.28	82.7796	3623.05	71.0533	-0.217795	0.0654634	-0.05	0.0	0.375397	0.0	3.09242	0.0	0.0503943	0.0	0.0249694	0.000604555	0.03	0.0	1.492	0.0	5.0	0.0	1.733	0.0	0.0366439	0.000128652	3.37928e-05	7.02542e-05	0.259847	0.00833988	0.17037	0.0	0.00383435	0.0	0.00175587	0.000529548	1.75411	0.0	0.856502	0.0137494	0.534385	0.109485	0.623399	0.162322	0.293878	0.103935	0.0449523	0.0086985	0.181516	0.0135438	0.0361555	0.0124598	-15813.3	4.0	2.99012e-06	-79759.9	4.0	7.1045e-05	1.0	3976.94	76.6714	1450.34	51.8501	0.267231	0.0086405	1064.34	4.5897	
0.0-2.4	6.5-30.0	25.0-30.0	0.000-1.571	0.008	0.136	4107.0	4102.0	2529.7	56.1199	1571.99	46.8177	-0.125475	0.0993337	-0.05	0.0	0.375397	0.0	3.09242	0.0	0.0503943	0.0	0.0250225	0.000864539	0.03	0.0	1.492	0.0	5.0	0.0	1.733	0.0	0.0366665	0.000184255	3.37928e-05	7.02542e-05	0.266072	0.0118703	0.17037	0.0	0.00383435	0.0	0.00204002	0.000805286	1.75411	0.0	0.894272	0.0208764	0.513674	0.135433	0.965444	0.0598029	0.477828	0.129043	0.0379518	0.0109605	0.160206	0.0139542	0.128743	0.0961469	-7145.42	4.0	2.19646e-07	-33033.6	4.0	3.70794e-05	1.0	1793.09	51.7095	736.606	36.8586	0.291183	0.0130601	1089.81	7.10605	
0.0-2.4	6.5-30.0	30.0-35.0	0.000-1.571	0.008	0.12	3113.0	3108.0	1856.83	49.0336	1250.95	42.4079	-0.292462	0.111606	-0.05	0.0	0.375397	0.0	3.09242	0.0	0.0503943	0.0	0.0256456	0.00116651	0.03	0.0	1.492	0.0	5.0	0.0	1.733	0.0	0.0369344	0.000252955	3.63218e-05	5.72307e-05	0.224671	0.0145203	0.17037	0.0	0.00383435	0.0	0.00161672	0.000922399	1.75411	0.0	0.90698	0.0234961	0.53676	0.0630089	0.940053	0.808367	0.479826	0.130489	0.0531619	0.00865855	0.216391	0.0247659	0.0419224	0.0608532	-5552.06	4.0	8.86017e-07	-24009.8	4.0	1.77839e-05	1.0	1447.5	46.9598	409.331	29.3422	0.220446	0.014691	1098.49	8.04736	
0.0-2.4	6.5-30.0	30.0-40.0	0.000-1.571	0.008	0.12	5406.0	5401.0	3478.29	65.5636	1922.21	52.3692	-0.270627	0.0902354	-0.05	0.0	0.375397	0.0	3.09242	0.0	0.0503943	0.0	0.024734	0.0007526	0.03	0.0	1.492	0.0	5.0	0.0	1.733	0.0	0.036544	0.00015908	3.63218e-05	5.72307e-05	0.272481	0.0113324	0.17037	0.0	0.00383435	0.0	0.000855937	0.00066503	1.75411	0.0	0.850162	0.0168201	0.999968	115255.0	0.318619	1387.97	0.396292	1275.88	0.0071025	146947.0	0.25727	429.446	0.0686588	124.036	-9858.57	4.0	1.10106e-05	-45234.0	4.0	6.29778e-05	1.0	2597.35	61.4287	880.937	40.6482	0.253267	0.0106667	1060.12	5.5954	
0.0-2.4	6.5-30.0	35.0-40.0	0.000-1.571	0.008	0.12	2293.0	2293.0	1616.27	43.5716	676.628	30.9671	-0.22798	0.152565	-0.05	0.0	0.375397	0.0	3.09242	0.0	0.0503943	0.0	0.0237837	0.00100581	0.03	0.0	1.492	0.0	5.0	0.0	1.733	0.0	0.0361479	0.000206675	3.63218e-05	5.72307e-05	0.309046	0.0168774	0.17037	0.0	0.00383435	0.0	0.00224099	0.000966842	1.75411	0.0	0.813571	0.0244617	1.0	6.0667	0.280807	0.0149472	0.379301	0.012259	0.118651	6.9509	0.266125	0.0110179	0.0850647	0.00275014	-4339.16	4.0	8.44659e-07	-17565.6	4.0	1.08753e-05	1.0	1141.03	39.8264	475.242	28.3568	0.294037	0.0156518	1036.02	7.96834	
0.0-2.4	6.5-30.0	40.0-45.0	0.000-1.571	0.008	0.12	1726.0	1724.0	1247.83	38.2117	476.091	26.2383	-0.335734	0.182708	-0.05	0.0	0.375397	0.0	3.09242	0.0	0.0503943	0.0	0.0234557	0.00107149	0.03	0.0	1.492	0.0	5.0	0.0	1.733	0.0	0.0360137	0.000217942	3.63218e-05	5.72307e-05	0.230616	0.0167186	0.17037	0.0	0.00383435	0.0	-0.000380131	0.00113132	1.75411	0.0	0.832288	0.0303534	0.60132	0.117344	0.531263	0.124204	0.0440734	0.103118	0.027895	0.0102685	0.429646	0.0610434	0.0493076	0.012727	-3487.98	4.0	1.80402e-05	-12787.3	4.0	5.03496e-06	1.0	950.853	36.2769	296.98	23.4712	0.237996	0.0173402	1048.28	9.99671	
0.0-2.4	6.5-30.0	40.0-50.0	0.000-1.571	0.008	0.136	3196.0	3191.0	2392.83	52.5446	798.129	34.151	-0.809878	0.14424	-0.05	0.0	0.375397	0.0	3.09242	0.0	0.0503943	0.0	0.0267869	0.000849705	0.03	0.0	1.492	0.0	5.0	0.0	1.733	0.0	0.037437	0.000189873	3.37928e-05	7.02542e-05	0.308458	0.0131669	0.17037	0.0	0.00383435	0.0	-0.00169771	0.000822532	1.75411	0.0	0.79484	0.0224216	0.755424	0.861184	0.525622	0.402284	7.83112e-07	0.16648	0.0270973	0.0165909	0.318794	0.0296852	0.0338319	0.0137822	-5937.23	4.0	1.11724e-06	-25709.0	4.0	1.88158e-06	1.0	1643.08	47.1886	749.747	34.5832	0.313331	0.01271	1023.89	7.22019	
0.0-2.4	6.5-30.0	45.0-50.0	0.000-1.571	0.008	0.136	1469.0	1467.0	1145.68	36.0141	321.245	21.7406	-1.54864	0.240604	-0.05	0.0	0.375397	0.0	3.09242	0.0	0.0503943	0.0	0.0301953	0.00137341	0.03	0.0	1.492	0.0	5.0	0.0	1.733	0.0	0.0390236	0.000331884	3.37928e-05	7.02542e-05	0.355189	0.018608	0.17037	0.0	0.00383435	0.0	-0.00322631	0.00118972	1.75411	0.0	0.732568	0.0329192	0.789514	0.205092	0.650339	0.20437	1.69627e-06	0.701778	0.0284163	0.0166728	0.227075	0.0282184	0.0268521	0.0130529	-2516.99	4.0	1.70517e-06	-10738.5	4.0	6.72275e-06	1.0	676.903	30.4342	468.777	26.2797	0.409169	0.0189927	984.6	10.16	
0.0-2.4	6.5-30.0	5.0-10.0	0.000-1.571	0.008	0.112	9764.0	9715.0	4398.72	79.5622	5316.85	85.1351	-0.171319	0.0536361	-0.05	0.0	0.375397	0.0	3.09242	0.0	0.0503943	0.0	0.0266179	0.000773338	0.03	0.0	1.492	0.0	5.0	0.0	1.733	0.0	0.0373617	0.000172065	3.69703e-05	0.0265992	0.231604	0.00880989	0.17037	0.0	0.00383435	0.0	0.000524716	0.00060124	1.75411	0.0	0.932409	0.0158916	0.946495	0.0729862	0.234161	0.0407708	0.437023	0.0452854	0.19904	0.0963269	0.284331	0.0242828	0.0766626	0.00844633	-13715.8	4.0	3.65798e-07	-83922.5	4.0	4.06096e-05	1.0	3181.19	73.928	1217.53	51.3758	0.276791	0.0105523	1116.01	5.50756	
0.0-2.4	6.5-30.0	50.0-100.0	0.000-1.571	0.008	0.088	2874.0	2852.0	2380.56	51.5335	471.335	27.3237	-0.468935	0.188199	-0.05	0.0	0.375397	0.0	3.09242	0.0	0.0503943	0.0	0.0247578	0.000896064	0.03	0.0	1.492	0.0	5.0	0.0	1.733	0.0	0.0365541	0.000189535	3.69533e-05	0.0259228	0.324939	0.0156963	0.17037	0.0	0.00383435	0.0	0.003346	0.000820641	1.75411	0.0	0.854513	0.0221953	0.718548	0.00838502	1.0	3.56523	0.254348	0.0098039	0.0292372	0.00154482	0.250563	0.00387543	0.0263441	24.5689	-6291.72	4.0	1.09132e-05	-23274.2	4.0	5.7954e-06	1.0	1789.95	47.7928	590.609	30.7602	0.248097	0.0117524	1063.02	7.40108	
0.0-2.4	6.5-30.0	50.0-55.0	0.000-1.571	0.008	0.08	988.0	975.0	789.743	29.977	185.188	17.1493	-0.269057	0.297206	-0.05	0.0	0.375397	0.0	3.09242	0.0	0.0503943	0.0	0.0283394	0.00175625	0.03	0.0	1.492	0.0	5.0	0.0	1.733	0.0	0.0381443	0.000407494	1.00002e-05	2.73951e-05	0.176094	0.018113	0.17037	0.0	0.00383435	0.0	0.00223696	0.00159958	1.75411	0.0	0.922272	0.0464254	0.586916	0.268946	0.829606	0.7401	0.0003874	0.999902	0.0290189	0.0141617	0.215064	0.0375701	0.0257376	0.0236605	-2245.69	4.0	4.99954e-05	-6814.25	4.0	3.87236e-05	1.0	617.541	30.467	172.202	20.5305	0.218048	0.0246437	1109.0	16.0154	
0.0-2.4	6.5-30.0	50.0-60.0	0.000-1.571	0.008	0.08	1606.0	1589.0	1308.21	38.4531	280.682	21.2412	-0.44829	0.243609	-0.05	0.0	0.375397	0.0	3.09242	0.0	0.0503943	0.0	0.0284638	0.00135456	0.03	0.0	1.492	0.0	5.0	0.0	1.733	0.0	0.0382021	0.000315195	1.00002e-05	2.73951e-05	0.173546	0.0134018	0.17037	0.0	0.00383435	0.0	0.00299935	0.00118809	1.75411	0.0	0.881671	0.0326628	0.705763	1.06382	0.670039	1.0827	2.05789e-05	1.00197	0.0228952	0.020781	0.304787	0.0415004	0.0200247	0.310871	-3660.96	4.0	4.89185e-06	-11920.5	4.0	3.63949e-05	1.0	1000.98	38.6325	307.235	26.6148	0.234851	0.0191374	1081.26	11.048	
0.0-2.4	6.5-30.0	55.0-60.0	0.000-1.571	0.008	0.073	618.0	611.0	517.089	24.025	93.8949	12.4122	-0.829098	0.431096	-0.05	0.0	0.375397	0.0	3.09242	0.0	0.0503943	0.0	0.0284972	0.00214547	0.03	0.0	1.492	0.0	5.0	0.0	1.733	0.0	0.0382176	0.000499614	3.34445e-05	6.9324e-05	0.17424	0.020001	0.17037	0.0	0.00383435	0.0	0.00443304	0.00172797	1.75411	0.0	0.823843	0.0448423	0.629315	0.811116	0.998771	0.802598	0.145708	0.925625	0.00708658	0.0274572	0.436477	0.0899955	0.02	4.88269	-1420.95	4.0	1.15429e-05	-4029.36	4.0	2.0712e-05	1.0	385.157	23.6191	131.931	16.5891	0.255143	0.0298112	1042.74	14.6965	
0.0-2.4	6.5-30.0	60.0-100.0	0.000-1.571	0.008	0.088	1267.0	1258.0	1066.29	34.2047	191.863	17.1911	-0.508424	0.293915	-0.05	0.0	0.375397	0.0	3.09242	0.0	0.0503943	0.0	0.0195214	0.00102187	0.03	0.0	1.492	0.0	5.0	0.0	1.733	0.0	0.0345164	0.00018049	3.69533e-05	0.0259228	0.434897	0.0271179	0.17037	0.0	0.00383435	0.0	0.00239638	0.00114553	1.75411	0.0	0.789989	0.0296458	0.833209	0.386321	1.0	1.40915	0.242986	0.453018	0.0508358	0.10053	0.193101	0.0551814	0.0317143	37.2082	-2703.87	4.0	1.49243e-05	-9371.28	4.0	3.50718e-05	1.0	744.992	30.091	321.301	20.9901	0.301325	0.0171486	1020.77	9.51726	
0.0-2.4	6.5-30.0	60.0-70.0	0.000-1.571	0.008	0.088	865.0	857.0	739.243	28.275	117.93	13.3464	-0.715362	0.37695	-0.05	0.0	0.375397	0.0	3.09242	0.0	0.0503943	0.0	0.0170183	0.00102508	0.03	0.0	1.492	0.0	5.0	0.0	1.733	0.0	0.0336787	0.000161769	3.69533e-05	0.0259228	0.488871	0.0339205	0.17037	0.0	0.00383435	0.0	0.00241377	0.0014154	1.75411	0.0	0.798048	0.0358278	0.999709	3.82685	0.999999	17.6742	0.512413	0.789402	0.00708112	5.36183	0.22501	0.0765167	0.026451	123.489	-1818.14	4.0	4.49905e-05	-6129.78	4.0	5.61635e-05	1.0	487.518	24.1368	251.725	18.0992	0.340517	0.0207318	1025.96	11.5604	
0.0-2.4	6.5-30.0	70.0-100.0	0.000-1.571	0.016	0.073	402.0	398.0	325.172	19.1877	72.7809	10.7616	-0.188716	0.470876	-0.05	0.0	0.375397	0.0	3.09242	0.0	0.0503943	0.0	0.0258944	0.0025393	0.03	0.0	1.492	0.0	5.0	0.0	1.733	0.0	0.0370427	0.000554359	3.69173e-05	0.0282483	0.22272	0.0312958	0.17037	0.0	0.00383435	0.0	0.00133826	0.00211805	1.75411	0.0	0.842148	0.05663	1.0	0.0146161	0.81394	0.136653	1.51497e-05	0.203214	1.49971	0.344409	0.159457	0.0326309	0.0698804	0.0726647	-904.37	4.0	7.41556e-07	-2444.03	4.0	1.58046e-05	1.0	249.611	18.3767	75.5614	11.8592	0.232374	0.0337948	1054.8	18.7552	
0.0-2.4	6.5-7.5	0.0-100.0	0.000-1.571	0.016	0.16	23280.0	23273.0	9795.45	141.474	13476.9	153.828	-0.0470494	0.0338911	-0.05	0.0	0.630241	0.0209962	3.08981	0.00051848	0.03	0.00276354	0.07	0.00377356	0.03	0.0	1.492	0.0	5.0	0.0	1.733	0.0	0.0487754	0.00121436	8.17783e-05	0.000350179	0.254256	0.00772119	0.206936	0.0943215	0.00999971	0.0031414	0.00370941	0.000434748	1.88995	0.200823	0.953796	0.00960257	0.468463	0.0250695	0.868031	0.027654	0.576071	0.0324794	0.0577507	0.00581109	0.132911	0.0110815	0.272303	0.0292175	-31550.0	4.0	7.08015e-07	-219754.0	7.0	3.83421e-05	1.0	7836.59	130.247	1958.86	70.3871	0.199976	0.00657969	1208.57	61.3423	
0.0-2.4	6.5-8.0	0.0-100.0	0.000-1.571	0.016	0.16	30769.0	30759.0	13955.0	173.572	16803.9	181.581	-0.0920444	0.0315697	-0.05	0.0	0.616327	0.0403911	3.09013	0.000416538	0.0290676	0.000855314	0.066211	0.00487342	0.03	0.0	1.492	0.0	5.0	0.0	1.733	0.0	0.0469333	0.00153164	2.99332e-05	0.00458551	0.288129	0.00649124	0.247328	0.092515	0.00999999	0.0035556	0.00314247	0.000380137	1.76918	0.144226	0.916918	0.00865101	0.480981	0.0399903	0.862925	0.0287445	0.551816	0.0320379	0.0558514	0.00605996	0.146982	0.00861159	0.238676	0.0274447	-42145.4	4.0	5.89896e-05	-300451.0	7.0	0.000123932	1.0	10794.3	154.119	3160.64	85.2782	0.226488	0.0054229	1186.14	52.0254	
0.0-2.4	7.5-8.5	0.0-100.0	0.000-1.571	0.008	0.145	12877.0	12870.0	7414.39	108.349	5455.55	98.8524	-0.197151	0.0554454	-0.05	0.0	0.527284	0.0571043	3.09063	0.000496296	0.0256924	0.00116597	0.0510054	0.0031259	0.03	0.0	1.492	0.0	5.0	0.0	1.733	0.0	0.0397222	0.00119433	8.73167e-05	0.000503063	0.320136	0.00860321	0.23764	0.117549	0.00999999	0.0168022	0.0024564	0.000530175	1.61931	0.149835	0.881351	0.0137275	0.491733	0.0482624	0.889037	0.0509008	0.41693	0.0492738	0.0467408	0.00624564	0.186397	0.0107304	0.175873	0.0427424	-19939.5	4.0	1.87285e-05	-117233.0	7.0	5.66858e-06	1.0	5403.95	95.8103	2010.44	61.6974	0.271154	0.00731732	1102.42	55.8686	
0.0-2.4	8.0-10.0	0.0-100.0	0.000-1.571	0.008	0.152	14538.0	14531.0	9094.34	116.47	5436.85	99.4743	-0.174337	0.0545576	-0.05	0.0	0.467519	0.0429197	3.09304	0.000412888	0.046203	0.00180792	0.0219354	0.000912761	0.03	0.0	1.492	0.0	5.0	0.0	1.733	0.0	0.0354151	0.000760023	8.77568e-05	0.000222665	0.267613	0.00648989	0.22052	0.162925	0.000482536	0.00445097	0.00269122	0.00045505	1.61158	0.193917	0.888506	0.0122744	0.56979	0.130945	0.707793	0.106451	0.384347	0.104067	0.0313573	0.0101776	0.260987	0.0151147	0.0786713	0.0138001	-25073.6	4.0	2.78579e-07	-135928.0	7.0	0.000137136	1.0	6513.83	103.506	2580.51	69.6175	0.283749	0.00673752	1089.99	74.6853	
0.0-2.4	8.5-9.5	0.0-100.0	0.000-1.571	0.008	0.12	6754.0	6740.0	4278.66	78.9582	2461.58	66.4556	-0.206392	0.0810889	-0.05	0.0	0.478114	0.0626161	3.09419	0.000599054	0.045042	0.00244634	0.02244	0.00124771	0.03	0.0	1.492	0.0	5.0	0.0	1.733	0.0	0.0351111	0.00103371	6.95629e-05	0.856416	0.236954	0.00792135	0.195257	0.140777	-0.00999932	0.0168172	0.00182407	0.00066792	1.55521	0.187671	0.8941	0.0178807	0.735689	0.159016	0.693282	0.210761	0.40077	0.0928598	0.0449769	0.0192552	0.228913	0.0179261	0.0488853	0.0187881	-11781.7	4.0	3.12331e-06	-58001.2	7.0	5.05708e-05	1.0	2929.8	69.9134	1348.86	50.836	0.315252	0.0103596	1056.21	60.6311	
0.0-2.4	9.5-11.0	0.0-100.0	0.000-1.571	0.008	0.136	5594.0	5590.0	3886.64	75.7637	1703.34	59.6305	-0.283204	0.100562	-0.05	0.0	0.354203	0.0764255	3.09221	0.000629334	0.0481825	0.00361081	0.0247653	0.00156056	0.03	0.0	1.492	0.0	5.0	0.0	1.733	0.0	0.0349054	0.00133467	1.00134e-05	0.000394123	0.258614	0.00981124	0.411816	0.288493	0.0022233	0.00388478	0.000987311	0.00071506	1.51553	0.180886	0.724442	0.0203494	0.62686	0.137988	0.621945	0.0944754	0.187407	0.127431	0.0159099	0.0113029	0.272501	0.021056	0.0691732	0.0123911	-10616.5	4.0	5.45464e-05	-47648.2	7.0	9.15264e-05	1.0	2818.28	67.1655	1068.36	43.895	0.274881	0.00994176	1120.07	124.796	
0.4-0.8	6.5-30.0	0.0-100.0	0.000-1.571	0.008	0.073	5935.0	5935.0	3932.99	72.3437	2001.98	57.4658	-0.0273978	0.089756	-0.05	0.0	0.744402	0.0647784	3.09232	0.000452553	0.0218742	0.000724267	0.037322	0.00374386	0.03	0.0	1.492	0.0	5.0	0.0	1.733	0.0	0.0266873	0.00089693	1.07909e-05	6.48731e-06	0.335042	0.0108613	0.164736	0.163076	-0.00113548	0.00593586	-0.000824138	0.000591434	1.82366	0.359661	0.926828	0.0176435	0.722772	0.0630801	0.898363	0.0325591	0.490577	0.0471599	0.0642671	0.0180607	0.198298	0.0204399	0.538871	0.118653	-11275.3	4.0	3.40949e-06	-51662.8	7.0	3.38879e-05	1.0	2655.67	61.6872	1277.32	44.3976	0.32477	0.00957827	1124.89	101.667	
0.8-1.2	6.5-30.0	0.0-100.0	0.000-1.571	0.008	0.105	10663.0	10657.0	6063.73	98.3982	4594.17	90.613	0.109622	0.0613429	-0.05	0.0	0.182726	0.0876728	3.0926	0.000551591	0.026991	0.00315215	0.0329429	0.00147858	0.03	0.0	1.492	0.0	5.0	0.0	1.733	0.0	0.0319382	0.000712425	3.76156e-05	0.000218351	0.283291	0.00795137	0.510138	0.279061	0.00698866	0.00378923	0.00048466	0.000642464	1.44442	0.131788	0.709426	0.0172291	0.476272	0.0541475	0.817779	0.0467417	0.437883	0.0487085	0.0466486	0.00671178	0.182071	0.0131921	0.218869	0.0325687	-16756.9	4.0	8.81249e-05	-95166.0	7.0	0.000143673	1.0	4246.48	84.5108	1817.25	57.1247	0.299692	0.0080684	1144.93	105.405	
1.2-1.6	6.5-30.0	0.0-10.0	0.000-1.571	0.008	0.136	5912.0	5901.0	2355.38	61.0167	3545.6	70.0919	0.0834907	0.0654444	-0.05	0.0	0.43792	0.0	3.09167	0.0	0.0479531	0.0	0.0325025	0.00154538	0.03	0.0	1.492	0.0	5.0	0.0	1.733	0.0	0.0400098	0.000352819	2.31047e-05	0.000294422	0.251173	0.0117885	0.103775	0.0	0.00999984	0.0	0.0017672	0.000761506	2.09199	0.0	0.878602	0.0204137	0.924973	0.0579753	0.260323	0.0443347	0.311482	0.0695768	0.19737	0.0878441	0.21119	0.0185373	0.0555663	0.00637669	-7356.82	4.0	2.12736e-06	-47509.6	4.0	5.76416e-06	1.0	1586.02	54.8427	769.367	41.4353	0.326642	0.015423	1070.51	7.50773	
1.2-1.6	6.5-30.0	0.0-100.0	0.000-1.571	0.008	0.136	14609.0	14584.0	7369.97	123.951	7213.95	123.287	-0.0801323	0.0491641	-0.05	0.0	0.43792	0.0874484	3.09167	0.000610675	0.0479531	0.00288744	0.0313566	0.0014548	0.03	0.0	1.492	0.0	5.0	0.0	1.733	0.0	0.0394925	0.00110709	2.31047e-05	0.000294422	0.229022	0.00666757	0.103775	0.0507441	0.00999984	0.0195355	0.0018233	0.000466883	2.09199	0.256609	0.945974	0.0119322	0.753187	0.0956377	0.403625	0.0799652	0.338469	0.076662	0.103261	0.0205908	0.2149	0.0134772	0.0443312	0.00843376	-21525.4	4.0	1.35531e-05	-132697.0	7.0	0.000142444	1.0	5346.33	108.744	2023.64	69.9899	0.274579	0.00829822	1120.79	46.8078	
1.2-1.6	6.5-30.0	10.0-20.0	0.000-1.571	0.008	0.128	3253.0	3242.0	1614.79	48.5378	1627.53	48.6686	-0.171858	0.0971392	-0.05	0.0	0.43792	0.0	3.09167	0.0	0.0479531	0.0	0.0343406	0.00202065	0.03	0.0	1.492	0.0	5.0	0.0	1.733	0.0	0.0408637	0.00047723	2.94195e-05	0.000284662	0.188628	0.0111146	0.103775	0.0	0.00999984	0.0	0.00263385	0.00107787	2.09199	0.0	1.04689	0.0264797	0.575126	0.0765099	0.683221	0.750196	0.484895	0.307853	0.101541	0.0181872	0.185297	0.0201552	0.0200012	0.0618707	-4780.66	4.0	1.92651e-05	-24539.9	4.0	5.08041e-05	1.0	1114.71	46.0241	500.084	34.9501	0.309689	0.0195396	1198.5	10.3648	
1.2-1.6	6.5-30.0	20.0-30.0	0.000-1.571	0.008	0.105	2565.0	2554.0	1452.44	43.4448	1101.63	39.2001	-0.171104	0.118499	-0.05	0.0	0.43792	0.0	3.09167	0.0	0.0479531	0.0	0.0286339	0.00153664	0.03	0.0	1.492	0.0	5.0	0.0	1.733	0.0	0.0383125	0.00032276	1.00889e-05	0.00459463	0.247297	0.0159749	0.103775	0.0	0.00999984	0.0	0.000293284	0.00102206	2.09199	0.0	0.958483	0.0236869	0.445821	0.44325	0.55102	0.802605	0.158286	0.280599	0.0254347	0.00948084	0.149432	0.0219108	0.0245294	0.0104061	-4426.7	4.0	2.80203e-06	-19080.8	4.0	2.66894e-06	1.0	1089.2	40.7207	363.243	26.7355	0.250091	0.0168187	1130.27	9.00113	
1.2-1.6	6.5-30.0	30.0-40.0	0.000-1.571	0.008	0.12	1432.0	1430.0	823.993	33.0038	605.859	29.5141	0.0534274	0.159365	-0.05	0.0	0.43792	0.0	3.09167	0.0	0.0479531	0.0	0.0295959	0.00242789	0.03	0.0	1.492	0.0	5.0	0.0	1.733	0.0	0.0387212	0.000521531	1.72747e-05	0.00459133	0.168171	0.0215252	0.103775	0.0	0.00999984	0.0	0.00493189	0.00136064	2.09199	0.0	0.895251	0.0349201	1.0	1.08173	0.238796	0.0568099	0.275258	0.0908207	0.0798424	1.31424	0.313662	0.0549173	0.0778576	0.0109092	-2483.62	4.0	2.3084e-06	-9854.99	4.0	3.06645e-05	1.0	674.734	34.2371	149.259	21.8528	0.181141	0.0255088	1082.8	12.9377	
1.2-1.6	6.5-30.0	40.0-50.0	0.000-1.571	0.016	0.064	744.0	723.0	537.882	25.0529	185.051	16.5792	-1.66124	0.323531	-0.05	0.0	0.43792	0.0	3.09167	0.0	0.0479531	0.0	0.0298055	0.00280281	0.03	0.0	1.492	0.0	5.0	0.0	1.733	0.0	0.0388115	0.00060492	2.95545e-05	0.000300613	0.245871	0.0271732	0.103775	0.0	0.00999984	0.0	-0.0038854	0.00197621	2.09199	0.0	1.04752	0.052571	0.999978	10.1011	0.999945	0.641242	0.53871	0.426981	0.00878743	14.1327	0.214837	0.0619293	0.0201183	2.75391	-1411.2	4.0	3.66303e-05	-4721.23	4.0	1.76108e-05	1.0	405.038	24.3926	132.844	16.6547	0.246976	0.0287473	1199.0	20.5816	
1.2-1.6	6.5-30.0	50.0-100.0	0.000-1.571	0.016	0.073	700.0	693.0	555.651	24.843	137.335	14.1022	-1.29611	0.356254	-0.05	0.0	0.43792	0.0	3.09167	0.0	0.0479531	0.0	0.0292176	0.00213409	0.03	0.0	1.492	0.0	5.0	0.0	1.733	0.0	0.0385594	0.000454459	1.01642e-05	0.000817577	0.217309	0.0262873	0.103775	0.0	0.00999984	0.0	0.00609511	0.00182235	2.09199	0.0	0.966973	0.0497612	0.704342	0.24863	0.771919	0.285437	1.30321e-06	0.841526	0.0285405	0.0313919	0.340443	0.0556937	0.02	0.0736956	-1444.74	4.0	2.52049e-05	-4606.65	4.0	7.51091e-06	1.0	438.348	24.4199	117.303	15.4835	0.21111	0.0262183	1136.74	18.9685	
1.6-2.0	6.5-30.0	0.0-100.0	0.000-1.571	0.008	0.16	13766.0	13759.0	6761.43	126.675	6997.53	127.421	-0.371649	0.0494304	-0.05	0.0	0.53209	0.088587	3.09107	0.000756119	0.0560071	0.00332628	0.0332443	0.00204037	0.03	0.0	1.492	0.0	5.0	0.0	1.733	0.0	0.0467567	0.00147134	2.61437e-05	0.00458725	0.201534	0.00774132	0.462154	0.274076	0.00485629	0.00340939	0.00189041	0.000696615	1.4787	0.146906	0.856927	0.015574	0.999999	0.634652	0.461724	0.0593711	0.656093	0.0304366	0.00736302	0.000124061	0.181259	0.011859	0.103668	0.010971	-20545.2	4.0	8.15652e-06	-123563.0	7.0	4.04603e-05	1.0	5462.21	116.874	1299.22	61.4802	0.192151	0.00834981	1185.53	94.0575	
1.6-2.4	3.0-30.0	0.0-100.0	0.000-1.571	0.008	0.264	350343.0	350326.0	60666.1	465.939	289662.0	667.877	-0.00722968	0.00726869	-0.05	0.0	0.0384198	0.00581127	3.08915	0.0003831	0.0120333	0.00111867	0.0530816	0.000525119	0.03	0.0	1.89	0.0	5.0	0.0	1.44	0.0	0.0521053	0.000267828	1.05692e-05	6.49144e-05	0.218662	0.00398064	0.19593	0.106578	0.00823221	0.0041731	0.00618834	0.00016345	1.71895	0.159922	0.982421	0.00226878	1.0	0.00351311	0.81623	0.00586099	0.776905	0.00374997	0.0134285	1.67037e-05	0.110722	0.00203685	0.306338	0.00652013	-338073.0	4.0	1.80545e-06	-4174820.0	7.0	0.000147268	1.0	51163.8	458.391	9502.29	247.048	0.156633	0.00389051	1164.04	51.0879	
1.6-2.4	3.0-4.5	0.0-100.0	0.000-1.571	0.016	0.264	255836.0	255824.0	32725.6	603.103	223098.0	744.284	0.0986616	0.00835082	-0.05	0.0	0.785605	0.0548786	3.0874	0.000668118	0.0478966	0.00131937	0.09	0.00449033	0.03	0.0	1.86	0.0	5.0	0.0	1.38	0.0	0.0594882	0.00158031	8.85777e-05	0.0369611	0.231599	0.00685715	0.101357	0.069759	0.0499991	0.0925249	0.00303484	0.000192061	1.84755	0.275177	1.0239	0.00245096	1.0	0.237209	0.846709	0.000203504	0.720686	0.000171929	0.0166161	22.4854	0.0815341	5.6129e-05	0.318781	0.000297659	-235977.0	4.0	2.80215e-06	-2963390.0	7.0	0.000143154	1.0	28631.7	556.706	4093.87	192.852	0.125097	0.00542332	1134.94	42.8614	
1.6-2.4	3.0-5.5	0.0-100.0	0.000-1.571	0.016	0.264	308442.0	308424.0	44457.3	777.581	263967.0	903.412	0.00877038	0.00766837	-0.05	0.0	0.839517	0.0264379	3.08836	0.000516252	0.0484674	0.000657302	0.13	0.00483771	0.03	0.0	1.86	0.0	5.0	0.0	1.38	0.0	0.0684417	0.00159887	1.55371e-05	0.00459213	0.230237	0.00560261	0.125652	0.0884483	0.0251244	0.0167426	0.00669012	0.000173989	1.92178	0.271466	1.02785	0.00226807	1.0	173.457	0.819249	0.011758	0.792017	0.0165543	0.0207522	219.174	0.105813	0.00386607	0.319071	0.00389188	-287802.0	4.0	0.000112125	-3631870.0	7.0	0.00547145	1.0	38539.0	704.998	5918.33	231.024	0.133124	0.0046457	1178.05	56.7835	
1.6-2.4	3.0-6.5	0.0-10.0	0.000-1.571	0.016	0.264	147291.0	147273.0	15972.5	246.071	131299.0	418.998	-0.0522152	0.0106866	-0.05	0.0	0.860396	0.0	3.08914	0.0	0.0486916	0.0	0.0513793	0.00463121	0.03	0.0	1.86	0.0	5.0	0.0	1.38	0.0	0.0490757	0.000338442	1.3729e-05	0.00459296	0.238839	0.0100423	0.173641	0.0	0.0248856	0.0	0.00675609	0.00026144	1.74699	0.0	1.02224	0.00358669	1.0	0.0685774	0.776729	0.000434386	0.780352	0.000205782	0.37024	10.6149	0.110185	0.00013391	0.340442	0.00046491	-129851.0	4.0	4.46949e-06	-1623930.0	4.0	0.0046631	1.0	13888.6	247.453	2083.94	128.383	0.13047	0.00778237	1180.45	1.28332	
1.6-2.4	3.0-6.5	0.0-100.0	0.000-1.571	0.016	0.264	331500.0	331482.0	49360.9	650.159	282121.0	809.493	-0.0167844	0.00738543	-0.05	0.0	0.860396	0.0417247	3.08914	0.000471723	0.0486916	0.000912628	0.09	0.00353796	0.03	0.0	1.86	0.0	5.0	0.0	1.38	0.0	0.0563088	0.00118214	1.3729e-05	0.00459296	0.23174	0.00503146	0.173641	0.119565	0.0248856	0.0127773	0.00550293	0.000170711	1.74699	0.202734	1.00439	0.00228895	1.0	0.000177771	0.79632	0.0109439	0.782931	0.0102184	0.0154027	1.36927e-05	0.104533	0.00537944	0.302872	0.0105061	-312526.0	4.0	0.000115245	-3928810.0	7.0	0.000618604	1.0	42627.6	598.061	6733.29	224.26	0.136409	0.00417291	1167.72	58.5622	
1.6-2.4	3.0-6.5	0.0-20.0	0.000-1.571	0.016	0.264	267439.0	267421.0	32721.1	430.824	234702.0	622.514	-0.00295596	0.00802589	-0.05	0.0	0.860396	0.0	3.08914	0.0	0.0486916	0.0	0.0899991	0.0159369	0.03	0.0	1.86	0.0	5.0	0.0	1.38	0.0	0.0563086	0.00177801	1.3729e-05	0.00459296	0.229074	0.00654873	0.173641	0.0	0.0248856	0.0	0.00591509	0.000192356	1.74699	0.0	1.01074	0.00256037	1.0	0.0204095	0.803676	8.80395e-05	0.787314	4.37074e-05	0.173334	21.038	0.103284	2.4826e-05	0.320476	9.82877e-05	-247071.0	4.0	2.89609e-05	-3109180.0	4.0	0.000284913	1.0	28416.4	413.724	4304.72	185.459	0.131558	0.0053967	1172.24	0.912144	
1.6-2.4	3.0-6.5	10.0-20.0	0.000-1.571	0.016	0.209	120147.0	119958.0	14506.9	201.441	105451.0	362.661	0.0752051	0.0119003	-0.05	0.0	0.860396	0.0	3.08914	0.0	0.0486916	0.0	0.01	0.000115953	0.03	0.0	1.86	0.0	5.0	0.0	1.38	0.0	0.0453194	1.78594e-06	1.37782e-05	0.00459294	0.227608	0.00968581	0.173641	0.0	0.0248856	0.0	0.00663686	0.000281224	1.74699	0.0	1.00064	0.0036231	0.948736	0.0080021	0.805582	0.038636	0.817733	0.00753636	0.382316	0.0401746	0.13347	0.00322991	0.0884158	0.0124066	-117873.0	4.0	3.7792e-05	-1299180.0	4.0	3.10939e-06	1.0	12843.2	207.703	1663.71	108.947	0.114684	0.00733922	1165.06	1.28572	
1.6-2.4	3.0-6.5	20.0-30.0	0.000-1.571	0.016	0.192	35179.0	35170.0	6734.95	126.531	28434.9	194.188	-0.111887	0.0230561	-0.05	0.0	0.860396	0.0	3.08914	0.0	0.0486916	0.0	0.0899998	0.0059601	0.03	0.0	1.86	0.0	5.0	0.0	1.38	0.0	0.0563088	0.000664947	1.37746e-05	0.00459294	0.227966	0.0111255	0.173641	0.0	0.0248856	0.0	0.0032115	0.000510879	1.74699	0.0	0.98576	0.00689414	0.971278	0.0217971	0.765496	0.040518	0.753133	0.0136862	0.411741	0.116404	0.108414	0.00916963	0.204456	0.0231827	-34669.2	4.0	7.19301e-05	-338665.0	4.0	4.70376e-05	1.0	5664.89	129.223	1070.06	76.0003	0.158882	0.0108825	1154.53	2.43212	
1.6-2.4	3.0-6.5	20.0-40.0	0.000-1.571	0.016	0.192	52080.0	52060.0	11306.2	157.328	40754.3	232.798	-0.0928518	0.019266	-0.05	0.0	0.860396	0.0	3.08914	0.0	0.0486916	0.0	0.0899999	0.00411226	0.03	0.0	1.86	0.0	5.0	0.0	1.38	0.0	0.0563088	0.00045879	1.37746e-05	0.00459294	0.231672	0.00901633	0.173641	0.0	0.0248856	0.0	0.00392196	0.000416835	1.74699	0.0	0.986113	0.00572134	0.972708	0.0239525	0.767286	0.0443915	0.759264	0.0106093	0.362181	0.113271	0.111534	0.0074639	0.190711	0.0188871	-52605.6	4.0	0.00011173	-522533.0	4.0	5.08856e-05	1.0	9601.64	162.341	1704.58	95.2151	0.150765	0.00815598	1154.78	2.01867	
1.6-2.4	3.0-6.5	30.0-40.0	0.000-1.571	0.016	0.152	16901.0	16774.0	4275.87	93.5491	12498.2	130.282	-0.00769111	0.0346998	-0.05	0.0	0.860396	0.0	3.08914	0.0	0.0486916	0.0	0.031172	0.00596214	0.03	0.0	1.86	0.0	5.0	0.0	1.38	0.0	0.0466427	0.000278132	1.3843e-05	0.00459291	0.24196	0.0156318	0.173641	0.0	0.0248856	0.0	0.00517822	0.000718233	1.74699	0.0	0.982819	0.0101459	0.888597	23.0586	0.927305	28.5113	0.767312	0.28956	0.155349	0.0535841	0.119524	0.685304	0.154955	0.48158	-18148.6	4.0	1.56683e-05	-150025.0	4.0	8.49661e-06	1.0	3671.28	96.2176	604.59	54.6006	0.141396	0.0123891	1152.46	3.57501	
1.6-2.4	3.0-6.5	40.0-100.0	0.000-1.571	0.016	0.168	11980.0	11967.0	5277.72	98.0141	6689.26	104.962	-0.0142822	0.0477328	-0.05	0.0	0.860396	0.0	3.08914	0.0	0.0486916	0.0	0.0690786	0.00859153	0.03	0.0	1.86	0.0	5.0	0.0	1.38	0.0	0.0520198	0.000796367	1.33924e-05	0.00459311	0.24126	0.013871	0.173641	0.0	0.0248856	0.0	0.00532851	0.000791545	1.74699	0.0	0.925137	0.0112123	1.0	3.25272	0.770672	0.00270386	0.78059	0.00102748	0.00966952	2.75146	0.167991	0.000809984	0.244449	0.00212001	-14823.5	4.0	2.82817e-05	-104953.0	4.0	0.00012258	1.0	4545.54	100.232	732.178	55.7235	0.13873	0.0102391	1112.3	3.85317	
1.6-2.4	3.0-6.5	40.0-50.0	0.000-1.571	0.016	0.136	7075.0	6980.0	2696.41	68.049	4283.5	78.8476	0.0259468	0.0594409	-0.05	0.0	0.860396	0.0	3.08914	0.0	0.0486916	0.0	0.0587934	0.00829668	0.03	0.0	1.86	0.0	5.0	0.0	1.38	0.0	0.050224	0.000677937	1.41936e-05	0.00459275	0.220254	0.0142491	0.173641	0.0	0.0248856	0.0	0.0014267	0.00103598	1.74699	0.0	0.850253	0.0157286	0.999993	0.712071	0.82938	0.0399421	0.529697	0.0782715	0.00714148	1.46564e-06	0.05	0.0039446	0.242863	0.0286932	-8416.26	4.0	4.86502e-07	-57080.8	4.0	4.8377e-06	1.0	2140.84	69.569	555.567	46.015	0.20604	0.0162538	1061.77	5.20414	
1.6-2.4	3.0-6.5	50.0-100.0	0.000-1.571	0.016	0.168	4905.0	4905.0	2593.77	64.1957	2311.15	61.949	0.0244537	0.0815677	-0.05	0.0	0.860396	0.0	3.08914	0.0	0.0486916	0.0	0.0860269	0.00988369	0.03	0.0	1.86	0.0	5.0	0.0	1.38	0.0	0.0554351	0.00107062	1.33924e-05	0.00459311	0.271992	0.0248156	0.173641	0.0	0.0248856	0.0	0.00374139	0.0012197	1.74699	0.0	0.9553	0.0161396	0.881886	0.00981557	1.0	16.812	0.763797	0.00719936	0.240098	0.0171386	0.187815	0.00508726	0.0630481	83.7382	-6583.1	4.0	3.48844e-06	-39105.5	4.0	5.85571e-05	1.0	2315.17	66.34	278.608	34.1356	0.107414	0.0128893	1133.17	5.62181	
1.6-2.4	4.5-5.5	0.0-100.0	0.000-1.571	0.016	0.184	52606.0	52490.0	10906.7	278.176	41585.6	328.548	-0.409283	0.0216231	-0.05	0.0	0.138052	0.245636	3.09063	0.000844536	0.0720911	0.0303987	0.0469157	0.00394599	0.03	0.0	1.86	0.0	5.0	0.0	1.38	0.0	0.051134	0.00491244	2.30218e-05	0.000291032	0.227659	0.00890543	0.23046	0.240884	0.0112429	0.0129983	0.0072794	0.000424831	1.78882	0.370612	1.02628	0.00641543	1.0	0.41861	0.68216	0.0024549	0.811337	0.000607486	0.461672	15.0138	0.148517	0.000617103	0.233833	0.00120867	-52331.1	4.0	2.56518e-07	-527043.0	7.0	0.00717688	1.0	9090.03	250.446	1816.65	105.447	0.166563	0.00868478	1244.17	120.706	
1.6-2.4	5.5-6.5	0.0-100.0	0.000-1.571	0.016	0.168	23058.0	23029.0	6636.34	138.515	16392.7	170.111	-0.483901	0.0313521	-0.05	0.0	0.921233	0.120013	3.09356	0.000982795	0.0526124	0.00240078	0.0324589	0.0118902	0.03	0.0	1.86	0.0	5.0	0.0	1.38	0.0	0.051313	0.00154217	1.49587e-05	0.00459239	0.221889	0.0102135	0.433557	0.413492	0.016385	0.017632	0.0042647	0.000682255	1.45242	0.194727	0.879979	0.011988	1.0	0.0687082	0.352626	0.0348694	0.708619	0.0171848	0.00722814	0.0853187	0.213943	0.0122544	0.104898	0.00725558	-25844.6	4.0	5.51047e-05	-213682.0	7.0	3.87786e-05	1.0	5601.46	130.753	1034.88	62.4006	0.155941	0.00882157	1163.28	129.851	
1.6-2.4	6.5-30.0	0.0-10.0	0.000-1.571	0.008	0.152	7431.0	7424.0	3046.34	70.2299	4377.61	79.1403	-0.299587	0.0593745	-0.05	0.0	0.636469	0.0	3.09076	0.0	0.0581049	0.0	0.0327308	0.00214101	0.03	0.0	1.492	0.0	5.0	0.0	1.733	0.0	0.0503814	0.000252822	2.77437e-05	0.00458652	0.227433	0.0146267	0.211707	0.0	0.00199102	0.0	0.00306343	0.000823226	1.6767	0.0	1.03796	0.0184165	0.999997	0.374487	0.325436	0.140383	0.587974	0.104047	0.137236	0.00718725	0.198916	0.0426196	0.0874346	0.025252	-9822.85	4.0	6.05338e-05	-61291.1	4.0	1.09591e-06	1.0	2558.05	69.3232	488.283	38.1392	0.160285	0.011962	1201.85	6.26893	
1.6-2.4	6.5-30.0	0.0-100.0	0.000-1.571	0.008	0.152	18843.0	18826.0	9368.64	156.172	9457.72	156.17	-0.377065	0.0442366	-0.05	0.0	0.636469	0.094325	3.09076	0.00067088	0.0581049	0.0026414	0.0318218	0.00342217	0.03	0.0	1.492	0.0	5.0	0.0	1.733	0.0	0.0501692	0.00152894	2.77437e-05	0.00458652	0.194575	0.00622914	0.211707	0.175346	0.00199102	0.00574194	0.00261787	0.000463994	1.6767	0.235346	0.943198	0.0103046	0.999975	0.851473	0.512884	0.0890593	0.656066	0.0400128	0.00805399	3.18675e-08	0.177025	0.0160321	0.104421	0.0220003	-28037.4	4.0	3.45525e-07	-174883.0	7.0	1.30016e-05	1.0	7438.87	142.408	1929.77	77.0597	0.205982	0.00747432	1138.62	82.6487	
1.6-2.4	6.5-30.0	10.0-20.0	0.000-1.571	0.008	0.16	4744.0	4744.0	2225.18	58.4205	2519.03	60.8821	-0.292361	0.0784241	-0.05	0.0	0.636469	0.0	3.09076	0.0	0.0581049	0.0	0.0337576	0.00285921	0.03	0.0	1.492	0.0	5.0	0.0	1.733	0.0	0.0506271	0.000346534	2.91966e-05	0.00458585	0.175142	0.0113027	0.211707	0.0	0.00199102	0.0	0.00158111	0.000965367	1.6767	0.0	0.967456	0.0204116	0.892904	0.0025686	0.999916	0.667287	0.688911	0.00228415	0.222148	0.00462912	0.134268	0.000898364	0.20902	3.04429	-6866.29	4.0	3.13353e-06	-37340.3	4.0	1.03368e-05	1.0	1741.84	59.0022	483.341	39.3825	0.217214	0.0167546	1154.55	6.74143	
1.6-2.4	6.5-30.0	20.0-30.0	0.000-1.571	0.008	0.136	2976.0	2966.0	1638.8	46.8759	1327.2	43.4255	-0.708986	0.110042	-0.05	0.0	0.636469	0.0	3.09076	0.0	0.0581049	0.0	0.0267102	0.00217162	0.03	0.0	1.492	0.0	5.0	0.0	1.733	0.0	0.0490733	0.000214847	6.70209e-05	0.882424	0.206895	0.01435	0.211707	0.0	0.00199102	0.0	0.00351951	0.0010117	1.6767	0.0	0.823419	0.0240907	0.876017	0.15688	0.504924	0.197872	0.60622	0.139574	0.116799	0.0593482	0.169438	0.0262134	0.0481247	0.0382659	-4935.12	4.0	8.04779e-08	-22346.5	4.0	5.7257e-07	1.0	1270.83	45.7944	367.969	29.7748	0.224535	0.0169956	1062.85	7.35622	
1.6-2.4	6.5-30.0	30.0-40.0	0.000-1.571	0.008	0.12	1797.0	1794.0	1093.59	37.8024	700.327	32.1839	-0.439423	0.15034	-0.05	0.0	0.636469	0.0	3.09076	0.0	0.0581049	0.0	0.0280648	0.00268332	0.03	0.0	1.492	0.0	5.0	0.0	1.733	0.0	0.0493474	0.000277384	7.90451e-05	0.000185159	0.159665	0.0125287	0.211707	0.0	0.00199102	0.0	0.000933228	0.00132643	1.6767	0.0	0.842567	0.0286171	0.850586	0.269043	1.0	0.00737084	0.733775	0.0996348	0.00704314	2.27204e-09	0.194054	0.0265481	1.63764	3.6718	-3126.24	4.0	0.00216522	-12745.2	4.0	4.23864e-06	1.0	772.257	38.2571	321.33	29.5697	0.293831	0.025059	1074.62	8.84372	
1.6-2.4	6.5-30.0	40.0-50.0	0.000-1.571	0.008	0.136	1011.0	1008.0	664.322	28.7048	343.746	22.4366	-0.867229	0.218745	-0.05	0.0	0.636469	0.0	3.09076	0.0	0.0581049	0.0	0.0307721	0.00326696	0.03	0.0	1.492	0.0	5.0	0.0	1.733	0.0	0.0499306	0.00036597	6.70209e-05	0.882424	0.173726	0.0183554	0.211707	0.0	0.00199102	0.0	0.000976772	0.00146968	1.6767	0.0	0.686916	0.0341479	0.622199	0.0618006	0.999995	17.76	0.478097	0.0754929	0.0384474	0.00642115	0.223992	0.0211137	0.0205305	56.5156	-1841.26	4.0	1.23475e-05	-6658.58	4.0	6.75936e-06	1.0	500.878	28.3124	163.444	19.5722	0.246031	0.027477	983.43	9.40117	
1.6-2.4	6.5-30.0	50.0-100.0	0.000-1.571	0.008	0.088	881.0	864.0	681.936	28.3691	182.028	17.4611	-0.0515857	0.299046	-0.05	0.0	0.636469	0.0	3.09076	0.0	0.0581049	0.0	0.04433	0.00469713	0.03	0.0	1.492	0.0	5.0	0.0	1.733	0.0	0.0535091	0.000707316	7.21792e-05	0.000182081	0.18026	0.021351	0.211707	0.0	0.00199102	0.0	0.00534137	0.0018657	1.6767	0.0	0.832511	0.0397257	0.633905	0.0523664	0.999966	3.69679	0.348054	0.0838457	0.0468745	0.00752103	0.197973	0.0181201	0.0201317	25.9461	-1800.67	4.0	5.12037e-05	-5737.3	4.0	2.38028e-05	1.0	548.07	28.8186	133.866	18.4845	0.196303	0.0258465	1068.42	12.2005	
2.0-2.4	6.5-30.0	0.0-100.0	0.000-1.571	0.008	0.152	5076.0	5072.0	2831.79	79.0803	2240.47	75.1975	-0.305623	0.0867002	-0.05	0.0	0.4489	0.0603414	3.08961	0.00147922	0.0407941	0.00313422	0.08	0.0184324	0.03	0.0	1.492	0.0	5.0	0.0	1.733	0.0	0.0653765	0.00632572	7.87116e-05	0.000484264	0.186645	0.0107525	0.0616687	0.0610904	-0.00999983	0.0176875	0.00250298	0.000797578	2.1655	0.541626	0.937217	0.0165201	0.816123	0.00527556	0.999999	3.89663	0.664384	0.00359067	0.109389	0.00274615	0.162035	0.00165319	0.12584	19.6599	-7547.69	4.0	4.11004e-06	-40435.0	7.0	0.000123321	1.0	2186.04	73.7597	645.749	45.1545	0.228035	0.0146188	1055.18	65.3053	
