v2W_Lxyz_pTtune_PRMC
rap	pT	cent	dPhi	ctauErrMin	ctauErrMax	NoCutEntry	CutEntry	NSig	NSigErr	NBkg	NBkgErr	coefExp	coefExpErr	coefPol1	coefPol1Err	coeffGaus	coeffGausErr	meanSig1	meanSig1Err	sigmaSig1	sigmaSig1Err	sigmaSig2	sigmaSig2Err	sigmaSig3	sigmaSig3Err	alpha	alphaErr	enne	enneErr	enneW	enneWErr	sigWidth	sigWidthErr	Gmc	GmcErr	bTau	bTauErr	fracRes	fracResErr	meanResSigW	meanResSigWErr	meanResSigN	meanResSigNErr	sigmaResSigW	sigmaResSigWErr	sigmaResSigN	sigmaResSigNErr	fpm	fpmErr	fLiving	fLivingErr	fbkgCtTot	fbkgCtTotErr	lambdam	lambdamErr	lambdap	lambdapErr	lambdasym	lambdasymErr	NLL	nFitPar	EDM	NLLMass	nFitParMass	EDMMass	Prob	PROMPT	PROMPTErr	NON-PROMPT	NON-PROMPTErr	Bfraction	BfractionErr	Resolution	ResolutionErr	
0.0-1.2	6.5-30.0	0.0-100.0	0.000-0.393	0.008	0.088	4870.0	4866.0	3061.74	60.5055	1804.45	49.028	0.218279	0.0926498	-0.05	0.0	0.470225	0.0	3.09267	0.0	0.0212073	0.0	0.0324172	0.0	0.03	0.0	1.492	0.0	5.0	0.0	1.733	0.0	0.0277166	0.0	3.25814e-05	0.000295869	0.298522	0.011012	0.501962	0.181306	-0.00129914	0.00300691	0.00161447	0.000909587	1.52034	0.12883	0.750906	0.0251874	0.739496	0.146045	0.711394	0.107012	0.555778	0.0675914	0.0386204	0.0197895	0.186412	0.0233243	0.200436	0.0462422	-8407.86	4.0	1.99119e-05	-40645.7	3.0	1.8334e-05	1.0	2034.52	53.099	1027.22	40.1879	0.335501	0.0113282	1200.45	77.7577	
0.0-1.2	6.5-30.0	0.0-100.0	0.000-1.571	0.008	0.105	18341.0	18336.0	11528.6	126.416	6807.53	106.102	-0.0271199	0.0494229	-0.05	0.0	0.470225	0.0529034	3.09267	0.000301697	0.0212073	0.000643072	0.0324172	0.0014469	0.03	0.0	1.492	0.0	5.0	0.0	1.733	0.0	0.0277166	0.000544615	1.16782e-05	0.000130175	0.291393	0.00565984	0.282557	0.19576	0.00228371	0.00264771	0.000230776	0.000387444	1.58042	0.170805	0.850704	0.0113328	0.594755	0.0386304	0.922576	0.0193691	0.428117	0.0344236	0.0538269	0.00598407	0.192665	0.0101907	0.330323	0.06573	-32484.4	4.0	6.9428e-05	-177637.0	7.0	3.38609e-05	1.0	7806.24	108.926	3722.35	78.7645	0.32288	0.00584316	1106.78	85.7361	
0.0-1.2	6.5-30.0	0.0-100.0	0.393-0.785	0.008	0.096	4891.0	4889.0	3067.06	60.0605	1821.91	48.6013	-0.143361	0.0920121	-0.05	0.0	0.470225	0.0	3.09267	0.0	0.0212073	0.0	0.0324172	0.0	0.03	0.0	1.492	0.0	5.0	0.0	1.733	0.0	0.0277166	0.0	2.67292e-05	0.00233575	0.319608	0.0113339	0.127168	0.584266	0.00999903	0.0216801	-0.00167435	0.000720411	1.49685	0.452055	0.976563	0.0229115	0.602133	0.0107116	0.999967	11.7306	0.356244	0.022898	0.0602978	0.00205772	0.16599	0.0045132	0.0256928	35.3277	-8472.33	4.0	4.40674e-07	-40872.9	3.0	7.5042e-06	1.0	2019.19	52.5704	1047.87	40.2647	0.341653	0.0112954	1057.04	182.66	
0.0-1.2	6.5-30.0	0.0-100.0	0.785-1.178	0.008	0.08	4421.0	4416.0	2797.83	57.2601	1618.1	45.8136	0.107153	0.0977833	-0.05	0.0	0.470225	0.0	3.09267	0.0	0.0212073	0.0	0.0324172	0.0	0.03	0.0	1.492	0.0	5.0	0.0	1.733	0.0	0.0277166	0.0	4.7042e-05	0.000197635	0.292951	0.0120212	0.205787	0.168928	0.00506329	0.00588939	0.00013127	0.000714139	1.73483	0.294288	0.864505	0.0199727	0.604541	0.10687	0.830949	0.145754	0.429503	0.0894628	0.0542087	0.0212468	0.226776	0.0204322	0.123654	0.0334164	-8110.71	4.0	7.9725e-05	-36606.3	3.0	0.000107923	1.0	1931.44	51.4847	866.39	37.4508	0.309665	0.0117903	1101.32	99.1944	
0.0-1.2	6.5-30.0	0.0-100.0	1.178-1.571	0.008	0.088	4157.0	4154.0	2593.74	55.4248	1560.25	45.1489	-0.316261	0.0995341	-0.05	0.0	0.470225	0.0	3.09267	0.0	0.0212073	0.0	0.0324172	0.0	0.03	0.0	1.492	0.0	5.0	0.0	1.733	0.0	0.0277166	0.0	3.78287e-05	0.000218777	0.244406	0.0103904	0.083253	0.655744	-0.00048919	0.0163992	0.00135144	0.000734553	1.84756	1.50756	0.940238	0.0221286	0.507005	0.0445526	0.903204	0.0265994	0.340388	0.0652741	0.0432292	0.00659105	0.21975	0.0274709	0.484363	0.103442	-7498.87	4.0	4.19745e-05	-34039.6	3.0	2.22075e-06	1.0	1780.85	50.6182	812.887	37.6269	0.313403	0.0128685	1046.25	411.64	
0.0-1.2	6.5-30.0	10.0-60.0	0.000-0.393	0.008	0.064	2985.0	2879.0	1934.04	47.296	944.929	35.3254	0.179985	0.128376	-0.05	0.0	0.470225	0.0	3.09267	0.0	0.0212073	0.0	0.0322286	0.0	0.03	0.0	1.492	0.0	5.0	0.0	1.733	0.0	0.0275998	0.0	1.40793e-05	0.000195463	0.295911	0.0138922	0.282557	0.0	0.00228371	0.0	-0.000898003	0.000932002	1.58042	0.0	0.848501	0.0269524	0.667125	0.15984	0.801632	0.293915	0.434592	0.153487	0.0486641	0.0151732	0.20002	0.0238048	0.0375247	0.0277663	-5604.21	4.0	2.46332e-06	-22864.9	3.0	2.83548e-06	1.0	1313.1	42.0129	620.938	31.0568	0.321057	0.0140077	1105.57	7.42031	
0.0-1.2	6.5-30.0	10.0-60.0	0.000-1.571	0.008	0.105	11049.0	11044.0	7527.43	95.6698	3516.19	71.7038	-0.0581398	0.0665143	-0.05	0.0	0.470225	0.0	3.09267	0.0	0.0212073	0.0	0.0322286	0.000750779	0.03	0.0	1.492	0.0	5.0	0.0	1.733	0.0	0.0275999	0.000232225	1.16782e-05	0.000130175	0.323989	0.00754351	0.282557	0.0	0.00228371	0.0	-0.000356826	0.000472759	1.58042	0.0	0.818264	0.0136118	0.553834	0.0486368	0.958524	0.0118806	0.348443	0.0524056	0.0473515	0.00508586	0.195147	0.0118727	0.550102	0.11706	-20532.4	4.0	5.3865e-08	-102661.0	4.0	1.88836e-05	1.0	5049.91	83.1049	2477.52	61.4704	0.329132	0.00701344	1089.09	3.66861	
0.0-1.2	6.5-30.0	10.0-60.0	0.393-0.785	0.008	0.073	3042.0	3040.0	2089.72	49.017	950.22	35.5407	0.00642708	0.128019	-0.05	0.0	0.470225	0.0	3.09267	0.0	0.0212073	0.0	0.0322286	0.0	0.03	0.0	1.492	0.0	5.0	0.0	1.733	0.0	0.0275998	0.0	1.70432e-05	0.00459144	0.355705	0.0152538	0.282557	0.0	0.00228371	0.0	-0.000695685	0.000914991	1.58042	0.0	0.821285	0.0275522	0.541484	0.52102	0.999999	14.675	0.240279	0.63481	0.0480691	0.0435312	0.171108	0.0526031	0.0212547	56.7889	-5620.32	4.0	8.70749e-05	-24363.9	3.0	6.33327e-06	1.0	1399.07	42.6203	690.65	31.6542	0.330499	0.0130135	1090.72	7.44208	
0.0-1.2	6.5-30.0	10.0-60.0	0.785-1.178	0.008	0.064	2514.0	2510.0	1766.25	44.8756	743.75	31.4852	-0.0169018	0.145	-0.05	0.0	0.470225	0.0	3.09267	0.0	0.0212073	0.0	0.0322286	0.0	0.03	0.0	1.492	0.0	5.0	0.0	1.733	0.0	0.0275998	0.0	1.55303e-05	0.000309325	0.315917	0.0160613	0.282557	0.0	0.00228371	0.0	0.00158687	0.000901645	1.58042	0.0	0.762218	0.0248733	0.358301	0.137111	0.783201	0.0838575	0.145282	0.233673	0.0179991	0.0101196	0.311413	0.0398851	0.113096	0.0268112	-5045.62	4.0	5.10996e-05	-19777.9	3.0	2.43419e-08	1.0	1210.79	39.6724	555.46	28.7526	0.314485	0.014183	1059.51	6.41895	
0.0-1.2	6.5-30.0	10.0-60.0	1.178-1.571	0.008	0.064	2506.0	2501.0	1701.35	44.3058	799.603	32.5762	-0.370659	0.139575	-0.05	0.0	0.470225	0.0	3.09267	0.0	0.0212073	0.0	0.0322286	0.0	0.03	0.0	1.492	0.0	5.0	0.0	1.733	0.0	0.0275998	0.0	1.05551e-05	0.000410668	0.276515	0.0136116	0.282557	0.0	0.00228371	0.0	-0.00142791	0.00106083	1.58042	0.0	0.825306	0.0303897	0.534908	0.0852282	0.894355	0.0311548	0.233588	0.0922888	0.0497611	0.0087684	0.162405	0.0205655	0.650746	0.143449	-4595.02	4.0	0.000110089	-19521.6	3.0	1.25599e-05	1.0	1132.21	39.5606	569.144	30.2554	0.334524	0.0155032	1092.9	8.23228	
0.0-2.4	10.0-13.0	0.0-100.0	0.000-0.393	0.016	0.08	1513.0	1504.0	1109.62	36.0143	394.381	24.1202	0.376216	0.204597	-0.05	0.0	0.358633	0.0	3.09203	0.0	0.0212093	0.0	0.0415347	0.0	0.03	0.0	1.492	0.0	5.0	0.0	1.733	0.0	0.0356057	0.0	1.00051e-05	0.0125341	0.238002	0.0148427	0.270245	0.128633	-0.00998909	0.00318196	0.0017782	0.0011736	1.58141	0.172807	0.823407	0.0335381	0.801475	0.0325917	0.99999	14.3859	0.549743	0.0204937	0.114628	0.0140945	0.187853	0.0094015	0.152444	91.5391	-3106.58	4.0	2.2432e-06	-10994.4	3.0	2.08354e-07	1.0	750.033	32.2024	359.585	24.0957	0.324062	0.0189981	1081.95	64.7068	
0.0-2.4	10.0-13.0	0.0-100.0	0.000-1.571	0.008	0.136	5936.0	5935.0	4362.66	74.6438	1572.46	52.7369	-0.530254	0.105142	-0.05	0.0	0.358633	0.072933	3.09203	0.000601981	0.0212093	0.00183353	0.0415347	0.00235463	0.03	0.0	1.492	0.0	5.0	0.0	1.733	0.0	0.0356057	0.00111387	1.25623e-05	9.06713e-05	0.238471	0.00775358	0.0553454	0.0788853	0.000212513	0.0144851	0.000204515	0.000549884	2.09412	0.553674	0.914781	0.0163135	0.663005	0.0450172	0.915141	0.717129	0.229748	0.122657	0.0426094	0.0182753	0.193243	0.0189727	0.0835865	0.0724286	-11861.6	4.0	1.29952e-06	-51372.7	7.0	2.26562e-05	1.0	2983.49	67.0601	1379.17	49.4786	0.31613	0.0099685	1016.47	76.055	
0.0-2.4	10.0-13.0	0.0-100.0	0.393-0.785	0.016	0.088	1537.0	1535.0	1127.71	36.1791	407.269	24.2578	-0.745952	0.200784	-0.05	0.0	0.358633	0.0	3.09203	0.0	0.0212093	0.0	0.0415347	0.0	0.03	0.0	1.492	0.0	5.0	0.0	1.733	0.0	0.0356057	0.0	9.67596e-05	0.000320065	0.263357	0.0171031	0.901013	0.195774	0.0060855	0.00409751	-0.00612987	0.00365634	1.24122	0.055634	0.6	0.0261659	0.790725	0.0097753	1.0	5.66061	0.413132	0.00914182	0.0443431	0.00200677	0.195872	0.00369053	0.0576649	17.2764	-3056.34	4.0	6.1553e-06	-11242.2	3.0	1.60279e-05	1.0	807.937	32.6068	319.773	22.2843	0.283559	0.0175422	1193.21	55.003	
0.0-2.4	10.0-13.0	0.0-100.0	0.785-1.178	0.008	0.105	1426.0	1425.0	1061.14	35.3212	363.786	23.4561	-0.714727	0.213284	-0.05	0.0	0.358633	0.0	3.09203	0.0	0.0212093	0.0	0.0415347	0.0	0.03	0.0	1.492	0.0	5.0	0.0	1.733	0.0	0.0356057	0.0	0.000150013	0.000368392	0.228148	0.0159484	0.0264505	0.0570749	-0.00999745	0.0190374	-0.000444732	0.00120309	2.76374	1.36911	0.959809	0.0365451	0.715927	0.0768384	0.999933	0.623286	0.248031	0.10912	0.0421141	0.0159515	0.230547	0.0244877	0.0201169	4.40908	-2796.77	4.0	4.58258e-06	-10283.5	3.0	2.51483e-05	1.0	725.477	33.2371	335.668	25.4246	0.316326	0.021522	1048.29	104.419	
0.0-2.4	10.0-13.0	0.0-100.0	1.178-1.571	0.016	0.088	1459.0	1452.0	1066.96	35.4616	385.052	23.9923	-1.00584	0.208808	-0.05	0.0	0.358633	0.0	3.09203	0.0	0.0212093	0.0	0.0415347	0.0	0.03	0.0	1.492	0.0	5.0	0.0	1.733	0.0	0.0356057	0.0	4.2601e-05	0.000476275	0.252805	0.0173663	0.726956	0.161532	0.0031347	0.00293387	0.00162278	0.00235685	1.44524	0.102086	0.619207	0.0574235	0.908024	0.214853	0.621675	0.288741	0.15627	0.137738	0.0447516	0.0345971	0.179874	0.0267943	0.0445277	0.0158378	-2862.01	4.0	1.00179e-06	-10506.4	3.0	1.16167e-06	1.0	767.373	32.4069	299.589	22.3356	0.280787	0.0187385	1274.01	68.6163	
0.0-2.4	10.0-13.0	10.0-60.0	0.000-0.393	0.016	0.08	995.0	990.0	744.271	29.4401	245.705	19.1877	0.298449	0.259064	-0.05	0.0	0.358633	0.0	3.09203	0.0	0.0212093	0.0	0.0419928	0.0	0.03	0.0	1.492	0.0	5.0	0.0	1.733	0.0	0.0359487	0.0	1.00051e-05	0.0125341	0.22462	0.0165002	0.0553454	0.0	0.000212513	0.0	-0.00030781	0.00119495	2.09412	0.0	0.859389	0.0342127	0.827421	0.0608924	0.999963	15.4937	0.553027	0.0213325	0.12497	0.0302982	0.208318	0.0112622	0.195881	79.7437	-2061.88	4.0	8.6107e-07	-6845.59	3.0	1.1145e-06	1.0	481.032	26.0736	263.239	20.6448	0.353687	0.0239517	969.733	14.3208	
0.0-2.4	10.0-13.0	10.0-60.0	0.000-1.571	0.008	0.136	3784.0	3782.0	2856.34	58.8431	925.732	39.1403	-0.660036	0.133704	-0.05	0.0	0.358633	0.0	3.09203	0.0	0.0212093	0.0	0.0419928	0.00128959	0.03	0.0	1.492	0.0	5.0	0.0	1.733	0.0	0.0359487	0.000483081	1.25623e-05	9.06713e-05	0.246903	0.00986899	0.0553454	0.0	0.000212513	0.0	6.32177e-05	0.000675348	2.09412	0.0	0.905162	0.0197997	0.757168	0.142914	0.709068	0.156204	0.0589587	0.0665446	0.0581469	0.0147112	0.193453	0.0158603	0.0319197	0.0128828	-7671.79	4.0	2.88687e-06	-31182.5	4.0	1.61318e-06	1.0	1955.58	53.1247	900.761	39.2882	0.315355	0.0121238	1008.31	8.39531	
0.0-2.4	10.0-13.0	10.0-60.0	0.393-0.785	0.016	0.088	979.0	977.0	746.469	29.29	230.53	18.4924	-0.934276	0.269772	-0.05	0.0	0.358633	0.0	3.09203	0.0	0.0212093	0.0	0.0419928	0.0	0.03	0.0	1.492	0.0	5.0	0.0	1.733	0.0	0.0359487	0.0	9.67596e-05	0.000320065	0.269398	0.0208676	0.0553454	0.0	0.000212513	0.0	-0.000420102	0.00126467	2.09412	0.0	0.919612	0.0397043	0.685587	0.0818604	1.0	2.60263	0.260811	0.0787422	0.0495687	0.0129611	0.183785	0.0264649	0.135255	25.3016	-1988.73	4.0	8.74626e-06	-6775.78	3.0	1.14327e-06	1.0	518.795	26.4925	227.674	19.1644	0.305001	0.0227134	1020.58	16.898	
0.0-2.4	10.0-13.0	10.0-60.0	0.785-1.178	0.008	0.105	905.0	903.0	698.103	28.3866	204.898	17.6798	-0.783571	0.286272	-0.05	0.0	0.358633	0.0	3.09203	0.0	0.0212093	0.0	0.0419928	0.0	0.03	0.0	1.492	0.0	5.0	0.0	1.733	0.0	0.0359487	0.0	0.000150013	0.000368392	0.26322	0.0226743	0.0553454	0.0	0.000212513	0.0	-3.70554e-05	0.00149651	2.09412	0.0	1.03889	0.0431016	0.498673	0.00629111	1.0	0.497443	0.000116839	0.065544	0.00713173	0.0012519	0.262513	0.00703671	0.0201823	2.46992	-1811.95	4.0	2.31062e-05	-6158.66	3.0	8.57751e-06	1.0	491.341	26.2105	206.762	18.9344	0.296177	0.0243022	1123.51	18.8248	
0.0-2.4	10.0-13.0	10.0-60.0	1.178-1.571	0.016	0.056	903.0	887.0	656.428	27.68	230.572	18.4481	-1.23121	0.274089	-0.05	0.0	0.358633	0.0	3.09203	0.0	0.0212093	0.0	0.0419928	0.0	0.03	0.0	1.492	0.0	5.0	0.0	1.733	0.0	0.0359487	0.0	5.58531e-05	0.000456735	0.229166	0.0196869	0.0553454	0.0	0.000212513	0.0	0.00180656	0.00152291	2.09412	0.0	1.00167	0.0441475	0.757822	0.138771	0.851833	0.781982	0.0631407	0.105226	0.0360727	0.029233	0.144827	0.027881	0.0483825	0.0439617	-1790.96	4.0	2.56831e-08	-5987.88	3.0	8.97946e-08	1.0	459.772	25.8044	196.656	18.941	0.299585	0.0259423	1091.11	19.1428	
0.0-2.4	13.0-30.0	0.0-100.0	0.000-0.393	0.008	0.064	872.0	868.0	676.515	27.9467	191.485	17.2047	-0.157377	0.291628	-0.05	0.0	0.480966	0.0	3.09399	0.0	0.0227067	0.0	0.0469234	0.0	0.03	0.0	1.492	0.0	5.0	0.0	1.733	0.0	0.0372934	0.0	0.000100096	0.000341831	0.255951	0.0186347	0.858188	0.20333	0.00132389	0.00290195	-0.00495989	0.00443991	1.21927	0.0856541	0.600001	0.188869	0.865727	0.343403	0.999998	1.11884	0.544294	0.257279	0.0408288	0.0922447	0.217351	0.0969275	0.0200043	40.2847	-1798.26	4.0	2.07973e-05	-5938.72	3.0	7.31661e-08	1.0	412.446	23.8706	264.069	19.9627	0.390337	0.0247128	1151.89	63.5135	
0.0-2.4	13.0-30.0	0.0-100.0	0.000-1.571	0.008	0.105	3282.0	3282.0	2502.53	56.1051	779.483	37.7435	-0.575945	0.149638	-0.05	0.0	0.480966	0.0774203	3.09399	0.000758199	0.0227067	0.00179686	0.0469234	0.00353721	0.03	0.0	1.492	0.0	5.0	0.0	1.733	0.0	0.0372933	0.00147279	2.10356e-05	0.0045896	0.205666	0.00829194	0.0347602	0.122355	-0.00537756	0.015369	-0.000716158	0.000650947	1.80759	0.989032	0.961967	0.0232019	0.999992	8.47843	0.700023	0.124309	0.341014	0.124055	0.00732128	9.8195	0.231506	0.0146586	0.0437844	0.00898019	-6965.13	4.0	2.15734e-05	-26682.4	7.0	4.52279e-06	1.0	1547.9	49.4044	954.626	41.1648	0.381464	0.0140513	1003.39	78.56	
0.0-2.4	13.0-30.0	0.0-100.0	0.393-0.785	0.008	0.064	859.0	853.0	618.388	26.9652	234.493	18.5248	-0.533103	0.262122	-0.05	0.0	0.480966	0.0	3.09399	0.0	0.0227067	0.0	0.0469234	0.0	0.03	0.0	1.492	0.0	5.0	0.0	1.733	0.0	0.0372934	0.0	1.12306e-05	0.00159264	0.208585	0.0181465	0.703851	0.324382	0.00687232	0.0111474	-0.00491015	0.00216133	1.16624	0.0727715	0.600038	0.983005	0.457857	0.0992342	1.0	0.0825532	0.0986747	0.180055	0.0227515	0.00769762	0.183077	0.0255589	0.0327676	15.2359	-1828.31	4.0	0.000147761	-5709.34	3.0	6.05551e-05	1.0	435.065	24.0605	183.323	16.8196	0.296453	0.0239309	1031.48	119.123	
0.0-2.4	13.0-30.0	0.0-100.0	0.785-1.178	0.008	0.056	769.0	757.0	577.096	25.6288	179.918	16.1134	-0.792719	0.302429	-0.05	0.0	0.480966	0.0	3.09399	0.0	0.0227067	0.0	0.0469234	0.0	0.03	0.0	1.492	0.0	5.0	0.0	1.733	0.0	0.0372934	0.0	3.98792e-05	0.000279455	0.189748	0.0158184	0.0591112	0.0890247	-0.00987308	0.0151467	0.000340761	0.00131429	2.19428	0.854214	0.945882	0.0477056	0.999983	0.864734	0.63614	0.12026	0.291239	0.102329	0.0720122	0.753798	0.294743	0.046952	0.0590446	0.0218644	-1676.32	4.0	3.25863e-05	-5081.4	3.0	6.52695e-06	1.0	367.506	23.3666	209.591	19.138	0.363181	0.0289762	1061.33	99.4112	
0.0-2.4	13.0-30.0	0.0-100.0	1.178-1.571	0.008	0.08	781.0	780.0	616.91	26.5973	163.099	15.9251	-0.870279	0.321266	-0.05	0.0	0.480966	0.0	3.09399	0.0	0.0227067	0.0	0.0469234	0.0	0.03	0.0	1.492	0.0	5.0	0.0	1.733	0.0	0.0372934	0.0	1.03545e-05	0.00459451	0.19053	0.0148015	0.858094	0.102806	-0.0014856	0.00231549	0.0012898	0.00469108	1.25528	0.0777394	0.6	0.185695	0.98737	17.768	1.0	0.0610211	0.309765	3.65703	0.007078	7.20493e-07	0.197147	0.0780931	0.0821823	7.35888	-1645.22	4.0	2.42324e-05	-5240.98	3.0	3.28478e-06	1.0	363.721	23.3391	253.189	20.4442	0.410415	0.0280203	1184.57	44.6046	
0.0-2.4	13.0-30.0	10.0-60.0	0.000-0.393	0.008	0.064	553.0	549.0	434.76	22.2502	114.226	13.2108	-0.497346	0.377895	-0.05	0.0	0.480966	0.0	3.09399	0.0	0.0227067	0.0	0.0467741	0.0	0.03	0.0	1.492	0.0	5.0	0.0	1.733	0.0	0.0371959	0.0	0.000100096	0.000341831	0.282741	0.0273076	0.0347602	0.0	-0.00537756	0.0	0.000663081	0.00142494	1.80759	0.0	0.950681	0.0482187	0.711318	2.6649	0.895993	0.253133	0.442604	1.08174	0.00710026	4.34112e-07	0.2292	0.0513162	0.0542178	0.0613557	-1246.02	4.0	1.26633e-07	-3526.36	3.0	1.63956e-05	1.0	286.962	19.6711	147.798	15.1157	0.339953	0.0301016	992.952	22.2806	
0.0-2.4	13.0-30.0	10.0-60.0	0.000-1.571	0.008	0.08	2118.0	2113.0	1627.81	44.3697	485.239	28.7424	-0.472698	0.183749	-0.05	0.0	0.480966	0.0	3.09399	0.0	0.0227067	0.0	0.0467741	0.00220056	0.03	0.0	1.492	0.0	5.0	0.0	1.733	0.0	0.0371959	0.000718141	1.04426e-05	0.00602457	0.219728	0.0113806	0.0347602	0.0	-0.00537756	0.0	-5.23662e-05	0.000780451	1.80759	0.0	0.953176	0.0287978	0.714191	0.153641	0.844032	0.187067	0.213127	0.132892	0.03286	0.0106248	0.222362	0.0234524	0.0306356	0.0224991	-4609.85	4.0	3.37746e-06	-16285.5	4.0	1.46532e-06	1.0	1065.8	39.6226	562.011	30.9947	0.345256	0.0165526	995.258	13.3107	
0.0-2.4	13.0-30.0	10.0-60.0	0.393-0.785	0.008	0.064	544.0	542.0	396.824	21.5548	145.101	14.5889	-0.411753	0.332028	-0.05	0.0	0.480966	0.0	3.09399	0.0	0.0227067	0.0	0.0467741	0.0	0.03	0.0	1.492	0.0	5.0	0.0	1.733	0.0	0.0371959	0.0	1.12306e-05	0.00159264	0.171881	0.019308	0.0347602	0.0	-0.00537756	0.0	-0.00024976	0.00152625	1.80759	0.0	0.979777	0.0585526	0.535146	0.0924044	1.0	0.458104	0.271041	0.106464	0.0396086	0.011472	0.19791	0.0402957	0.0216795	52.633	-1190.66	4.0	4.34397e-06	-3392.5	3.0	5.97346e-05	1.0	272.826	20.1662	123.998	15.2455	0.312477	0.0344662	1019.89	27.1473	
0.0-2.4	13.0-30.0	10.0-60.0	0.785-1.178	0.012	0.044	492.0	478.0	366.495	20.4098	111.485	12.7096	-0.463018	0.379981	-0.05	0.0	0.480966	0.0	3.09399	0.0	0.0227067	0.0	0.0467741	0.0	0.03	0.0	1.492	0.0	5.0	0.0	1.733	0.0	0.0371959	0.0	1.72143e-05	0.000568696	0.197146	0.0214794	0.0347602	0.0	-0.00537756	0.0	-0.000368548	0.00157894	1.80759	0.0	0.962684	0.0619658	0.999993	12.2166	0.590463	0.305792	0.167937	0.0636203	0.0651434	9.86911	0.330763	0.0384658	0.0486149	0.0164476	-1060.3	4.0	1.41571e-06	-2988.61	3.0	1.39188e-05	1.0	246.409	18.6	120.085	14.226	0.327659	0.03426	1004.05	28.6738	
0.0-2.4	13.0-30.0	10.0-60.0	1.178-1.571	0.008	0.08	528.0	526.0	419.101	21.9176	106.875	12.9675	-0.653878	0.392999	-0.05	0.0	0.480966	0.0	3.09399	0.0	0.0227067	0.0	0.0467741	0.0	0.03	0.0	1.492	0.0	5.0	0.0	1.733	0.0	0.0371959	0.0	1.03545e-05	0.00459451	0.213076	0.0193456	0.0347602	0.0	-0.00537756	0.0	-0.00138474	0.00168503	1.80759	0.0	0.911167	0.059824	0.720845	3.58081	1.0	30.4724	0.00904505	16.7444	0.0136196	0.0485172	0.155526	0.0726872	0.0200819	161.702	-1122.94	4.0	3.83317e-06	-3334.18	3.0	4.2441e-06	1.0	245.279	19.525	173.822	17.3008	0.414749	0.0351233	956.526	27.5031	
0.0-2.4	6.5-30.0	0.0-10.0	0.000-0.393	0.008	0.136	4636.0	4626.0	2085.21	53.9787	2540.91	58.0459	0.0429649	0.0774624	-0.05	0.0	0.345936	0.0	3.09256	0.0	0.0508726	0.0	0.0262979	0.0	0.03	0.0	1.492	0.0	5.0	0.0	1.733	0.0	0.03671	0.0	1.25622e-05	0.000104313	0.206162	0.0104005	0.194806	0.0	0.00388621	0.0	0.00275527	0.000918191	1.71005	0.0	0.979318	0.0233153	0.637068	0.104463	0.756977	0.0697068	0.547383	0.106887	0.0387045	0.0154796	0.0968261	0.0237678	0.250468	0.0356771	-6561.59	4.0	8.79233e-09	-36521.8	3.0	3.20515e-05	1.0	1439.37	50.3516	645.842	37.7687	0.309725	0.0162414	1158.4	7.93552	
0.0-2.4	6.5-30.0	0.0-10.0	0.000-1.571	0.008	0.136	17565.0	17539.0	8009.6	107.754	9530.46	114.592	-0.0544223	0.0400222	-0.05	0.0	0.345936	0.0	3.09256	0.0	0.0508726	0.0	0.0262979	0.000582616	0.03	0.0	1.492	0.0	5.0	0.0	1.733	0.0	0.03671	0.000136492	3.37928e-05	7.02542e-05	0.22324	0.0061725	0.194806	0.0	0.00388621	0.0	0.00126102	0.000463429	1.71005	0.0	0.963547	0.0122283	0.965776	0.811584	0.347907	0.10559	0.520991	0.0335521	0.038571	0.0687238	0.218316	0.0126631	0.084808	0.00624284	-24905.7	4.0	5.55665e-06	-162029.0	4.0	7.10325e-05	1.0	5751.22	100.648	2258.38	71.1812	0.281959	0.00803678	1147.7	4.13312	
0.0-2.4	6.5-30.0	0.0-10.0	0.393-0.785	0.008	0.145	4592.0	4587.0	1948.94	52.6572	2638.17	58.8368	-0.351281	0.0762768	-0.05	0.0	0.345936	0.0	3.09256	0.0	0.0508726	0.0	0.0262979	0.0	0.03	0.0	1.492	0.0	5.0	0.0	1.733	0.0	0.03671	0.0	1.89238e-05	0.00459057	0.251044	0.0132546	0.194806	0.0	0.00388621	0.0	0.00189124	0.000932384	1.71005	0.0	0.971792	0.0257774	0.662642	0.0123745	0.999995	2.36558	0.495994	0.0115705	0.0730953	0.00295891	0.149555	0.00365872	0.0707388	13.0907	-6113.7	4.0	6.65638e-07	-36007.5	3.0	2.837e-05	1.0	1363.55	48.6834	585.385	35.5382	0.300361	0.0163292	1153.29	8.74472	
0.0-2.4	6.5-30.0	0.0-10.0	0.785-1.178	0.008	0.128	4394.0	4391.0	2101.07	53.3411	2289.99	55.0819	0.230672	0.0817706	-0.05	0.0	0.345936	0.0	3.09256	0.0	0.0508726	0.0	0.0262979	0.0	0.03	0.0	1.492	0.0	5.0	0.0	1.733	0.0	0.03671	0.0	1.34329e-05	0.0045931	0.252557	0.013542	0.194806	0.0	0.00388621	0.0	0.00289954	0.000932922	1.71005	0.0	0.963463	0.0250741	0.468519	0.0621034	0.999999	3.47186	0.39393	0.0738565	0.0558195	0.00771297	0.153791	0.0178023	0.0959561	16.4489	-6342.21	4.0	5.06657e-05	-34655.3	3.0	1.90224e-05	1.0	1543.24	49.9258	557.828	34.0314	0.265497	0.0147281	1147.65	8.47466	
0.0-2.4	6.5-30.0	0.0-10.0	1.178-1.571	0.008	0.152	3941.0	3938.0	1878.46	50.5518	2059.59	52.3134	-0.117025	0.0861782	-0.05	0.0	0.345936	0.0	3.09256	0.0	0.0508726	0.0	0.0262979	0.0	0.03	0.0	1.492	0.0	5.0	0.0	1.733	0.0	0.03671	0.0	1.96612e-05	0.00459023	0.193098	0.0122618	0.194806	0.0	0.00388621	0.0	0.00256906	0.000927522	1.71005	0.0	0.920887	0.0249803	0.319618	6.30762	0.553534	4.78979	0.226936	10.4042	0.00774778	8.51219e-07	0.343575	0.483459	0.0758848	0.0957912	-5917.47	4.0	1.17763e-06	-30618.3	3.0	6.5709e-06	1.0	1406.19	48.8192	472.27	33.3586	0.251414	0.0164191	1119.15	8.27535	
0.0-2.4	6.5-30.0	0.0-100.0	0.000-0.393	0.008	0.152	12404.0	12400.0	6621.84	93.1004	5778.15	88.4528	-0.0572486	0.051592	-0.05	0.0	0.345936	0.0	3.09256	0.0	0.0508726	0.0	0.0263331	0.0	0.03	0.0	1.492	0.0	5.0	0.0	1.733	0.0	0.0367265	0.0	1.26244e-05	0.000102978	0.258896	0.00746865	0.206229	0.0969039	0.00181619	0.00447859	0.00236301	0.000485572	1.83948	0.188543	0.903976	0.0121497	0.607061	0.156943	0.799949	0.0734349	0.546946	0.0939904	0.0302028	0.0118218	0.159249	0.0121503	0.156601	0.0317601	-19402.7	4.0	2.05201e-08	-111680.0	3.0	4.05064e-07	1.0	4770.26	85.9067	1851.58	59.6618	0.279617	0.00810694	1160.37	61.9283	
0.0-2.4	6.5-30.0	0.0-100.0	0.000-1.571	0.008	0.128	45046.0	44952.0	25090.4	209.594	19861.5	196.714	-0.145895	0.0288769	-0.05	0.0	0.345936	0.0319963	3.09256	0.000272258	0.0508726	0.00183748	0.0263331	0.00057765	0.03	0.0	1.492	0.0	5.0	0.0	1.733	0.0	0.0367265	0.000618413	3.69757e-05	6.79802e-05	0.25635	0.00383545	0.194806	0.0809249	0.00388621	0.00250472	0.00184297	0.000259945	1.71005	0.123875	0.916338	0.00685389	0.582236	0.0283998	0.962719	0.012213	0.50125	0.0234286	0.0573711	0.0045191	0.177712	0.00563814	0.307257	0.0697309	-71382.0	4.0	7.09914e-05	-464516.0	7.0	3.40355e-05	1.0	18152.4	184.196	6937.97	119.554	0.276519	0.00416761	1116.14	42.1261	
0.0-2.4	6.5-30.0	0.0-100.0	0.393-0.785	0.008	0.145	11823.0	11816.0	6452.42	91.254	5363.2	85.0802	-0.302782	0.0537566	-0.05	0.0	0.345936	0.0	3.09256	0.0	0.0508726	0.0	0.0263331	0.0	0.03	0.0	1.492	0.0	5.0	0.0	1.733	0.0	0.0367265	0.0	1.89238e-05	0.00459057	0.270875	0.00773937	0.0431777	0.107987	0.00997815	0.0195849	0.000777254	0.000493377	1.89503	0.83285	1.02001	0.0133702	0.67165	0.0793151	0.752154	0.169377	0.394791	0.0610126	0.0663108	0.00852304	0.175198	0.0113967	0.0526181	0.0207437	-18186.5	4.0	0.000113923	-106083.0	3.0	6.01355e-05	1.0	4588.94	84.5811	1863.48	60.304	0.288804	0.0084062	1072.64	71.884	
0.0-2.4	6.5-30.0	0.0-100.0	0.785-1.178	0.008	0.152	10749.0	10747.0	6155.85	88.5349	4591.14	79.2072	0.000223251	0.0580475	-0.05	0.0	0.345936	0.0	3.09256	0.0	0.0508726	0.0	0.0263331	0.0	0.03	0.0	1.492	0.0	5.0	0.0	1.733	0.0	0.0367265	0.0	2.75139e-05	0.00458662	0.264768	0.00818428	0.0918396	0.0685565	0.00342668	0.00702651	0.00219343	0.000492353	2.01375	0.316371	0.954928	0.0130346	0.525189	0.0755458	0.844198	0.153219	0.416481	0.0648408	0.0489917	0.0087142	0.188375	0.0138631	0.0876648	0.0241508	-17546.5	4.0	7.27879e-05	-95976.4	3.0	1.56334e-06	1.0	4533.29	82.6169	1622.56	55.85	0.26358	0.00824274	1095.7	56.1871	
0.0-2.4	6.5-30.0	0.0-100.0	1.178-1.571	0.008	0.152	10068.0	10063.0	5860.3	86.2146	4202.56	75.9957	-0.239476	0.0607664	-0.05	0.0	0.345936	0.0	3.09256	0.0	0.0508726	0.0	0.0263331	0.0	0.03	0.0	1.492	0.0	5.0	0.0	1.733	0.0	0.0367265	0.0	1.96612e-05	0.00459023	0.229727	0.00723069	0.449361	0.193671	0.00205439	0.00260759	0.0015286	0.000658469	1.48015	0.117135	0.756051	0.0170849	0.601633	0.0338744	0.949922	0.0182245	0.530658	0.0318895	0.0622158	0.00712067	0.226786	0.0144027	0.442198	0.116865	-16311.3	4.0	6.48734e-06	-89305.8	3.0	4.51635e-06	1.0	4226.98	80.6147	1633.32	56.6485	0.27871	0.00875377	1139.84	76.8674	
0.0-2.4	6.5-30.0	10.0-20.0	0.000-0.393	0.008	0.128	3099.0	3095.0	1581.68	46.2133	1513.03	45.4646	0.128023	0.100637	-0.05	0.0	0.345936	0.0	3.09256	0.0	0.0508726	0.0	0.0267053	0.0	0.03	0.0	1.492	0.0	5.0	0.0	1.733	0.0	0.0369019	0.0	1.2601e-05	0.000103615	0.311062	0.0158511	0.194806	0.0	0.00388621	0.0	-0.000958636	0.00103626	1.71005	0.0	0.950127	0.0246867	0.83672	0.977726	0.714733	0.268305	0.616518	0.288918	0.0144224	0.0355755	0.152562	0.0210847	0.129388	0.0421457	-4326.94	4.0	1.90332e-07	-23441.9	3.0	3.14668e-05	1.0	1034.58	40.2663	547.097	31.0346	0.345897	0.0168184	1138.66	8.29319	
0.0-2.4	6.5-30.0	10.0-20.0	0.000-1.571	0.008	0.16	10725.0	10723.0	5709.22	88.3722	5013.8	84.3458	-0.151874	0.0554169	-0.05	0.0	0.345936	0.0	3.09256	0.0	0.0508726	0.0	0.0267053	0.000681728	0.03	0.0	1.492	0.0	5.0	0.0	1.733	0.0	0.0369019	0.000161343	1.00282e-05	0.000232918	0.274991	0.0083284	0.194806	0.0	0.00388621	0.0	0.00207451	0.000563673	1.71005	0.0	0.925588	0.0147085	0.47234	0.0953216	0.906238	0.0251373	0.371889	0.103002	0.0368177	0.00715728	0.150637	0.0105313	0.260495	0.0436798	-15968.7	4.0	1.92694e-05	-94927.2	4.0	5.4626e-07	1.0	4044.04	80.3257	1665.18	56.5525	0.291665	0.00881681	1122.27	4.88381	
0.0-2.4	6.5-30.0	10.0-20.0	0.393-0.785	0.008	0.128	2706.0	2696.0	1407.15	43.1754	1288.73	41.7817	-0.117766	0.109201	-0.05	0.0	0.345936	0.0	3.09256	0.0	0.0508726	0.0	0.0267053	0.0	0.03	0.0	1.492	0.0	5.0	0.0	1.733	0.0	0.0369019	0.0	1.64982e-05	0.00459169	0.249329	0.0174889	0.194806	0.0	0.00388621	0.0	0.00264565	0.00115572	1.71005	0.0	0.941001	0.0310671	0.457901	0.110775	0.904118	0.0759544	0.203262	0.138683	0.0377499	0.00894389	0.146499	0.0148006	0.135901	0.050754	-4170.21	4.0	5.05674e-06	-20104.1	3.0	5.56829e-06	1.0	1086.03	41.4718	321.122	26.582	0.228207	0.017545	1132.54	10.3922	
0.0-2.4	6.5-30.0	10.0-20.0	0.785-1.178	0.008	0.152	2580.0	2577.0	1408.31	42.8215	1168.63	39.9243	-0.235272	0.114919	-0.05	0.0	0.345936	0.0	3.09256	0.0	0.0508726	0.0	0.0267053	0.0	0.03	0.0	1.492	0.0	5.0	0.0	1.733	0.0	0.0369019	0.0	2.75139e-05	0.00458662	0.314374	0.0197258	0.194806	0.0	0.00388621	0.0	9.55526e-05	0.00107225	1.71005	0.0	0.902495	0.0282285	0.833845	0.110195	0.362543	0.117244	0.384053	0.188381	0.144811	0.0595106	0.269108	0.0362129	0.0428989	0.0184784	-3940.11	4.0	2.5095e-05	-19198.6	3.0	1.35244e-05	1.0	1019.9	39.0156	388.412	26.4574	0.2758	0.016811	1107.02	9.26506	
0.0-2.4	6.5-30.0	10.0-20.0	1.178-1.571	0.008	0.12	2339.0	2330.0	1311.38	40.997	1018.5	37.2543	-0.541303	0.124185	-0.05	0.0	0.345936	0.0	3.09256	0.0	0.0508726	0.0	0.0267053	0.0	0.03	0.0	1.492	0.0	5.0	0.0	1.733	0.0	0.0369019	0.0	2.02273e-05	0.00458997	0.208396	0.0125833	0.194806	0.0	0.00388621	0.0	0.000880492	0.00126584	1.71005	0.0	0.914118	0.034389	0.563225	0.0645782	0.866309	0.0628506	0.440024	0.0764423	0.0529354	0.0120615	0.141359	0.0180518	0.334911	0.0922123	-3599.44	4.0	6.03444e-07	-17192.2	3.0	1.05912e-05	1.0	868.106	38.4455	443.277	30.5543	0.338023	0.0207651	1114.67	11.3539	
0.0-2.4	6.5-30.0	10.0-30.0	0.000-0.393	0.008	0.128	5182.0	5176.0	2777.57	60.4244	2398.29	57.2001	-0.00364231	0.0800343	-0.05	0.0	0.345936	0.0	3.09256	0.0	0.0508726	0.0	0.0260288	0.0	0.03	0.0	1.492	0.0	5.0	0.0	1.733	0.0	0.0365844	0.0	1.2601e-05	0.000103615	0.297605	0.0125896	0.194806	0.0	0.00388621	0.0	0.00195887	0.000754462	1.71005	0.0	0.892904	0.0184392	0.448659	0.303381	0.706917	0.192411	0.34929	0.296723	0.0197219	0.0114548	0.155099	0.0209873	0.083766	0.026589	-8021.64	4.0	6.80548e-05	-42103.7	3.0	3.02182e-05	1.0	1969.49	54.3803	808.078	37.8226	0.29093	0.012057	1100.74	6.02189	
0.0-2.4	6.5-30.0	10.0-30.0	0.000-1.571	0.008	0.16	18092.0	18090.0	10212.5	115.993	7876.76	105.445	-0.168554	0.0443002	-0.05	0.0	0.345936	0.0	3.09256	0.0	0.0508726	0.0	0.0260288	0.000472141	0.03	0.0	1.492	0.0	5.0	0.0	1.733	0.0	0.0365844	0.000109855	1.00282e-05	0.000232918	0.271727	0.00619263	0.194806	0.0	0.00388621	0.0	0.0021749	0.000406342	1.71005	0.0	0.89756	0.0106132	0.4767	0.0718666	0.942665	0.0170685	0.391939	0.0770688	0.0394009	0.0053658	0.159312	0.00728757	0.251801	0.0454706	-28886.7	4.0	3.30931e-05	-170674.0	4.0	2.75223e-05	1.0	7326.12	106.024	2886.42	73.4306	0.282635	0.00643386	1103.78	3.47452	
0.0-2.4	6.5-30.0	10.0-30.0	0.393-0.785	0.008	0.145	4704.0	4702.0	2619.05	57.9116	2082.86	53.0806	-0.155174	0.0860787	-0.05	0.0	0.345936	0.0	3.09256	0.0	0.0508726	0.0	0.0260288	0.0	0.03	0.0	1.492	0.0	5.0	0.0	1.733	0.0	0.0365844	0.0	1.89238e-05	0.00459057	0.267145	0.0121509	0.194806	0.0	0.00388621	0.0	0.00287461	0.000827932	1.71005	0.0	0.923852	0.0224375	0.474506	0.0967447	0.930271	0.0559323	0.326563	0.115324	0.0366347	0.0083557	0.157957	0.0121022	0.134368	0.0470824	-7499.16	4.0	8.0415e-07	-37990.7	3.0	5.81203e-06	1.0	1901.23	53.846	717.822	37.2023	0.274077	0.0128468	1121.12	7.44383	
0.0-2.4	6.5-30.0	10.0-30.0	0.785-1.178	0.008	0.152	4195.0	4193.0	2454.24	55.6432	1738.73	48.7932	-0.273134	0.0945327	-0.05	0.0	0.345936	0.0	3.09256	0.0	0.0508726	0.0	0.0260288	0.0	0.03	0.0	1.492	0.0	5.0	0.0	1.733	0.0	0.0365844	0.0	2.75139e-05	0.00458662	0.301945	0.0140636	0.194806	0.0	0.00388621	0.0	0.00110884	0.00080518	1.71005	0.0	0.895287	0.0211116	0.44491	17.8039	0.601528	5.75648	0.325608	17.3171	0.0120107	0.498507	0.234861	0.218809	0.0740101	0.164584	-6869.09	4.0	3.67829e-07	-33583.8	3.0	8.70296e-06	1.0	1776.28	50.7724	677.955	34.5287	0.276239	0.0125981	1102.3	6.90329	
0.0-2.4	6.5-30.0	10.0-30.0	1.178-1.571	0.008	0.145	4009.0	4007.0	2356.87	54.5588	1650.05	47.6431	-0.300204	0.0970963	-0.05	0.0	0.345936	0.0	3.09256	0.0	0.0508726	0.0	0.0260288	0.0	0.03	0.0	1.492	0.0	5.0	0.0	1.733	0.0	0.0365844	0.0	1.49137e-05	0.00459242	0.215351	0.010221	0.194806	0.0	0.00388621	0.0	0.000581923	0.000872618	1.71005	0.0	0.878778	0.0238769	0.53323	0.0474122	0.921036	0.0328087	0.4458	0.0565751	0.0487706	0.00744403	0.178621	0.016931	0.378041	0.0964634	-6541.47	4.0	3.65247e-07	-31916.7	3.0	1.68529e-05	1.0	1637.89	51.2356	718.977	38.2691	0.305056	0.0146213	1091.55	7.73901	
0.0-2.4	6.5-30.0	10.0-60.0	0.000-0.393	0.008	0.152	7530.0	7528.0	4331.91	74.2337	3196.06	66.1423	-0.141705	0.0695539	-0.05	0.0	0.345936	0.0	3.09256	0.0	0.0508726	0.0	0.0263468	0.0	0.03	0.0	1.492	0.0	5.0	0.0	1.733	0.0	0.036733	0.0	1.26244e-05	0.000102978	0.283892	0.0099903	0.194806	0.0	0.00388621	0.0	0.00196496	0.000585004	1.71005	0.0	0.859403	0.0146702	0.480119	0.176943	0.816619	0.131392	0.367734	0.185148	0.0239699	0.00973147	0.165344	0.0160356	0.0953799	0.0368496	-12480.3	4.0	1.47603e-06	-64571.1	3.0	9.00412e-06	1.0	3142.96	67.9006	1188.95	46.0955	0.274463	0.00954503	1079.06	4.70392	
0.0-2.4	6.5-30.0	10.0-60.0	0.000-1.571	0.008	0.16	26507.0	26503.0	16252.5	143.623	10249.2	120.932	-0.233609	0.0390077	-0.05	0.0	0.345936	0.0	3.09256	0.0	0.0508726	0.0	0.0263468	0.000360706	0.03	0.0	1.492	0.0	5.0	0.0	1.733	0.0	0.0367329	8.46086e-05	1.00282e-05	0.000232918	0.270053	0.00490918	0.194806	0.0	0.00388621	0.0	0.00167544	0.00032181	1.71005	0.0	0.881262	0.00842297	0.526672	0.0413174	0.971903	0.00831545	0.420984	0.0425626	0.0465212	0.00416209	0.180183	0.0071005	0.413591	0.0861638	-44763.6	4.0	6.07933e-05	-262367.0	4.0	7.50227e-05	1.0	11717.1	132.053	4535.47	91.2318	0.279062	0.00504268	1093.16	2.73374	
0.0-2.4	6.5-30.0	10.0-60.0	0.393-0.785	0.008	0.145	7000.0	6997.0	4301.48	72.9421	2695.56	60.9507	-0.258559	0.0760932	-0.05	0.0	0.345936	0.0	3.09256	0.0	0.0508726	0.0	0.0263468	0.0	0.03	0.0	1.492	0.0	5.0	0.0	1.733	0.0	0.036733	0.0	1.89238e-05	0.00459057	0.283959	0.00990231	0.194806	0.0	0.00388621	0.0	0.000787863	0.000661642	1.71005	0.0	0.916326	0.0181404	0.629207	0.114843	0.690976	0.228622	0.319792	0.131457	0.0587677	0.0112554	0.191626	0.0142674	0.0330821	0.0124952	-11683.9	4.0	4.23428e-05	-59996.3	3.0	3.02402e-05	1.0	3094.43	67.447	1207.05	47.0593	0.280613	0.00985119	1116.13	5.99588	
0.0-2.4	6.5-30.0	10.0-60.0	0.785-1.178	0.008	0.152	6075.0	6073.0	3846.76	68.7914	2226.12	55.7831	-0.22681	0.0838526	-0.05	0.0	0.345936	0.0	3.09256	0.0	0.0508726	0.0	0.0263468	0.0	0.03	0.0	1.492	0.0	5.0	0.0	1.733	0.0	0.036733	0.0	2.75139e-05	0.00458662	0.268189	0.0103496	0.194806	0.0	0.00388621	0.0	0.00103783	0.000652001	1.71005	0.0	0.892363	0.0167859	0.636906	0.120689	0.992489	0.0463144	0.546173	0.115123	0.064596	0.0279686	0.198411	0.0342781	0.614113	0.7332	-10706.5	4.0	1.39436e-05	-51389.2	3.0	1.26193e-05	1.0	2818.98	63.9171	1027.78	43.3806	0.267181	0.010215	1100.39	5.48038	
0.0-2.4	6.5-30.0	10.0-60.0	1.178-1.571	0.008	0.152	5901.0	5899.0	3771.55	68.0668	2127.45	54.6711	-0.344541	0.0858884	-0.05	0.0	0.345936	0.0	3.09256	0.0	0.0508726	0.0	0.0263468	0.0	0.03	0.0	1.492	0.0	5.0	0.0	1.733	0.0	0.036733	0.0	1.96612e-05	0.00459023	0.244552	0.00898101	0.194806	0.0	0.00388621	0.0	0.00106822	0.000691294	1.71005	0.0	0.865816	0.0184901	0.549346	0.037098	0.943835	0.0189402	0.413376	0.0471091	0.0534901	0.00618091	0.205941	0.0185651	0.56455	0.137928	-9954.51	4.0	3.84737e-06	-49772.2	3.0	1.94989e-05	1.0	2641.79	63.1062	1129.76	46.0974	0.299548	0.0109618	1083.18	5.95026	
0.0-2.4	6.5-30.0	20.0-30.0	0.000-0.393	0.008	0.105	2083.0	2076.0	1196.56	38.9202	879.412	34.6078	-0.213631	0.132654	-0.05	0.0	0.345936	0.0	3.09256	0.0	0.0508726	0.0	0.0252238	0.0	0.03	0.0	1.492	0.0	5.0	0.0	1.733	0.0	0.0362137	0.0	1.25371e-05	0.000105445	0.266741	0.0199702	0.194806	0.0	0.00388621	0.0	0.00391659	0.00109717	1.71005	0.0	0.865595	0.0269002	0.402878	0.0746956	0.783151	0.306035	0.324307	0.125501	0.036028	0.0150295	0.141099	0.0322303	0.0700125	0.0337077	-3719.47	4.0	4.09019e-06	-15148.3	3.0	2.41772e-06	1.0	932.106	36.5503	264.454	22.1521	0.221012	0.0170604	1083.03	8.65565	
0.0-2.4	6.5-30.0	20.0-30.0	0.000-1.571	0.008	0.136	7367.0	7360.0	4493.14	75.1671	2866.3	63.4314	-0.200759	0.0736679	-0.05	0.0	0.345936	0.0	3.09256	0.0	0.0508726	0.0	0.0252238	0.000646874	0.03	0.0	1.492	0.0	5.0	0.0	1.733	0.0	0.0362137	0.000147349	3.37928e-05	7.02542e-05	0.266677	0.00924203	0.194806	0.0	0.00388621	0.0	0.00200009	0.000585515	1.71005	0.0	0.843295	0.0154201	0.512233	0.0984232	0.696423	0.166657	0.296962	0.0963053	0.0412662	0.00728143	0.179351	0.0144719	0.0390458	0.0133315	-12951.6	4.0	7.44967e-06	-63491.8	4.0	6.07208e-05	1.0	3271.67	69.173	1221.47	46.9765	0.271852	0.00941421	1068.77	4.89838	
0.0-2.4	6.5-30.0	20.0-30.0	0.393-0.785	0.008	0.105	1998.0	1985.0	1210.32	38.4879	774.698	32.3376	-0.20062	0.141456	-0.05	0.0	0.345936	0.0	3.09256	0.0	0.0508726	0.0	0.0252238	0.0	0.03	0.0	1.492	0.0	5.0	0.0	1.733	0.0	0.0362137	0.0	2.76412e-05	0.127705	0.284068	0.0170767	0.194806	0.0	0.00388621	0.0	0.00241631	0.00119115	1.71005	0.0	0.922956	0.0327051	0.629899	0.027374	1.0	32.5231	0.585465	0.0208661	0.046898	0.0041957	0.177573	0.00862884	0.0486808	103.109	-3348.65	4.0	0.00013017	-14542.1	3.0	2.68432e-07	1.0	820.332	34.6861	389.985	26.0081	0.322217	0.0188884	1120.52	10.8454	
0.0-2.4	6.5-30.0	20.0-30.0	0.785-1.178	0.008	0.12	1615.0	1611.0	1041.74	35.4324	569.109	27.9776	-0.348537	0.166129	-0.05	0.0	0.345936	0.0	3.09256	0.0	0.0508726	0.0	0.0252238	0.0	0.03	0.0	1.492	0.0	5.0	0.0	1.733	0.0	0.0362137	0.0	1.26912e-05	0.00459344	0.282952	0.0193971	0.194806	0.0	0.00388621	0.0	0.000803891	0.00118995	1.71005	0.0	0.815294	0.0310408	0.557592	0.119495	0.681465	0.288995	0.141697	0.254236	0.0373866	0.0100346	0.137666	0.0212948	0.0266768	0.0346178	-2955.71	4.0	7.89137e-08	-11566.5	3.0	0.000106991	1.0	747.215	32.2919	294.526	22.2982	0.282725	0.019123	1051.13	9.69303	
0.0-2.4	6.5-30.0	20.0-30.0	1.178-1.571	0.008	0.128	1669.0	1665.0	1043.7	35.9396	621.262	29.4828	0.0572897	0.158085	-0.05	0.0	0.345936	0.0	3.09256	0.0	0.0508726	0.0	0.0252238	0.0	0.03	0.0	1.492	0.0	5.0	0.0	1.733	0.0	0.0362137	0.0	3.66622e-05	0.000202958	0.224235	0.0171174	0.194806	0.0	0.00388621	0.0	-0.000565479	0.00118882	1.71005	0.0	0.787764	0.033977	0.566818	0.10726	0.465134	0.126248	0.0831014	0.138029	0.0399206	0.0117172	0.272002	0.0398674	0.0329179	0.010263	-2942.41	4.0	3.46748e-06	-11917.6	3.0	2.08382e-05	1.0	763.455	33.8646	280.241	23.4263	0.268508	0.0204527	1034.09	10.4206	
0.0-2.4	6.5-30.0	30.0-60.0	0.000-0.393	0.008	0.12	2347.0	2343.0	1544.86	42.9335	798.072	33.1147	-0.531808	0.14118	-0.05	0.0	0.345936	0.0	3.09256	0.0	0.0508726	0.0	0.0267011	0.0	0.03	0.0	1.492	0.0	5.0	0.0	1.733	0.0	0.0368999	0.0	1.2559e-05	0.000104568	0.259995	0.0158372	0.194806	0.0	0.00388621	0.0	0.00114459	0.000896733	1.71005	0.0	0.767689	0.0238004	0.601553	0.178195	0.724848	0.849123	0.235606	0.598505	0.0341824	0.0219577	0.196978	0.0193896	0.0200016	0.464009	-4507.95	4.0	3.16887e-06	-17760.8	3.0	9.52467e-06	1.0	1151.13	40.14	393.735	26.5992	0.254867	0.0156934	1021.86	7.19859	
0.0-2.4	6.5-30.0	30.0-60.0	0.000-1.571	0.008	0.145	8415.0	8410.0	6024.9	84.534	2384.81	59.2131	-0.4558	0.0820588	-0.05	0.0	0.345936	0.0	3.09256	0.0	0.0508726	0.0	0.0267011	0.00055628	0.03	0.0	1.492	0.0	5.0	0.0	1.733	0.0	0.0368999	0.00013164	3.69686e-05	0.0287936	0.268001	0.00798295	0.194806	0.0	0.00388621	0.0	0.000615761	0.000522295	1.71005	0.0	0.814332	0.0138451	0.685	0.110361	0.539245	0.108609	0.155059	0.0731099	0.0521221	0.0104782	0.270635	0.0187291	0.0418584	0.00896266	-16101.9	4.0	1.19128e-05	-75282.7	4.0	1.4314e-05	1.0	4364.81	78.3801	1660.09	54.1797	0.275538	0.00811919	1050.53	4.32073	
0.0-2.4	6.5-30.0	30.0-60.0	0.393-0.785	0.008	0.096	2295.0	2283.0	1669.83	44.0412	613.121	29.713	-0.624275	0.162839	-0.05	0.0	0.345936	0.0	3.09256	0.0	0.0508726	0.0	0.0267011	0.0	0.03	0.0	1.492	0.0	5.0	0.0	1.733	0.0	0.0368999	0.0	1.0155e-05	0.000596844	0.303624	0.0165019	0.194806	0.0	0.00388621	0.0	-0.000538724	0.00108719	1.71005	0.0	0.875042	0.0311686	0.631772	0.120083	0.415487	0.108465	0.0362043	0.0773104	0.0379509	0.0199961	0.295717	0.042038	0.0458521	0.00879167	-4264.78	4.0	2.53543e-05	-17538.3	3.0	1.53594e-05	1.0	1187.4	40.3909	482.438	28.5056	0.288914	0.0152758	1089.13	10.0818	
0.0-2.4	6.5-30.0	30.0-60.0	0.785-1.178	0.008	0.12	1879.0	1875.0	1389.87	40.2958	485.129	26.8141	-0.0866811	0.181669	-0.05	0.0	0.345936	0.0	3.09256	0.0	0.0508726	0.0	0.0267011	0.0	0.03	0.0	1.492	0.0	5.0	0.0	1.733	0.0	0.0368999	0.0	1.26912e-05	0.00459344	0.194814	0.0130377	0.194806	0.0	0.00388621	0.0	0.000446268	0.00111694	1.71005	0.0	0.82287	0.0275396	0.802551	0.174485	0.579679	0.203866	0.26041	0.0884353	0.0707241	0.0330194	0.241677	0.036428	0.0564519	0.029396	-3902.07	4.0	5.10551e-05	-14054.1	3.0	7.01824e-08	1.0	1022.65	39.1786	367.222	27.7353	0.264213	0.0184265	1055.88	8.64065	
0.0-2.4	6.5-30.0	30.0-60.0	1.178-1.571	0.008	0.105	1891.0	1886.0	1408.33	40.4909	477.652	26.6237	-0.490107	0.183508	-0.05	0.0	0.345936	0.0	3.09256	0.0	0.0508726	0.0	0.0267011	0.0	0.03	0.0	1.492	0.0	5.0	0.0	1.733	0.0	0.0368999	0.0	4.85093e-05	0.000406753	0.288073	0.0166276	0.194806	0.0	0.00388621	0.0	0.00156714	0.00113867	1.71005	0.0	0.828689	0.0293387	0.636429	0.0904202	0.6272	0.146118	0.172644	0.0742161	0.0553416	0.0188938	0.376307	0.0527132	0.0627012	0.0210926	-3482.91	4.0	2.27239e-05	-14145.2	3.0	7.77282e-06	1.0	983.794	36.9122	424.536	26.673	0.301446	0.0168401	1059.53	9.23822	
0.0-2.4	6.5-30.0	60.0-100.0	0.000-0.393	0.008	0.056	237.0	227.0	196.572	14.7486	30.4276	7.16814	0.447809	0.721684	-0.05	0.0	0.345936	0.0	3.09256	0.0	0.0508726	0.0	0.02462	0.0	0.03	0.0	1.492	0.0	5.0	0.0	1.733	0.0	0.0359409	0.0	2.68431e-05	0.000324728	0.300953	0.0475601	0.194806	0.0	0.00388621	0.0	0.00501338	0.00290826	1.71005	0.0	0.811928	0.0918384	0.999997	0.615603	0.559824	0.196289	2.28078e-06	0.166617	0.0962306	0.303399	0.136638	0.0531326	0.0944545	0.0538581	-520.445	4.0	3.08819e-05	-1290.52	3.0	8.37367e-08	1.0	143.91	13.4532	52.6619	8.94513	0.267902	0.0408256	1049.03	28.6169	
0.0-2.4	6.5-30.0	60.0-100.0	0.000-1.571	0.008	0.088	973.0	966.0	810.338	30.0378	155.63	15.7352	-0.405279	0.326486	-0.05	0.0	0.345936	0.0	3.09256	0.0	0.0508726	0.0	0.02462	0.0015099	0.03	0.0	1.492	0.0	5.0	0.0	1.733	0.0	0.0359409	0.00033825	3.69533e-05	0.0259228	0.271434	0.023592	0.194806	0.0	0.00388621	0.0	0.00194367	0.00125415	1.71005	0.0	0.776781	0.0328859	0.863631	0.389273	1.0	0.752354	0.259862	0.449512	0.0546415	0.127927	0.19425	0.0648518	0.102008	60.474	-2281.96	4.0	1.54081e-06	-6859.88	4.0	1.89516e-06	1.0	621.815	28.268	188.523	17.7941	0.232647	0.0201945	1027.38	10.0103	
0.0-2.4	6.5-30.0	60.0-100.0	0.393-0.785	0.016	0.073	230.0	226.0	188.572	14.4751	37.4181	7.63982	-0.42319	0.655237	-0.05	0.0	0.345936	0.0	3.09256	0.0	0.0508726	0.0	0.02462	0.0	0.03	0.0	1.492	0.0	5.0	0.0	1.733	0.0	0.0359409	0.0	3.01358e-05	2.93372	0.252897	0.0477006	0.194806	0.0	0.00388621	0.0	-0.000368586	0.00247083	1.71005	0.0	0.770249	0.0695296	0.999957	16.3781	0.999978	0.630503	0.60675	0.537469	0.00708113	25.2606	0.311403	0.104594	0.02	2.48894	-554.647	4.0	0.000106721	-1274.83	3.0	1.76073e-05	1.0	146.204	13.7888	42.3684	8.64614	0.224679	0.0424831	1023.41	21.0679	
0.0-2.4	6.5-30.0	60.0-100.0	0.785-1.178	0.016	0.088	279.0	274.0	206.187	15.3492	67.8119	9.86013	-0.512605	0.485667	-0.05	0.0	0.345936	0.0	3.09256	0.0	0.0508726	0.0	0.02462	0.0	0.03	0.0	1.492	0.0	5.0	0.0	1.733	0.0	0.0359409	0.0	3.82827e-05	0.000150588	0.360578	0.073957	0.194806	0.0	0.00388621	0.0	-1.01689e-05	0.00248473	1.71005	0.0	0.831201	0.0574891	0.810736	0.039499	1.0	6.57298	3.87602e-07	0.0519905	0.020724	0.00818224	0.180959	0.0147141	0.199255	33.5584	-619.051	4.0	1.52817e-05	-1549.05	3.0	6.48998e-08	1.0	174.442	14.6142	31.7454	7.10797	0.153964	0.0325122	1061.12	18.13	
0.0-2.4	6.5-30.0	60.0-100.0	1.178-1.571	0.016	0.088	225.0	225.0	207.54	14.8334	17.4083	5.47024	-1.63948	0.992268	-0.05	0.0	0.345936	0.0	3.09256	0.0	0.0508726	0.0	0.02462	0.0	0.03	0.0	1.492	0.0	5.0	0.0	1.733	0.0	0.0359409	0.0	1.00037e-05	0.000278181	0.1993	0.0286977	0.194806	0.0	0.00388621	0.0	0.00406513	0.00210158	1.71005	0.0	0.625135	0.0513422	0.641436	0.0253027	1.0	0.47105	3.84483e-06	0.00545119	0.0398387	0.00462894	0.193965	0.0113458	0.172674	2.72829	-611.046	4.0	3.95671e-07	-1329.77	3.0	3.38935e-05	1.0	140.349	13.631	67.1912	10.4041	0.323751	0.0444707	940.388	13.7408	
0.0-2.4	6.5-8.0	0.0-100.0	0.000-0.393	0.016	0.136	6650.0	6637.0	2698.16	62.5385	3939.18	71.7774	-0.132639	0.0621243	-0.05	0.0	0.377677	0.0	3.09113	0.0	0.045	0.0	0.0298858	0.0	0.03	0.0	1.492	0.0	5.0	0.0	1.733	0.0	0.0363405	0.0	0.000283738	0.00239569	0.320184	0.0159657	0.3824	0.121469	0.00999999	0.00341546	0.00219808	0.000870532	1.80181	0.174802	0.862427	0.0181196	0.822703	0.775101	0.651035	0.170752	0.713336	0.104861	0.024345	0.0283023	0.130581	0.0182648	0.176041	0.0277572	-8776.71	4.0	2.68153e-06	-54374.7	3.0	7.57641e-05	1.0	2075.7	58.2347	622.464	35.8437	0.230699	0.0121608	1304.16	74.4444	
0.0-2.4	6.5-8.0	0.0-100.0	0.000-1.571	0.016	0.16	23659.0	23652.0	10389.2	128.782	13262.7	139.483	-0.0570987	0.0359149	-0.05	0.0	0.377677	0.0629289	3.09113	0.000476463	0.045	0.00029243	0.0298858	0.00124884	0.03	0.0	1.492	0.0	5.0	0.0	1.733	0.0	0.0363405	0.000588973	2.99332e-05	0.00458551	0.300095	0.00756486	0.247328	0.092515	0.00999999	0.0035556	0.00298934	0.000430814	1.76918	0.144226	0.911403	0.00980518	0.501807	0.039767	0.918306	0.0284804	0.560009	0.0321933	0.0608072	0.00679106	0.151154	0.00824095	0.249437	0.0451856	-32353.0	4.0	5.47164e-05	-224883.0	7.0	0.000110842	1.0	7951.04	117.714	2438.12	71.1062	0.234679	0.00619528	1182.94	52.352	
0.0-2.4	6.5-8.0	0.0-100.0	0.393-0.785	0.016	0.145	6228.0	6221.0	2630.14	60.9889	3590.95	68.4136	-0.171213	0.0651524	-0.05	0.0	0.377677	0.0	3.09113	0.0	0.045	0.0	0.0298858	0.0	0.03	0.0	1.492	0.0	5.0	0.0	1.733	0.0	0.0363405	0.0	5.71468e-05	0.0356234	0.322716	0.0152803	0.840202	0.0613475	0.00435761	0.0029239	-0.000339805	0.00264131	1.29411	0.0495922	0.6	0.024367	0.625498	0.0639714	0.929001	0.795653	0.529278	0.0411706	0.07873	0.00807985	0.142297	0.0154256	0.0711448	0.0475281	-8205.36	4.0	1.09974e-06	-50705.0	3.0	3.08255e-05	1.0	1981.22	55.7182	648.916	34.9331	0.246723	0.0119865	1210.22	27.8358	
0.0-2.4	6.5-8.0	0.0-100.0	0.785-1.178	0.016	0.152	5686.0	5684.0	2656.89	60.2272	3027.12	63.2265	0.153862	0.0710467	-0.05	0.0	0.377677	0.0	3.09113	0.0	0.045	0.0	0.0298858	0.0	0.03	0.0	1.492	0.0	5.0	0.0	1.733	0.0	0.0363405	0.0	0.000162346	0.00052087	0.269377	0.0137514	0.125882	0.127257	0.00999964	0.014763	0.00277138	0.000800273	1.93842	0.430428	0.939334	0.0188813	0.419821	0.06009	0.531865	0.164866	0.3964	0.0688947	0.0482618	0.0119004	0.182533	0.0262243	0.0727349	0.00938897	-8312.12	4.0	3.26764e-05	-46185.5	3.0	3.15933e-06	1.0	2050.34	56.9201	606.553	35.6198	0.228294	0.0123675	1115.47	94.8099	
0.0-2.4	6.5-8.0	0.0-100.0	1.178-1.571	0.016	0.152	5094.0	5089.0	2405.53	57.2663	2683.59	59.6445	-0.0287542	0.0754049	-0.05	0.0	0.377677	0.0	3.09113	0.0	0.045	0.0	0.0298858	0.0	0.03	0.0	1.492	0.0	5.0	0.0	1.733	0.0	0.0363405	0.0	0.00037077	0.135166	0.288829	0.0152756	0.647334	0.789382	0.00754825	0.00409297	-0.000592615	0.00119665	1.39691	0.229244	0.6	0.0674388	0.478604	0.0519048	0.88526	0.048419	0.604788	0.0386543	0.0668987	0.010657	0.219458	0.0234856	0.348343	0.0889953	-7125.95	4.0	1.37906e-05	-40795.8	3.0	1.04824e-05	1.0	1854.03	53.3359	551.494	32.6953	0.229261	0.0124478	1179.04	280.554	
0.0-2.4	6.5-8.0	10.0-60.0	0.000-0.393	0.016	0.128	3849.0	3843.0	1736.23	49.066	2106.95	52.7084	-0.182913	0.0850729	-0.05	0.0	0.377677	0.0	3.09113	0.0	0.045	0.0	0.0289941	0.0	0.03	0.0	1.492	0.0	5.0	0.0	1.733	0.0	0.0358881	0.0	0.000280358	0.0026809	0.37185	0.0209948	0.247328	0.0	0.00999999	0.0	0.00332834	0.00100451	1.76918	0.0	0.888149	0.0214422	0.320464	0.189767	0.867806	0.111945	0.392892	0.29682	0.017296	0.00751518	0.158353	0.0223673	0.121999	0.0477035	-5289.66	4.0	1.68803e-07	-29631.6	3.0	8.91283e-06	1.0	1295.76	44.46	440.467	28.12	0.253692	0.0145228	1169.55	6.12791	
0.0-2.4	6.5-8.0	10.0-60.0	0.000-1.571	0.016	0.16	13195.0	13191.0	6693.81	96.1623	6497.25	95.136	-0.101979	0.0485614	-0.05	0.0	0.377677	0.0	3.09113	0.0	0.045	0.0	0.0289941	0.000705953	0.03	0.0	1.492	0.0	5.0	0.0	1.733	0.0	0.0358881	0.000177468	2.99332e-05	0.00458551	0.323267	0.00954831	0.247328	0.0	0.00999999	0.0	0.00203677	0.000551379	1.76918	0.0	0.895557	0.0121489	0.474195	0.0763761	0.906964	0.0349428	0.588012	0.0599567	0.0497206	0.00960664	0.180809	0.0119175	0.25426	0.0508362	-19299.4	4.0	6.20192e-05	-119051.0	4.0	9.50205e-07	1.0	5009.2	88.0451	1684.61	56.2065	0.251666	0.00757859	1173.8	3.4883	
0.0-2.4	6.5-8.0	10.0-60.0	0.393-0.785	0.016	0.145	3495.0	3492.0	1816.82	48.7519	1675.0	47.2752	-0.0405493	0.0956713	-0.05	0.0	0.377677	0.0	3.09113	0.0	0.045	0.0	0.0289941	0.0	0.03	0.0	1.492	0.0	5.0	0.0	1.733	0.0	0.0358881	0.0	5.71468e-05	0.0356234	0.337815	0.0181155	0.247328	0.0	0.00999999	0.0	0.000801121	0.0011915	1.76918	0.0	0.964911	0.0256607	0.680937	0.843224	0.394744	0.720776	0.528157	0.173689	0.0306736	0.0452106	0.206673	0.0367634	0.0709552	0.0335576	-5095.06	4.0	1.47102e-06	-26942.8	3.0	1.86285e-05	1.0	1319.66	44.4601	497.158	30.0118	0.273642	0.0147972	1214.46	7.6727	
0.0-2.4	6.5-8.0	10.0-60.0	0.785-1.178	0.016	0.152	2973.0	2970.0	1599.47	45.5349	1370.52	42.947	-0.0148158	0.105862	-0.05	0.0	0.377677	0.0	3.09113	0.0	0.045	0.0	0.0289941	0.0	0.03	0.0	1.492	0.0	5.0	0.0	1.733	0.0	0.0358881	0.0	0.000162346	0.00052087	0.269753	0.0187798	0.247328	0.0	0.00999999	0.0	-0.000172391	0.00107042	1.76918	0.0	0.852393	0.0235344	0.999979	5.93488	0.27357	0.0386607	0.584061	0.0204786	0.191192	9.32197	0.237373	0.0169082	0.0826245	0.0061518	-4825.08	4.0	1.36014e-07	-22529.7	3.0	1.42516e-06	1.0	1256.81	43.5571	342.664	26.6872	0.214236	0.0155303	1149.35	6.56849	
0.0-2.4	6.5-8.0	10.0-60.0	1.178-1.571	0.016	0.136	2877.0	2873.0	1538.23	44.7185	1334.61	42.3811	-0.126513	0.107197	-0.05	0.0	0.377677	0.0	3.09113	0.0	0.045	0.0	0.0289941	0.0	0.03	0.0	1.492	0.0	5.0	0.0	1.733	0.0	0.0358881	0.0	1.00919e-05	0.00212113	0.298631	0.0175962	0.247328	0.0	0.00999999	0.0	0.00163756	0.00111535	1.76918	0.0	0.819275	0.0262469	0.414675	0.0569179	0.865639	0.0571736	0.552413	0.0525779	0.0572925	0.00949695	0.252455	0.0320302	0.373623	0.0919504	-4155.47	4.0	4.71377e-05	-21672.1	3.0	1.16434e-05	1.0	1112.5	41.015	425.724	28.0961	0.276763	0.0163976	1131.08	7.15469	
0.0-2.4	8.0-10.0	0.0-100.0	0.000-0.393	0.016	0.152	3369.0	3367.0	2071.15	50.3556	1295.85	41.9567	0.11241	0.10902	-0.05	0.0	0.449725	0.0	3.09302	0.0	0.0464249	0.0	0.0226901	0.0	0.03	0.0	1.492	0.0	5.0	0.0	1.733	0.0	0.0353919	0.0	3.80818e-05	0.00458177	0.212072	0.0110903	0.480721	0.341224	0.000152115	0.00438613	0.00155628	0.00115075	1.4682	0.220267	0.739971	0.0281795	0.687737	0.161262	0.660574	0.222429	0.41388	0.0758937	0.0388259	0.0153923	0.206556	0.0239776	0.0476342	0.0135972	-6034.25	4.0	2.60633e-06	-26482.4	3.0	4.60114e-07	1.0	1500.15	47.3713	571.0	33.2638	0.275692	0.014595	1149.17	137.284	
0.0-2.4	8.0-10.0	0.0-100.0	0.000-1.571	0.008	0.152	12167.0	12165.0	7631.93	106.983	4533.04	91.348	-0.163515	0.06002	-0.05	0.0	0.449725	0.0491465	3.09302	0.000454961	0.0464249	0.00204117	0.0226901	0.00102353	0.03	0.0	1.492	0.0	5.0	0.0	1.733	0.0	0.0353919	0.000848176	8.77568e-05	0.000222665	0.239797	0.00655552	0.22052	0.162925	0.000482536	0.00445097	0.00214133	0.0004954	1.61158	0.193917	0.878437	0.013366	0.618703	0.129803	0.674781	0.131178	0.357544	0.0827314	0.0346683	0.00968802	0.250919	0.0144089	0.055496	0.00924848	-21451.8	4.0	9.5132e-06	-111629.0	7.0	2.0985e-05	1.0	5478.54	96.1101	2153.39	65.1961	0.282155	0.00757176	1083.61	75.7466	
0.0-2.4	8.0-10.0	0.0-100.0	0.393-0.785	0.016	0.105	3198.0	3181.0	2023.45	49.4428	1157.51	39.7327	-0.41188	0.116061	-0.05	0.0	0.449725	0.0	3.09302	0.0	0.0464249	0.0	0.0226901	0.0	0.03	0.0	1.492	0.0	5.0	0.0	1.733	0.0	0.0353919	0.0	0.000172932	0.00146308	0.260551	0.0130969	0.0247845	0.0475261	0.00888237	0.0102477	0.00344592	0.000953038	2.45426	1.19584	1.01947	0.0266859	0.519667	0.075113	0.660713	0.175038	0.102933	0.138831	0.0356204	0.0093274	0.236462	0.0244008	0.0362819	0.0129157	-5417.71	4.0	3.51733e-05	-24955.1	3.0	6.29377e-06	1.0	1403.96	45.9733	619.493	34.144	0.306157	0.0151252	1078.35	65.6094	
0.0-2.4	8.0-10.0	0.0-100.0	0.785-1.178	0.016	0.145	2866.0	2866.0	1811.55	46.8218	1054.43	37.8838	-0.0154697	0.121013	-0.05	0.0	0.449725	0.0	3.09302	0.0	0.0464249	0.0	0.0226901	0.0	0.03	0.0	1.492	0.0	5.0	0.0	1.733	0.0	0.0353919	0.0	9.83527e-05	0.000854857	0.315077	0.0172479	0.140876	0.302592	0.00619962	0.0180757	0.00039098	0.00092904	1.66474	0.645402	0.960233	0.0249209	0.808836	0.0403709	0.999994	1.62255	0.583879	0.032815	0.0785736	0.0142707	0.174885	0.013028	0.0200325	8.26086	-5036.94	4.0	1.86535e-07	-22201.5	3.0	2.7019e-07	1.0	1335.15	43.1172	476.405	28.6333	0.262982	0.0142698	1087.46	146.568	
0.0-2.4	8.0-10.0	0.0-100.0	1.178-1.571	0.016	0.128	2733.0	2731.0	1732.55	45.7266	998.342	36.8337	-0.365177	0.124948	-0.05	0.0	0.449725	0.0	3.09302	0.0	0.0464249	0.0	0.0226901	0.0	0.03	0.0	1.492	0.0	5.0	0.0	1.733	0.0	0.0353919	0.0	0.000173321	0.000555349	0.183209	0.0106462	0.274032	0.249395	-0.00287563	0.00732801	0.00239956	0.00110372	1.53954	0.259115	0.871008	0.0302006	0.676032	0.110577	0.831868	0.23991	0.525856	0.0989792	0.0531379	0.0164231	0.361093	0.040953	0.0617199	0.0334969	-4976.48	4.0	1.54916e-05	-21030.9	3.0	1.90639e-05	1.0	1229.91	44.1566	502.64	32.7429	0.290116	0.0172781	1095.57	104.768	
0.0-2.4	8.0-10.0	10.0-60.0	0.000-0.393	0.016	0.145	2131.0	2129.0	1366.03	40.5003	762.981	32.2064	-0.0347556	0.142268	-0.05	0.0	0.449725	0.0	3.09302	0.0	0.0464249	0.0	0.0233841	0.0	0.03	0.0	1.492	0.0	5.0	0.0	1.733	0.0	0.0356396	0.0	8.51781e-05	0.000319537	0.199545	0.013301	0.22052	0.0	0.000482536	0.0	0.00139104	0.0011109	1.61158	0.0	0.830641	0.0280066	0.587832	0.0127483	1.0	35.2856	0.333648	0.0166606	0.0427545	0.0017289	0.153439	0.00421575	0.0200379	206.258	-4078.31	4.0	1.90504e-07	-15882.6	3.0	1.49055e-07	1.0	1011.76	38.7503	354.263	26.6849	0.259339	0.0179579	1053.82	8.60361	
0.0-2.4	8.0-10.0	10.0-60.0	0.000-1.571	0.016	0.145	7408.0	7406.0	4927.36	77.067	2478.21	59.0775	-0.320282	0.0794483	-0.05	0.0	0.449725	0.0	3.09302	0.0	0.0464249	0.0	0.0233841	0.000701694	0.03	0.0	1.492	0.0	5.0	0.0	1.733	0.0	0.0356396	0.000126673	8.96232e-05	0.000224682	0.234726	0.00793963	0.22052	0.0	0.000482536	0.0	0.00166583	0.000610165	1.61158	0.0	0.834177	0.0163349	0.592877	0.101302	0.682583	0.155225	0.227714	0.0916752	0.0422539	0.00714869	0.233305	0.0164348	0.0427055	0.0102202	-13735.4	4.0	1.37278e-05	-64797.7	4.0	5.04833e-05	1.0	3544.22	72.1327	1383.14	50.9728	0.280707	0.00936697	1056.0	5.02905	
0.0-2.4	8.0-10.0	10.0-60.0	0.393-0.785	0.016	0.12	1981.0	1981.0	1303.06	39.377	677.918	30.4209	-0.447258	0.152046	-0.05	0.0	0.449725	0.0	3.09302	0.0	0.0464249	0.0	0.0233841	0.0	0.03	0.0	1.492	0.0	5.0	0.0	1.733	0.0	0.0356396	0.0	0.000180866	0.000958622	0.247726	0.0161549	0.22052	0.0	0.000482536	0.0	0.00110374	0.00124629	1.61158	0.0	0.85957	0.0378843	0.682447	0.114603	0.607791	0.205367	0.192202	0.158752	0.0431339	0.0135587	0.253516	0.0307517	0.0369436	0.0136651	-3551.72	4.0	1.52095e-07	-14706.4	3.0	1.62686e-06	1.0	927.136	36.9883	375.919	26.6874	0.28849	0.0185326	1071.76	11.8419	
0.0-2.4	8.0-10.0	10.0-60.0	0.785-1.178	0.016	0.112	1704.0	1698.0	1146.19	36.906	551.774	27.708	-0.421971	0.168964	-0.05	0.0	0.449725	0.0	3.09302	0.0	0.0464249	0.0	0.0233841	0.0	0.03	0.0	1.492	0.0	5.0	0.0	1.733	0.0	0.0356396	0.0	0.000152887	0.000500196	0.300195	0.0189935	0.22052	0.0	0.000482536	0.0	0.00204678	0.00122685	1.61158	0.0	0.887246	0.0328898	0.701788	0.327297	1.0	35.0974	0.607248	0.219338	0.0523284	0.0370601	0.175764	0.0441793	0.0256737	109.165	-3110.58	4.0	1.60638e-07	-12377.3	3.0	1.09501e-05	1.0	801.355	33.3259	344.831	23.8351	0.300851	0.0184011	1089.19	10.4418	
0.0-2.4	8.0-10.0	10.0-60.0	1.178-1.571	0.016	0.112	1591.0	1587.0	1112.23	36.083	474.777	25.7783	-0.448576	0.182491	-0.05	0.0	0.449725	0.0	3.09302	0.0	0.0464249	0.0	0.0233841	0.0	0.03	0.0	1.492	0.0	5.0	0.0	1.733	0.0	0.0356396	0.0	0.000191479	0.00117239	0.195637	0.0137257	0.22052	0.0	0.000482536	0.0	-0.000735683	0.00135799	1.61158	0.0	0.825637	0.0350103	0.761587	0.143039	0.538293	0.167975	0.209797	0.0846261	0.0562347	0.0237451	0.352699	0.0520695	0.0587901	0.0178769	-3025.42	4.0	4.48712e-06	-11544.9	3.0	5.76612e-06	1.0	784.757	34.8258	327.469	26.0294	0.294426	0.0213649	1050.75	10.7216	
1.2-1.6	6.5-30.0	0.0-100.0	0.000-0.393	0.008	0.136	3213.0	3209.0	1591.98	46.2151	1617.21	46.487	-0.00612059	0.0972289	-0.05	0.0	0.436654	0.0	3.09151	0.0	0.0468423	0.0	0.0318237	0.0	0.03	0.0	1.492	0.0	5.0	0.0	1.733	0.0	0.0390978	0.0	2.98516e-05	0.00458555	0.199464	0.0126883	0.0855425	0.0676275	0.01	0.0144498	-0.00028532	0.000993796	2.14949	0.498319	0.914857	0.0245935	0.861792	0.0764127	0.340776	0.068122	1.02594e-06	0.112119	0.115421	0.0400491	0.140843	0.0154163	0.0299467	0.00649948	-4923.11	4.0	4.69167e-05	-24320.6	3.0	2.74096e-05	1.0	1162.53	45.0399	429.448	32.3275	0.269757	0.0187358	1077.31	73.6539	
1.2-1.6	6.5-30.0	0.0-100.0	0.000-1.571	0.008	0.136	11711.0	11692.0	5973.02	109.789	5718.84	108.601	-0.0552713	0.0556818	-0.05	0.0	0.436654	0.098618	3.09151	0.000674175	0.0468423	0.00294369	0.0318237	0.00169986	0.03	0.0	1.492	0.0	5.0	0.0	1.733	0.0	0.0390978	0.00114009	2.31047e-05	0.000294422	0.224329	0.00726734	0.103775	0.0507441	0.00999984	0.0195355	0.00237103	0.00051486	2.09199	0.256609	0.950486	0.0133508	0.644444	0.0947017	0.539092	0.118691	0.369151	0.0912316	0.0705164	0.0101833	0.207978	0.0145626	0.045743	0.0141288	-17497.3	4.0	1.867e-07	-103914.0	7.0	8.39473e-06	1.0	4339.19	96.882	1633.84	62.6632	0.273536	0.00920776	1124.2	46.6415	
1.2-1.6	6.5-30.0	0.0-100.0	0.393-0.785	0.008	0.128	3174.0	3167.0	1499.12	45.5121	1667.96	47.3305	-0.223292	0.0958651	-0.05	0.0	0.436654	0.0	3.09151	0.0	0.0468423	0.0	0.0318237	0.0	0.03	0.0	1.492	0.0	5.0	0.0	1.733	0.0	0.0390978	0.0	1.04212e-05	0.0017469	0.210712	0.0141289	0.139479	0.194104	-0.00369186	0.0130029	0.00276984	0.00107974	1.8695	0.551205	1.01763	0.0275376	0.655346	0.086862	0.999998	0.640562	0.584015	0.0597824	0.0727896	0.0138885	0.196565	0.0166099	0.0849307	4.50756	-4565.36	4.0	9.37962e-06	-23828.6	3.0	3.84931e-06	1.0	1093.74	44.1603	405.38	31.6072	0.270411	0.0194198	1174.14	119.095	
1.2-1.6	6.5-30.0	0.0-100.0	0.785-1.178	0.008	0.136	2774.0	2771.0	1490.12	44.1777	1280.88	41.7427	0.16829	0.10961	-0.05	0.0	0.436654	0.0	3.09151	0.0	0.0468423	0.0	0.0318237	0.0	0.03	0.0	1.492	0.0	5.0	0.0	1.733	0.0	0.0390978	0.0	9.7391e-05	0.000579671	0.254306	0.0160165	0.0300435	0.0281106	0.0031415	0.0119123	0.00326482	0.000948743	3.12118	1.02466	0.971133	0.0253208	0.499155	0.0113832	0.999931	14.4024	0.439265	0.0137811	0.0568179	0.0013619	0.142691	0.00477674	0.0589984	70.9952	-4361.45	4.0	2.20399e-06	-20755.3	3.0	8.89233e-08	1.0	1099.29	41.2394	390.831	27.7992	0.262282	0.0169579	1098.84	72.0823	
1.2-1.6	6.5-30.0	0.0-100.0	1.178-1.571	0.008	0.12	2549.0	2541.0	1391.69	42.5386	1149.29	39.5863	-0.141027	0.115783	-0.05	0.0	0.436654	0.0	3.09151	0.0	0.0468423	0.0	0.0318237	0.0	0.03	0.0	1.492	0.0	5.0	0.0	1.733	0.0	0.0390978	0.0	0.000198875	0.00213097	0.237232	0.0150966	0.326583	0.164375	0.00999999	0.0148666	0.00279186	0.00126938	1.65735	0.215849	0.829777	0.0350405	0.577115	0.0808697	0.51288	0.130356	0.324056	0.146458	0.0790459	0.0162181	0.325489	0.041584	0.0474672	0.0222205	-3692.39	4.0	2.63181e-05	-18840.6	3.0	2.87859e-06	1.0	974.732	39.661	416.962	29.1163	0.299607	0.0188107	1166.5	88.5201	
1.2-1.6	6.5-30.0	10.0-60.0	0.000-0.393	0.008	0.12	1954.0	1950.0	1057.54	36.9789	892.461	34.6752	-0.0421563	0.131133	-0.05	0.0	0.436654	0.0	3.09151	0.0	0.0468423	0.0	0.0314851	0.0	0.03	0.0	1.492	0.0	5.0	0.0	1.733	0.0	0.038943	0.0	7.71029e-05	0.00456383	0.204163	0.0167212	0.103775	0.0	0.00999984	0.0	-0.000240467	0.00126008	2.09199	0.0	0.9603	0.0305539	0.895104	0.0664567	0.339662	0.0699507	2.45192e-07	0.686844	0.145904	0.0655778	0.149003	0.019952	0.0252748	0.00789348	-3210.62	4.0	2.29682e-06	-13950.2	3.0	3.33816e-08	1.0	797.857	36.3808	259.681	25.0535	0.245552	0.0220797	1131.65	11.6184	
1.2-1.6	6.5-30.0	10.0-60.0	0.000-1.571	0.008	0.128	6621.0	6610.0	3807.5	70.9772	2802.05	63.5041	-0.241479	0.0744051	-0.05	0.0	0.436654	0.0	3.09151	0.0	0.0468423	0.0	0.0314851	0.00113379	0.03	0.0	1.492	0.0	5.0	0.0	1.733	0.0	0.038943	0.000258198	2.94195e-05	0.000284662	0.209938	0.00881143	0.103775	0.0	0.00999984	0.0	0.0021366	0.000676273	2.09199	0.0	0.990473	0.0171712	0.613715	0.0891794	0.597037	0.258085	0.324089	0.320561	0.0769279	0.0131223	0.212141	0.0162506	0.0234976	0.0420877	-10883.5	4.0	1.87688e-07	-55647.5	4.0	7.89622e-05	1.0	2822.2	68.3366	985.308	47.3231	0.25878	0.0114545	1154.73	6.60012	
1.2-1.6	6.5-30.0	10.0-60.0	0.393-0.785	0.008	0.128	1753.0	1751.0	946.838	35.1662	804.057	33.0739	-0.358052	0.138824	-0.05	0.0	0.436654	0.0	3.09151	0.0	0.0468423	0.0	0.0314851	0.0	0.03	0.0	1.492	0.0	5.0	0.0	1.733	0.0	0.038943	0.0	1.04212e-05	0.0017469	0.194627	0.0166896	0.103775	0.0	0.00999984	0.0	0.0023668	0.00145591	2.09199	0.0	1.13288	0.0345408	0.691402	0.225183	0.9999	4.9622	0.719298	0.375579	0.105009	0.0995777	0.268961	0.0524299	0.0279722	16.697	-2727.22	4.0	1.1649e-06	-12319.3	3.0	1.01011e-05	1.0	687.164	34.796	259.673	25.5424	0.274253	0.0249796	1266.65	13.8436	
1.2-1.6	6.5-30.0	10.0-60.0	0.785-1.178	0.008	0.128	1501.0	1499.0	906.037	33.7691	592.931	28.7631	-0.413355	0.162612	-0.05	0.0	0.436654	0.0	3.09151	0.0	0.0468423	0.0	0.0314851	0.0	0.03	0.0	1.492	0.0	5.0	0.0	1.733	0.0	0.038943	0.0	7.39757e-05	0.000766255	0.196051	0.0176006	0.103775	0.0	0.00999984	0.0	0.000923255	0.00129491	2.09199	0.0	0.93482	0.0335173	0.533763	0.0096438	0.999998	3.98333	0.402124	0.0109511	0.0569457	0.00164111	0.15316	0.00325763	0.0496219	18.3363	-2662.98	4.0	6.73411e-06	-10454.7	3.0	1.07569e-05	1.0	698.816	33.2016	207.222	21.9913	0.228712	0.0227258	1112.37	12.6222	
1.2-1.6	6.5-30.0	10.0-60.0	1.178-1.571	0.008	0.105	1411.0	1400.0	898.876	33.2638	501.006	26.6204	-0.214605	0.176548	-0.05	0.0	0.436654	0.0	3.09151	0.0	0.0468423	0.0	0.0314851	0.0	0.03	0.0	1.492	0.0	5.0	0.0	1.733	0.0	0.038943	0.0	0.000187286	0.00108795	0.24254	0.0190967	0.103775	0.0	0.00999984	0.0	0.00374947	0.00140891	2.09199	0.0	0.9723	0.0364317	0.543407	0.064334	0.862339	0.820111	0.367432	0.293688	0.0791767	0.0152671	0.283273	0.0391142	0.0200001	0.134806	-2317.04	4.0	4.90696e-06	-9759.58	3.0	1.25922e-05	1.0	642.149	31.2508	256.727	22.4092	0.285609	0.0225789	1140.8	13.9142	
1.6-2.4	3.0-6.5	0.0-100.0	0.000-0.393	0.016	0.232	64182.0	64173.0	10116.1	166.324	54057.4	267.58	-0.0568763	0.0166994	-0.05	0.0	0.729908	0.0	3.08922	0.0	0.0438144	0.0	0.09	0.0	0.03	0.0	1.86	0.0	5.0	0.0	1.38	0.0	0.0599079	0.0	0.000116838	0.000421882	0.259957	0.014373	0.236067	0.124463	0.00729005	0.0127625	0.00959531	0.000371498	1.8607	0.245023	0.894707	0.00474737	0.95807	0.0124031	0.585758	0.166033	0.718714	0.073882	0.14536	0.0220345	0.145732	0.00442657	0.0200004	0.00566661	-65159.9	4.0	1.35424e-06	-655429.0	3.0	7.58482e-06	1.0	9133.46	170.714	982.615	82.7881	0.097134	0.00802648	1195.34	82.6387	
1.6-2.4	3.0-6.5	0.0-100.0	0.000-1.571	0.016	0.264	241139.0	241129.0	36985.5	546.453	204139.0	680.003	-0.0362178	0.00867432	-0.05	0.0	0.729908	0.033542	3.08922	0.000525718	0.0438144	0.00088668	0.09	0.0028449	0.03	0.0	1.86	0.0	5.0	0.0	1.38	0.0	0.0599078	0.00106654	1.3729e-05	0.00459296	0.232211	0.00687845	0.173641	0.119565	0.0248856	0.0127773	0.00864697	0.000192032	1.74699	0.202734	0.980348	0.00254205	1.0	0.13939	0.740839	0.000299409	0.832083	6.83833e-05	0.0142236	10.461	0.163798	5.56632e-05	0.121313	0.000100827	-240300.0	4.0	1.40016e-05	-2781430.0	7.0	0.00212197	1.0	33095.5	516.954	3889.96	177.323	0.105175	0.00453559	1150.72	60.5379	
1.6-2.4	3.0-6.5	0.0-100.0	0.393-0.785	0.016	0.264	61752.0	61746.0	9257.62	163.437	52488.4	264.338	-0.20203	0.0170003	-0.05	0.0	0.729908	0.0	3.08922	0.0	0.0438144	0.0	0.09	0.0	0.03	0.0	1.86	0.0	5.0	0.0	1.38	0.0	0.0599079	0.0	0.000137229	0.000596044	0.267629	0.01371	0.360587	0.290947	0.011093	0.0173419	0.00487139	0.000433886	1.52994	0.217467	0.786653	0.00583208	1.0	0.00109064	0.68951	0.0272224	0.642217	0.0144527	0.0321378	0.000277781	0.11439	0.00278333	0.053458	0.00447825	-60470.1	4.0	1.66474e-05	-627999.0	3.0	1.30286e-06	1.0	8215.69	164.273	1041.94	79.2878	0.112549	0.00833092	1113.43	124.73	
1.6-2.4	3.0-6.5	0.0-100.0	0.785-1.178	0.016	0.24	58779.0	58774.0	9280.39	158.771	49494.1	255.664	-0.0169995	0.017437	-0.05	0.0	0.729908	0.0	3.08922	0.0	0.0438144	0.0	0.09	0.0	0.03	0.0	1.86	0.0	5.0	0.0	1.38	0.0	0.0599079	0.0	4.38349e-05	0.00457912	0.195549	0.0141198	0.116472	0.085062	0.0499999	0.0704933	0.00951139	0.000378266	1.752	0.261836	1.04399	0.00506931	1.0	0.00455522	0.654792	0.0802619	0.851897	0.0126262	0.0121126	4.33094e-07	0.176115	0.0157516	0.134485	0.0243609	-59111.2	4.0	8.83598e-06	-595149.0	3.0	6.97407e-06	1.0	8365.59	170.349	914.797	93.7029	0.0985732	0.00995504	1149.12	43.4355	
1.6-2.4	3.0-6.5	0.0-100.0	1.178-1.571	0.016	0.136	56424.0	54742.0	8503.37	154.216	46239.4	248.018	0.252939	0.0180307	-0.05	0.0	0.729908	0.0	3.08922	0.0	0.0438144	0.0	0.09	0.0	0.03	0.0	1.86	0.0	5.0	0.0	1.38	0.0	0.0599079	0.0	1.00838e-05	0.00109709	0.222431	0.00994161	0.124071	1.64128	0.0193938	0.215369	0.009791	0.000414938	1.3313	7.83484	1.09489	0.0056234	0.999999	0.652565	0.393586	0.0475322	0.838447	0.012779	0.00703798	5.07104e-06	0.197691	0.00902107	0.0966793	0.00614052	-55769.3	4.0	0.000122273	-550478.0	3.0	9.88353e-06	1.0	7124.01	153.819	1379.36	87.1398	0.162213	0.00981633	1126.92	610.99	
1.6-2.4	3.0-6.5	10.0-60.0	0.000-0.393	0.016	0.209	33518.0	33398.0	7077.95	127.087	26322.0	188.125	0.06535	0.0239446	-0.05	0.0	0.729908	0.0	3.08922	0.0	0.0438144	0.0	0.09	0.0	0.03	0.0	1.86	0.0	5.0	0.0	1.38	0.0	0.0599079	0.0	9.26481e-05	0.000607494	0.263662	0.0193205	0.173641	0.0	0.0248856	0.0	0.0071521	0.000496651	1.74699	0.0	0.935394	0.00659905	1.0	0.519519	0.585412	0.00415206	0.738718	0.00149003	0.15738	0.615844	0.146876	0.000716653	0.0687624	0.000769267	-35779.2	4.0	5.06501e-07	-320269.0	3.0	0.000127659	1.0	6571.25	130.93	506.699	57.4814	0.0715883	0.00801882	1119.37	2.27846	
1.6-2.4	3.0-6.5	10.0-60.0	0.000-1.571	0.016	0.209	120234.0	120103.0	23331.7	238.251	96771.0	360.833	0.0838274	0.0124836	-0.05	0.0	0.729908	0.0	3.08922	0.0	0.0438144	0.0	0.09	0.000556691	0.03	0.0	1.86	0.0	5.0	0.0	1.38	0.0	0.0599079	0.000112942	1.37782e-05	0.00459294	0.242512	0.00798608	0.173641	0.0	0.0248856	0.0	0.00742822	0.000264275	1.74699	0.0	0.961325	0.00351998	1.0	3.27558	0.76928	0.00406684	0.805231	0.00111048	0.013271	5.42995	0.131862	0.000607976	0.116686	0.0014506	-126893.0	4.0	2.3185e-05	-1304160.0	4.0	1.35042e-06	1.0	20824.2	243.432	2507.48	121.23	0.107471	0.0050787	1137.38	1.22926	
1.6-2.4	3.0-6.5	10.0-60.0	0.393-0.785	0.016	0.209	30796.0	30789.0	5241.71	118.084	25547.5	184.987	-0.0688655	0.0243226	-0.05	0.0	0.72579	0.0	3.08919	0.0	0.0437771	0.0	0.09	0.0	0.03	0.0	1.86	0.0	5.0	0.0	1.38	0.0	0.0601002	0.0	0.000140653	0.00211075	0.229133	0.0109035	0.173612	0.0	0.0248858	0.0	-0.00371261	0.000535169	1.74699	0.0	0.890692	0.0074915	1.0	0.000107042	0.896845	0.00980829	0.415569	0.016991	0.950078	1.98799	0.05	0.000973233	0.191812	0.011631	-31577.1	4.0	1.50004e-06	-291998.0	3.0	2.46897e-06	1.0	4135.37	116.601	1106.34	74.4192	0.211065	0.0133776	1088.79	2.53225	
1.6-2.4	3.0-6.5	10.0-60.0	0.785-1.178	0.016	0.192	28590.0	28566.0	5708.27	116.082	22858.0	174.934	0.126119	0.0256815	-0.05	0.0	0.729908	0.0	3.08922	0.0	0.0438144	0.0	0.09	0.0	0.03	0.0	1.86	0.0	5.0	0.0	1.38	0.0	0.0599079	0.0	3.95245e-05	0.0045811	0.202113	0.0140257	0.173641	0.0	0.0248856	0.0	0.00866835	0.000551336	1.74699	0.0	0.974516	0.0073351	1.0	22.0961	0.75981	0.00610881	0.822386	0.00283579	0.0140292	23.9122	0.124965	0.00138968	0.157353	0.0021189	-30397.7	4.0	3.40076e-07	-269290.0	3.0	4.91589e-06	1.0	5004.95	122.575	703.33	69.7876	0.123212	0.0119662	1146.61	2.57582	
1.6-2.4	3.0-6.5	10.0-60.0	1.178-1.571	0.016	0.168	27329.0	27258.0	5337.99	114.629	21920.6	172.335	0.262639	0.0262326	-0.05	0.0	0.729908	0.0	3.08922	0.0	0.0438144	0.0	0.09	0.0	0.03	0.0	1.86	0.0	5.0	0.0	1.38	0.0	0.0599079	0.0	2.60483e-05	0.000271991	0.252191	0.0167186	0.173641	0.0	0.0248856	0.0	0.00786892	0.000554401	1.74699	0.0	0.996128	0.00724525	0.999999	2.77364	0.673314	0.0053165	0.874581	0.000905783	0.00838848	4.4051	0.16341	0.00082548	0.101426	0.00112707	-29219.8	4.0	2.40147e-06	-255610.0	3.0	2.51173e-05	1.0	4762.42	115.24	575.573	54.5349	0.107826	0.00995051	1161.86	2.56657	
1.6-2.4	6.5-30.0	0.0-100.0	0.000-0.393	0.008	0.152	4320.0	4318.0	1936.11	53.2806	2382.13	57.3138	-0.342729	0.0806891	-0.05	0.0	0.656002	0.0	3.09084	0.0	0.0575523	0.0	0.0308211	0.0	0.03	0.0	1.492	0.0	5.0	0.0	1.733	0.0	0.0499963	0.0	1.5549e-05	0.00459212	0.18985	0.0131749	0.0978875	0.076376	0.00321487	0.0124398	0.00382328	0.000821039	2.32819	0.499075	0.966705	0.0176388	1.0	0.00368815	0.625058	0.0968444	0.76098	0.0299263	1.17033	0.522451	0.17599	0.0186267	0.100207	0.0244343	-6521.71	4.0	3.4435e-06	-33510.8	3.0	0.000106923	1.0	1537.5	53.0942	398.611	33.8983	0.205883	0.0165664	1172.02	87.9697	
1.6-2.4	6.5-30.0	0.0-100.0	0.000-1.571	0.008	0.152	14994.0	14985.0	7523.71	138.779	7460.72	138.506	-0.386377	0.0494011	-0.05	0.0	0.656002	0.102015	3.09084	0.000741175	0.0575523	0.00278818	0.0308211	0.00393346	0.03	0.0	1.492	0.0	5.0	0.0	1.733	0.0	0.0499964	0.00165359	2.77437e-05	0.00458652	0.193192	0.00684522	0.211707	0.175346	0.00199102	0.00574194	0.00268983	0.000510721	1.6767	0.235346	0.911664	0.0115648	0.857479	0.175959	0.520715	0.190615	0.551869	0.049707	0.066862	0.0232621	0.177169	0.0139328	0.0599904	0.011206	-22821.6	4.0	5.66511e-06	-135902.0	7.0	0.000153234	1.0	5959.24	126.523	1564.47	68.9788	0.207938	0.00832734	1118.19	86.2296	
1.6-2.4	6.5-30.0	0.0-100.0	0.393-0.785	0.008	0.145	3757.0	3754.0	1849.82	50.8627	1904.14	51.3932	-0.561296	0.0910565	-0.05	0.0	0.656002	0.0	3.09084	0.0	0.0575523	0.0	0.0308211	0.0	0.03	0.0	1.492	0.0	5.0	0.0	1.733	0.0	0.0499963	0.0	1.00009e-05	0.00028235	0.188854	0.013929	0.113668	0.122568	-0.00361194	0.0113544	0.00386147	0.00126	1.6697	0.454625	0.988802	0.0588619	0.999999	0.220654	0.385831	0.0871834	0.433557	0.0805277	0.0718075	0.696519	0.179609	0.0194382	0.0656771	0.00880181	-5537.86	6.0	7.95633e-05	-28818.6	3.0	6.98998e-05	1.0	1447.04	52.6561	402.771	36.2246	0.217736	0.0186452	1087.88	68.8071	
1.6-2.4	6.5-30.0	0.0-100.0	0.785-1.178	0.008	0.145	3553.0	3551.0	1873.56	50.8813	1677.0	48.9117	-0.305086	0.0964249	-0.05	0.0	0.656002	0.0	3.09084	0.0	0.0575523	0.0	0.0308211	0.0	0.03	0.0	1.492	0.0	5.0	0.0	1.733	0.0	0.0499963	0.0	0.000158457	0.000788527	0.203645	0.0154459	0.677087	0.780476	0.00193496	0.00410508	0.000442114	0.00209417	1.36939	0.185198	0.737767	0.0450983	0.640466	0.0104705	1.0	2.58469	0.533249	0.00924771	0.0472246	0.00162858	0.149289	0.00271469	0.274367	11.7771	-5417.6	4.0	1.36504e-07	-27191.6	3.0	7.79734e-05	1.0	1537.37	50.7818	336.188	30.3148	0.179439	0.0154291	1202.27	227.543	
1.6-2.4	6.5-30.0	0.0-100.0	1.178-1.571	0.008	0.152	3362.0	3360.0	1866.43	49.9486	1493.56	46.0653	-0.319764	0.102121	-0.05	0.0	0.656002	0.0	3.09084	0.0	0.0575523	0.0	0.0308211	0.0	0.03	0.0	1.492	0.0	5.0	0.0	1.733	0.0	0.0499963	0.0	0.000179578	0.000851436	0.200975	0.0137408	0.636539	0.26317	0.00277147	0.00408429	0.00156585	0.00141353	1.39145	0.125821	0.6	0.0118188	0.691524	0.0841594	0.615226	0.277016	0.430266	0.203043	0.0603585	0.0151282	0.172141	0.0179263	0.0200001	0.024237	-5391.96	4.0	2.35022e-05	-25689.3	3.0	3.23838e-08	1.0	1482.91	48.8921	383.521	30.3461	0.205484	0.0153007	1167.59	100.829	
1.6-2.4	6.5-30.0	10.0-60.0	0.000-0.393	0.008	0.152	2590.0	2590.0	1294.3	42.3548	1295.84	42.3732	-0.446354	0.109977	-0.05	0.0	0.656002	0.0	3.09084	0.0	0.0575523	0.0	0.0302768	0.0	0.03	0.0	1.492	0.0	5.0	0.0	1.733	0.0	0.0498818	0.0	1.5549e-05	0.00459212	0.188325	0.0157543	0.211707	0.0	0.00199102	0.0	0.00225712	0.000978947	1.6767	0.0	0.788694	0.0203944	0.806548	0.142785	0.999997	1.06081	0.701122	0.0820112	0.102294	0.0612895	0.144675	0.0267488	0.0234101	62.166	-4303.83	4.0	1.09242e-05	-18949.3	3.0	7.60296e-06	1.0	1031.16	41.9555	263.143	26.3777	0.203309	0.0192633	1041.89	6.08495	
1.6-2.4	6.5-30.0	10.0-60.0	0.000-1.571	0.008	0.16	8837.0	8835.0	4853.66	81.618	3981.35	76.0863	-0.448866	0.0628786	-0.05	0.0	0.656002	0.0	3.09084	0.0	0.0575523	0.0	0.0302768	0.0015783	0.03	0.0	1.492	0.0	5.0	0.0	1.733	0.0	0.0498818	0.000164773	2.91966e-05	0.00458585	0.179739	0.0074137	0.211707	0.0	0.00199102	0.0	0.00273433	0.000622315	1.6767	0.0	0.820149	0.0141064	0.679173	0.277716	0.520389	0.213693	0.368919	0.118775	0.026226	0.0137443	0.171163	0.0130299	0.0472605	0.00895016	-14362.6	4.0	6.32205e-07	-76030.8	4.0	4.87113e-06	1.0	3721.95	81.5636	1131.7	55.656	0.233165	0.0107757	1060.86	4.29843	
1.6-2.4	6.5-30.0	10.0-60.0	0.393-0.785	0.008	0.145	2205.0	2202.0	1236.9	40.3816	964.903	36.8633	-0.477908	0.127809	-0.05	0.0	0.656002	0.0	3.09084	0.0	0.0575523	0.0	0.0302768	0.0	0.03	0.0	1.492	0.0	5.0	0.0	1.733	0.0	0.0498818	0.0	1.00009e-05	0.00028235	0.151204	0.0133461	0.211707	0.0	0.00199102	0.0	0.0047244	0.00141101	1.6767	0.0	0.930463	0.0320008	0.515992	0.0026007	1.0	23.5256	0.378718	0.00333273	0.0321327	0.000324533	0.154722	0.000829027	0.18549	144.561	-3606.31	4.0	9.99424e-07	-15942.3	3.0	6.0475e-05	1.0	954.239	42.8516	282.661	30.8364	0.228524	0.0237879	1130.33	10.3827	
1.6-2.4	6.5-30.0	10.0-60.0	0.785-1.178	0.008	0.145	2058.0	2056.0	1162.97	39.3741	892.748	35.7781	-0.36209	0.132495	-0.05	0.0	0.656002	0.0	3.09084	0.0	0.0575523	0.0	0.0302768	0.0	0.03	0.0	1.492	0.0	5.0	0.0	1.733	0.0	0.0498818	0.0	0.000158457	0.000788527	0.193058	0.0157285	0.211707	0.0	0.00199102	0.0	0.00275517	0.00144087	1.6767	0.0	0.996201	0.0326735	0.782634	0.0180599	1.0	5.99462	0.687916	0.00979693	0.0517352	0.00372962	0.156327	0.00413417	0.196777	17.384	-3243.45	4.0	5.06855e-05	-14730.2	3.0	8.95266e-05	1.0	889.611	38.9374	273.36	26.3556	0.235053	0.0212191	1173.67	10.9309	
1.6-2.4	6.5-30.0	10.0-60.0	1.178-1.571	0.008	0.152	1982.0	1981.0	1159.18	39.0375	821.818	34.4468	-0.49361	0.138576	-0.05	0.0	0.656002	0.0	3.09084	0.0	0.0575523	0.0	0.0302768	0.0	0.03	0.0	1.492	0.0	5.0	0.0	1.733	0.0	0.0498818	0.0	0.000179578	0.000851436	0.187563	0.0145541	0.211707	0.0	0.00199102	0.0	0.00103642	0.0012315	1.6767	0.0	0.713279	0.0310085	0.999986	0.131211	0.224773	0.036888	6.12244e-08	0.0508542	0.00710647	0.88021	0.196435	0.0270962	0.0272829	0.00305076	-3242.88	4.0	4.83907e-06	-14172.9	3.0	8.72157e-07	1.0	847.913	38.4714	311.262	27.8304	0.268521	0.0222407	998.116	8.73408	
