rap0.0-1.2_pT6.5-30.0_cent0.0-100.0
11528.6
3061.74 3067.06 2797.83 2593.74
60.5055 60.0605 57.2601 55.4248
6807.53
1804.45 1821.91 1618.1 1560.25
49.028 48.6013 45.8136 45.1489
7806.24
2034.52 2019.19 1931.44 1780.85
53.099 52.5704 51.4847 50.6182
3722.35
1027.22 1047.87 866.39 812.887
40.1879 40.2647 37.4508 37.6269
0.32288
0.335501 0.341653 0.309665 0.313403
0.0113282 0.0112954 0.0117903 0.0128685
rap0.0-1.2_pT6.5-30.0_cent10.0-60.0
7527.43
1934.04 2089.72 1766.25 1701.35
47.296 49.017 44.8756 44.3058
3516.19
944.929 950.22 743.75 799.603
35.3254 35.5407 31.4852 32.5762
5049.91
1313.1 1399.07 1210.79 1132.21
42.0129 42.6203 39.6724 39.5606
2477.52
620.938 690.65 555.46 569.144
31.0568 31.6542 28.7526 30.2554
0.329132
0.321057 0.330499 0.314485 0.334524
0.0140077 0.0130135 0.014183 0.0155032
rap0.0-2.4_pT10.0-13.0_cent0.0-100.0
4362.66
1109.62 1127.71 1061.14 1066.96
36.0143 36.1791 35.3212 35.4616
1572.46
394.381 407.269 363.786 385.052
24.1202 24.2578 23.4561 23.9923
2983.49
750.033 807.937 725.477 767.373
32.2024 32.6068 33.2371 32.4069
1379.17
359.585 319.773 335.668 299.589
24.0957 22.2843 25.4246 22.3356
0.31613
0.324062 0.283559 0.316326 0.280787
0.0189981 0.0175422 0.021522 0.0187385
rap0.0-2.4_pT10.0-13.0_cent10.0-60.0
2856.34
744.271 746.469 698.103 656.428
29.4401 29.29 28.3866 27.68
925.732
245.705 230.53 204.898 230.572
19.1877 18.4924 17.6798 18.4481
1955.58
481.032 518.795 491.341 459.772
26.0736 26.4925 26.2105 25.8044
900.761
263.239 227.674 206.762 196.656
20.6448 19.1644 18.9344 18.941
0.315355
0.353687 0.305001 0.296177 0.299585
0.0239517 0.0227134 0.0243022 0.0259423
rap0.0-2.4_pT13.0-30.0_cent0.0-100.0
2502.53
676.515 618.388 577.096 616.91
27.9467 26.9652 25.6288 26.5973
779.483
191.485 234.493 179.918 163.099
17.2047 18.5248 16.1134 15.9251
1547.9
412.446 435.065 367.506 363.721
23.8706 24.0605 23.3666 23.3391
954.626
264.069 183.323 209.591 253.189
19.9627 16.8196 19.138 20.4442
0.381464
0.390337 0.296453 0.363181 0.410415
0.0247128 0.0239309 0.0289762 0.0280203
rap0.0-2.4_pT13.0-30.0_cent10.0-60.0
1627.81
434.76 396.824 366.495 419.101
22.2502 21.5548 20.4098 21.9176
485.239
114.226 145.101 111.485 106.875
13.2108 14.5889 12.7096 12.9675
1065.8
286.962 272.826 246.409 245.279
19.6711 20.1662 18.6 19.525
562.011
147.798 123.998 120.085 173.822
15.1157 15.2455 14.226 17.3008
0.345256
0.339953 0.312477 0.327659 0.414749
0.0301016 0.0344662 0.03426 0.0351233
rap0.0-2.4_pT6.5-30.0_cent0.0-10.0
8009.6
2085.21 1948.94 2101.07 1878.46
53.9787 52.6572 53.3411 50.5518
9530.46
2540.91 2638.17 2289.99 2059.59
58.0459 58.8368 55.0819 52.3134
5751.22
1439.37 1363.55 1543.24 1406.19
50.3516 48.6834 49.9258 48.8192
2258.38
645.842 585.385 557.828 472.27
37.7687 35.5382 34.0314 33.3586
0.281959
0.309725 0.300361 0.265497 0.251414
0.0162414 0.0163292 0.0147281 0.0164191
rap0.0-2.4_pT6.5-30.0_cent0.0-100.0
25090.4
6621.84 6452.42 6155.85 5860.3
93.1004 91.254 88.5349 86.2146
19861.5
5778.15 5363.2 4591.14 4202.56
88.4528 85.0802 79.2072 75.9957
18152.4
4770.26 4588.94 4533.29 4226.98
85.9067 84.5811 82.6169 80.6147
6937.97
1851.58 1863.48 1622.56 1633.32
59.6618 60.304 55.85 56.6485
0.276519
0.279617 0.288804 0.26358 0.27871
0.00810694 0.0084062 0.00824274 0.00875377
rap0.0-2.4_pT6.5-30.0_cent10.0-20.0
5709.22
1581.68 1407.15 1408.31 1311.38
46.2133 43.1754 42.8215 40.997
5013.8
1513.03 1288.73 1168.63 1018.5
45.4646 41.7817 39.9243 37.2543
4044.04
1034.58 1086.03 1019.9 868.106
40.2663 41.4718 39.0156 38.4455
1665.18
547.097 321.122 388.412 443.277
31.0346 26.582 26.4574 30.5543
0.291665
0.345897 0.228207 0.2758 0.338023
0.0168184 0.017545 0.016811 0.0207651
rap0.0-2.4_pT6.5-30.0_cent10.0-30.0
10212.5
2777.57 2619.05 2454.24 2356.87
60.4244 57.9116 55.6432 54.5588
7876.76
2398.29 2082.86 1738.73 1650.05
57.2001 53.0806 48.7932 47.6431
7326.12
1969.49 1901.23 1776.28 1637.89
54.3803 53.846 50.7724 51.2356
2886.42
808.078 717.822 677.955 718.977
37.8226 37.2023 34.5287 38.2691
0.282635
0.29093 0.274077 0.276239 0.305056
0.012057 0.0128468 0.0125981 0.0146213
rap0.0-2.4_pT6.5-30.0_cent10.0-60.0
16252.5
4331.91 4301.48 3846.76 3771.55
74.2337 72.9421 68.7914 68.0668
10249.2
3196.06 2695.56 2226.12 2127.45
66.1423 60.9507 55.7831 54.6711
11717.1
3142.96 3094.43 2818.98 2641.79
67.9006 67.447 63.9171 63.1062
4535.47
1188.95 1207.05 1027.78 1129.76
46.0955 47.0593 43.3806 46.0974
0.279062
0.274463 0.280613 0.267181 0.299548
0.00954503 0.00985119 0.010215 0.0109618
rap0.0-2.4_pT6.5-30.0_cent20.0-30.0
4493.14
1196.56 1210.32 1041.74 1043.7
38.9202 38.4879 35.4324 35.9396
2866.3
879.412 774.698 569.109 621.262
34.6078 32.3376 27.9776 29.4828
3271.67
932.106 820.332 747.215 763.455
36.5503 34.6861 32.2919 33.8646
1221.47
264.454 389.985 294.526 280.241
22.1521 26.0081 22.2982 23.4263
0.271852
0.221012 0.322217 0.282725 0.268508
0.0170604 0.0188884 0.019123 0.0204527
rap0.0-2.4_pT6.5-30.0_cent30.0-60.0
6024.9
1544.86 1669.83 1389.87 1408.33
42.9335 44.0412 40.2958 40.4909
2384.81
798.072 613.121 485.129 477.652
33.1147 29.713 26.8141 26.6237
4364.81
1151.13 1187.4 1022.65 983.794
40.14 40.3909 39.1786 36.9122
1660.09
393.735 482.438 367.222 424.536
26.5992 28.5056 27.7353 26.673
0.275538
0.254867 0.288914 0.264213 0.301446
0.0156934 0.0152758 0.0184265 0.0168401
rap0.0-2.4_pT6.5-30.0_cent60.0-100.0
810.338
196.572 188.572 206.187 207.54
14.7486 14.4751 15.3492 14.8334
155.63
30.4276 37.4181 67.8119 17.4083
7.16814 7.63982 9.86013 5.47024
621.815
143.91 146.204 174.442 140.349
13.4532 13.7888 14.6142 13.631
188.523
52.6619 42.3684 31.7454 67.1912
8.94513 8.64614 7.10797 10.4041
0.232647
0.267902 0.224679 0.153964 0.323751
0.0408256 0.0424831 0.0325122 0.0444707
rap0.0-2.4_pT6.5-8.0_cent0.0-100.0
10389.2
2698.16 2630.14 2656.89 2405.53
62.5385 60.9889 60.2272 57.2663
13262.7
3939.18 3590.95 3027.12 2683.59
71.7774 68.4136 63.2265 59.6445
7951.04
2075.7 1981.22 2050.34 1854.03
58.2347 55.7182 56.9201 53.3359
2438.12
622.464 648.916 606.553 551.494
35.8437 34.9331 35.6198 32.6953
0.234679
0.230699 0.246723 0.228294 0.229261
0.0121608 0.0119865 0.0123675 0.0124478
rap0.0-2.4_pT6.5-8.0_cent10.0-60.0
6693.81
1736.23 1816.82 1599.47 1538.23
49.066 48.7519 45.5349 44.7185
6497.25
2106.95 1675.0 1370.52 1334.61
52.7084 47.2752 42.947 42.3811
5009.2
1295.76 1319.66 1256.81 1112.5
44.46 44.4601 43.5571 41.015
1684.61
440.467 497.158 342.664 425.724
28.12 30.0118 26.6872 28.0961
0.251666
0.253692 0.273642 0.214236 0.276763
0.0145228 0.0147972 0.0155303 0.0163976
rap0.0-2.4_pT8.0-10.0_cent0.0-100.0
7631.93
2071.15 2023.45 1811.55 1732.55
50.3556 49.4428 46.8218 45.7266
4533.04
1295.85 1157.51 1054.43 998.342
41.9567 39.7327 37.8838 36.8337
5478.54
1500.15 1403.96 1335.15 1229.91
47.3713 45.9733 43.1172 44.1566
2153.39
571.0 619.493 476.405 502.64
33.2638 34.144 28.6333 32.7429
0.282155
0.275692 0.306157 0.262982 0.290116
0.014595 0.0151252 0.0142698 0.0172781
rap0.0-2.4_pT8.0-10.0_cent10.0-60.0
4927.36
1366.03 1303.06 1146.19 1112.23
40.5003 39.377 36.906 36.083
2478.21
762.981 677.918 551.774 474.777
32.2064 30.4209 27.708 25.7783
3544.22
1011.76 927.136 801.355 784.757
38.7503 36.9883 33.3259 34.8258
1383.14
354.263 375.919 344.831 327.469
26.6849 26.6874 23.8351 26.0294
0.280707
0.259339 0.28849 0.300851 0.294426
0.0179579 0.0185326 0.0184011 0.0213649
rap1.2-1.6_pT6.5-30.0_cent0.0-100.0
5973.02
1591.98 1499.12 1490.12 1391.69
46.2151 45.5121 44.1777 42.5386
5718.84
1617.21 1667.96 1280.88 1149.29
46.487 47.3305 41.7427 39.5863
4339.19
1162.53 1093.74 1099.29 974.732
45.0399 44.1603 41.2394 39.661
1633.84
429.448 405.38 390.831 416.962
32.3275 31.6072 27.7992 29.1163
0.273536
0.269757 0.270411 0.262282 0.299607
0.0187358 0.0194198 0.0169579 0.0188107
rap1.2-1.6_pT6.5-30.0_cent10.0-60.0
3807.5
1057.54 946.838 906.037 898.876
36.9789 35.1662 33.7691 33.2638
2802.05
892.461 804.057 592.931 501.006
34.6752 33.0739 28.7631 26.6204
2822.2
797.857 687.164 698.816 642.149
36.3808 34.796 33.2016 31.2508
985.308
259.681 259.673 207.222 256.727
25.0535 25.5424 21.9913 22.4092
0.25878
0.245552 0.274253 0.228712 0.285609
0.0220797 0.0249796 0.0227258 0.0225789
rap1.6-2.4_pT3.0-6.5_cent0.0-100.0
36985.5
10116.1 9257.62 9280.39 8503.37
166.324 163.437 158.771 154.216
204139.0
54057.4 52488.4 49494.1 46239.4
267.58 264.338 255.664 248.018
33095.5
9133.46 8215.69 8365.59 7124.01
170.714 164.273 170.349 153.819
3889.96
982.615 1041.94 914.797 1379.36
82.7881 79.2878 93.7029 87.1398
0.105175
0.097134 0.112549 0.0985732 0.162213
0.00802648 0.00833092 0.00995504 0.00981633
rap1.6-2.4_pT3.0-6.5_cent10.0-60.0
23331.7
7077.95 5241.71 5708.27 5337.99
127.087 118.084 116.082 114.629
96771.0
26322.0 25547.5 22858.0 21920.6
188.125 184.987 174.934 172.335
20824.2
6571.25 4135.37 5004.95 4762.42
130.93 116.601 122.575 115.24
2507.48
506.699 1106.34 703.33 575.573
57.4814 74.4192 69.7876 54.5349
0.107471
0.0715883 0.211065 0.123212 0.107826
0.00801882 0.0133776 0.0119662 0.00995051
rap1.6-2.4_pT6.5-30.0_cent0.0-100.0
7523.71
1936.11 1849.82 1873.56 1866.43
53.2806 50.8627 50.8813 49.9486
7460.72
2382.13 1904.14 1677.0 1493.56
57.3138 51.3932 48.9117 46.0653
5959.24
1537.5 1447.04 1537.37 1482.91
53.0942 52.6561 50.7818 48.8921
1564.47
398.611 402.771 336.188 383.521
33.8983 36.2246 30.3148 30.3461
0.207938
0.205883 0.217736 0.179439 0.205484
0.0165664 0.0186452 0.0154291 0.0153007
rap1.6-2.4_pT6.5-30.0_cent10.0-60.0
4853.66
1294.3 1236.9 1162.97 1159.18
42.3548 40.3816 39.3741 39.0375
3981.35
1295.84 964.903 892.748 821.818
42.3732 36.8633 35.7781 34.4468
3721.95
1031.16 954.239 889.611 847.913
41.9555 42.8516 38.9374 38.4714
1131.7
263.143 282.661 273.36 311.262
26.3777 30.8364 26.3556 27.8304
0.233165
0.203309 0.228524 0.235053 0.268521
0.0192633 0.0237879 0.0212191 0.0222407
