weightedEff_TnPAtRD3_4DEff_RapPtEffMap2_Ratio
rap	pT	cent	dPhi	ctauErrMin	ctauErrMax	NoCutEntry	CutEntry	NSig	NSigErr	NBkg	NBkgErr	coefExp	coefExpErr	coefPol1	coefPol1Err	coeffGaus	coeffGausErr	meanSig1	meanSig1Err	sigmaSig1	sigmaSig1Err	sigmaSig2	sigmaSig2Err	sigmaSig3	sigmaSig3Err	alpha	alphaErr	enne	enneErr	enneW	enneWErr	sigWidth	sigWidthErr	Gmc	GmcErr	bTau	bTauErr	fracRes	fracResErr	meanResSigW	meanResSigWErr	meanResSigN	meanResSigNErr	sigmaResSigW	sigmaResSigWErr	sigmaResSigN	sigmaResSigNErr	fpm	fpmErr	fLiving	fLivingErr	fbkgCtTot	fbkgCtTotErr	lambdam	lambdamErr	lambdap	lambdapErr	lambdasym	lambdasymErr	NLL	nFitPar	EDM	NLLMass	nFitParMass	EDMMass	Prob	PROMPT	PROMPTErr	NON-PROMPT	NON-PROMPTErr	Bfraction	BfractionErr	Resolution	ResolutionErr	
0.0-0.4	6.5-30.0	0.0-100.0	0.000-1.571	0.008	0.064	5558.0	5555.0	3679.16	67.69	1875.81	52.7063	-0.171234	0.0917077	-0.05	0.0	0.544726	0.0777613	3.09255	0.000382229	0.0191495	0.00104508	0.0192132	0.00151822	0.03	0.0	1.492	0.0	5.0	0.0	1.733	0.0	0.0191785	0.000447945	3.59557e-05	0.000193278	0.383132	0.0120604	0.709974	0.264125	-0.00206547	0.00229629	0.00261598	0.00129473	1.32298	0.0992276	0.668327	0.0333575	0.743196	0.0920879	0.635616	0.122191	0.320177	0.0504413	0.049487	0.0221511	0.288248	0.0230832	0.0712018	0.0131408	-10390.3	4.0	3.31761e-06	-48638.0	7.0	5.11536e-06	1.0	2377.55	56.8816	1301.61	43.538	0.353778	0.00988284	1171.4	83.6065	
0.0-1.2	6.5-30.0	0.0-10.0	0.000-1.571	0.008	0.088	7934.0	7931.0	4207.27	77.1613	3723.46	73.956	0.0121027	0.0639977	-0.05	0.0	0.550179	0.0	3.0924	0.0	0.0204153	0.0	0.0364458	0.00161073	0.03	0.0	1.492	0.0	5.0	0.0	1.733	0.0	0.0287542	0.000459177	1.12992e-05	0.000388937	0.344425	0.0109217	0.282557	0.0	0.00228371	0.0	0.00127572	0.000669265	1.58042	0.0	0.877751	0.0202691	0.73921	0.0639119	0.47621	0.101418	0.291609	0.150298	0.118675	0.0195164	0.220054	0.0149562	0.0385652	0.0125543	-12206.8	4.0	4.56949e-06	-68699.4	4.0	5.05912e-05	1.0	2837.6	66.3116	1369.67	48.1655	0.325549	0.00976793	1121.83	5.68901	
0.0-1.2	6.5-30.0	0.0-100.0	0.000-1.571	0.008	0.105	21033.0	21028.0	13033.2	134.193	7994.98	113.882	-0.00307282	0.0455027	-0.05	0.0	0.550179	0.0477104	3.0924	0.000270822	0.0204153	0.000561347	0.0347149	0.00170274	0.03	0.0	1.492	0.0	5.0	0.0	1.733	0.0	0.027774	0.000597182	1.16782e-05	0.000130175	0.319757	0.00586599	0.282557	0.19576	0.00228371	0.00264771	0.000472475	0.000366721	1.58042	0.170805	0.860826	0.0107148	0.58542	0.035033	0.90657	0.0158285	0.431126	0.0306441	0.0533532	0.00491892	0.206805	0.00901534	0.390065	0.0456799	-36670.8	4.0	3.25516e-05	-206566.0	7.0	3.44994e-05	1.0	8920.23	115.535	4112.97	81.8917	0.315576	0.00537797	1112.38	84.6029	
0.0-1.2	6.5-30.0	10.0-20.0	0.000-1.571	0.008	0.088	4904.0	4902.0	2934.59	61.2252	1967.08	52.7346	0.0757891	0.088251	-0.05	0.0	0.550179	0.0	3.0924	0.0	0.0204153	0.0	0.0335549	0.00149937	0.03	0.0	1.492	0.0	5.0	0.0	1.733	0.0	0.0271252	0.000417161	1.12992e-05	0.000388937	0.297352	0.0112803	0.282557	0.0	0.00228371	0.0	-0.000341701	0.000792517	1.58042	0.0	0.846783	0.0238867	0.431961	0.105367	0.794224	0.0438559	0.277126	0.126974	0.0331226	0.00689764	0.203978	0.0257063	0.415969	0.0468237	-7923.95	4.0	1.10875e-07	-40849.7	4.0	2.48741e-05	1.0	1923.31	52.9061	1011.29	40.4238	0.344609	0.0117498	1104.62	6.56859	
0.0-1.2	6.5-30.0	20.0-30.0	0.000-1.571	0.008	0.105	3565.0	3562.0	2315.89	53.5628	1246.05	42.4144	0.156438	0.1113	-0.05	0.0	0.550179	0.0	3.0924	0.0	0.0204153	0.0	0.0329946	0.00167059	0.03	0.0	1.492	0.0	5.0	0.0	1.733	0.0	0.0268142	0.000462336	1.16782e-05	0.000130175	0.320982	0.0144513	0.282557	0.0	0.00228371	0.0	0.00136298	0.000829333	1.58042	0.0	0.828995	0.0238921	0.53149	0.00508653	1.0	10.1498	0.371347	0.00568973	0.0453521	0.00070812	0.217668	0.00256471	0.0337231	36.3271	-6614.81	4.0	2.97931e-06	-28916.7	4.0	9.73273e-06	1.0	1613.88	47.1079	702.014	33.0078	0.303129	0.0124092	1094.9	6.48919	
0.0-1.2	6.5-30.0	30.0-40.0	0.000-1.571	0.008	0.064	2152.0	2150.0	1541.85	43.3224	608.156	30.7097	-0.449683	0.161751	-0.05	0.0	0.550179	0.0	3.0924	0.0	0.0204153	0.0	0.0384008	0.0023234	0.03	0.0	1.492	0.0	5.0	0.0	1.733	0.0	0.0298768	0.000671647	1.32366e-05	0.000329048	0.292063	0.01608	0.282557	0.0	0.00228371	0.0	-0.00153814	0.00103817	1.58042	0.0	0.828612	0.027141	0.574486	0.0815375	0.999542	0.955795	0.418683	0.073906	0.0682477	0.0129527	0.195021	0.0217094	0.0620213	3.39198	-4526.3	4.0	1.65775e-05	-16645.2	4.0	1.00528e-06	1.0	1103.04	38.6044	438.816	26.1108	0.284603	0.0149277	1094.69	7.36959	
0.0-1.2	6.5-30.0	40.0-50.0	0.000-1.571	0.016	0.048	1262.0	1245.0	970.048	33.7756	274.872	21.1102	-0.310172	0.240172	-0.05	0.0	0.550179	0.0	3.0924	0.0	0.0204153	0.0	0.0354514	0.00295383	0.03	0.0	1.492	0.0	5.0	0.0	1.733	0.0	0.0281894	0.000835493	1.43354e-05	8.22848e-05	0.278461	0.0188068	0.282557	0.0	0.00228371	0.0	-0.00261099	0.00134576	1.58042	0.0	0.812617	0.0383182	0.743779	0.240266	0.671815	0.253063	1.29117e-07	0.197308	0.0152924	0.0119622	0.395321	0.053052	0.0230147	0.0129627	-2694.51	4.0	3.15785e-05	-9170.52	4.0	1.44509e-05	1.0	670.804	30.1395	299.244	21.7124	0.308484	0.0196373	1086.05	10.2848	
0.0-1.2	6.5-30.0	50.0-100.0	0.000-1.571	0.008	0.056	1214.0	1212.0	1060.99	34.1307	151.005	15.9672	-0.410287	0.329762	-0.05	0.0	0.550179	0.0	3.0924	0.0	0.0204153	0.0	0.0327937	0.00202679	0.03	0.0	1.492	0.0	5.0	0.0	1.733	0.0	0.0267031	0.000559818	1.34486e-05	0.000306561	0.351469	0.0228343	0.282557	0.0	0.00228371	0.0	0.000973915	0.00111549	1.58042	0.0	0.758462	0.0338329	0.835655	0.0362622	1.0	41.5677	0.231018	0.0348464	0.00708924	0.00609545	0.228099	0.0152072	0.0206659	223.319	-3127.44	4.0	3.03421e-05	-9279.61	4.0	5.05375e-07	1.0	758.132	30.4716	302.855	20.7039	0.285446	0.0172183	1057.58	8.70399	
0.0-2.4	10.0-13.0	0.0-100.0	0.000-1.571	0.008	0.136	6373.0	6371.0	4719.71	77.2796	1651.37	53.8881	-0.534413	0.102796	-0.05	0.0	0.359319	0.070055	3.09212	0.000577976	0.0210186	0.00174532	0.0416446	0.00232875	0.03	0.0	1.492	0.0	5.0	0.0	1.733	0.0	0.035635	0.00109442	1.25623e-05	9.06713e-05	0.256482	0.00792402	0.0553454	0.0788853	0.000212513	0.0144851	0.000250138	0.000530573	2.09412	0.553674	0.923804	0.0158373	0.667447	0.0471563	0.876341	0.165445	0.229481	0.0978326	0.0383085	0.0155047	0.196862	0.0154574	0.0964616	0.0488585	-12624.0	4.0	2.7686e-05	-55679.8	7.0	8.3861e-06	1.0	3224.32	69.0198	1495.39	50.7544	0.316839	0.00941958	1024.15	75.1834	
0.0-2.4	10.0-30.0	0.0-100.0	0.000-1.571	0.004	0.144	9769.0	9767.0	7311.36	96.2345	2455.67	66.3678	-0.547405	0.0845433	-0.05	0.0	0.414584	0.0535183	3.09274	0.00045435	0.0218478	0.00125178	0.04371	0.00203121	0.03	0.0	1.492	0.0	5.0	0.0	1.733	0.0	0.0362818	0.000903779	1.0177e-05	0.00195203	0.239739	0.00581491	0.0477214	0.0592155	-0.000892962	0.00748279	-0.000335183	0.000406604	2.03646	0.461587	0.941789	0.013028	0.823998	0.0642613	0.842426	0.15405	0.295645	0.0981448	0.0652496	0.0121546	0.206368	0.0103035	0.0309216	0.0192863	-19758.7	4.0	4.26783e-07	-89729.1	7.0	2.61862e-06	1.0	4826.85	85.3574	2484.51	65.7185	0.339815	0.00779669	1021.05	52.4367	
0.0-2.4	11.0-13.0	0.0-100.0	0.000-1.571	0.008	0.105	3283.0	3282.0	2495.79	55.8766	786.259	37.5845	-0.686509	0.150181	-0.05	0.0	0.453558	0.0794965	3.09246	0.000789818	0.0223822	0.00189944	0.0475678	0.00385953	0.03	0.0	1.492	0.0	5.0	0.0	1.733	0.0	0.0382577	0.00161868	4.93653e-05	0.000238442	0.274584	0.0110925	0.0328637	0.0389686	-0.000371389	0.0145275	0.000749422	0.000731904	2.53131	0.734887	0.945996	0.0226346	0.784845	0.081103	0.627765	0.0626662	7.09208e-07	0.117396	0.0703195	0.0176391	0.201816	0.0155881	0.02	0.00796109	-6437.48	4.0	6.40376e-08	-26608.8	7.0	2.12387e-06	1.0	1641.08	49.0404	854.711	37.6991	0.342461	0.0130146	1037.34	60.4007	
0.0-2.4	13.0-16.0	0.0-100.0	0.000-1.571	0.008	0.08	2040.0	2035.0	1602.29	44.9451	432.789	29.164	-0.390792	0.203703	-0.05	0.0	0.554089	0.0896814	3.09374	0.000968839	0.0240492	0.00234615	0.0549571	0.00575074	0.03	0.0	1.492	0.0	5.0	0.0	1.733	0.0	0.0408319	0.00221866	1.00002e-05	0.000966722	0.25656	0.0137303	0.0326157	0.0670782	-0.00999634	0.0183094	0.00176898	0.000885372	1.86063	0.773549	1.00522	0.0290677	0.92716	0.160589	0.703886	0.201308	0.111664	0.0623682	0.0457138	0.0233185	0.19106	0.0212143	0.0406394	0.01098	-4327.27	4.0	7.43213e-05	-15638.5	7.0	1.41445e-05	1.0	1099.01	40.2997	503.278	29.5467	0.3141	0.0161993	1044.23	47.3111	
0.0-2.4	13.0-30.0	0.0-100.0	0.000-1.571	0.008	0.105	3396.0	3396.0	2596.34	57.1403	799.631	38.3152	-0.575099	0.148289	-0.05	0.0	0.498065	0.0768853	3.09393	0.000742669	0.0228709	0.00174084	0.0477929	0.00378366	0.03	0.0	1.492	0.0	5.0	0.0	1.733	0.0	0.0375103	0.00153233	2.10356e-05	0.0045896	0.214083	0.00837792	0.0347602	0.122355	-0.00537756	0.015369	-0.00025939	0.000636463	1.80759	0.989032	0.964331	0.0228147	0.840195	0.116421	0.935475	0.203203	0.363304	0.0757217	0.0423093	0.0121967	0.226335	0.0191945	0.0390674	0.0327235	-7150.72	4.0	4.96285e-06	-27745.7	7.0	4.89108e-05	1.0	1605.36	49.9495	990.984	41.5012	0.381685	0.0135993	1005.58	78.2424	
0.0-2.4	16.0-30.0	0.0-100.0	0.000-1.571	0.008	0.064	1355.0	1353.0	999.295	35.2181	353.619	24.3849	-0.777786	0.223046	-0.05	0.0	0.211041	0.184543	3.09465	0.00129812	0.0193602	0.00462582	0.0337471	0.0044179	0.03	0.0	1.492	0.0	5.0	0.0	1.733	0.0	0.031267	0.00221372	5.46616e-05	1.05755	0.181422	0.0104052	0.461092	0.573416	0.00155876	0.00498774	-0.00355741	0.00121559	1.33655	0.440517	0.747436	0.042529	0.847418	0.884243	0.958794	0.0784083	0.456566	0.722711	0.00707908	0.0172351	0.269851	0.0294848	0.0592826	0.056538	-2854.06	4.0	4.65067e-05	-9768.06	7.0	0.000193442	1.0	555.184	29.0559	444.111	26.5778	0.444424	0.0214954	1060.54	209.729	
0.0-2.4	6.5-30.0	0.0-10.0	0.000-1.571	0.008	0.184	18639.0	18639.0	8699.41	110.501	9940.72	115.98	-0.0753147	0.0391516	-0.05	0.0	0.407757	0.0	3.09247	0.0	0.0474225	0.0	0.0244074	0.000567523	0.03	0.0	1.492	0.0	5.0	0.0	1.733	0.0	0.0356344	0.000115108	3.80561e-05	6.9663e-05	0.299667	0.00759403	0.19482	0.0	0.00388614	0.0	0.00175304	0.000444479	1.71004	0.0	0.964938	0.012068	0.818686	0.0934621	0.457501	0.0955613	0.475776	0.0472405	0.125864	0.0258857	0.210861	0.013438	0.0636704	0.0131158	-26122.5	4.0	6.07484e-07	-173815.0	4.0	8.1578e-05	1.0	6317.78	101.004	2381.63	68.3886	0.273769	0.00705033	1148.65	4.08138	
0.0-2.4	6.5-30.0	0.0-100.0	0.000-1.571	0.004	0.128	48490.0	48402.0	27164.5	212.213	21237.8	197.754	-0.145115	0.0277568	-0.05	0.0	0.407757	0.0298955	3.09247	0.00025285	0.0474225	0.00132037	0.0244308	0.000563622	0.03	0.0	1.492	0.0	5.0	0.0	1.733	0.0	0.0356439	0.000511226	3.69757e-05	6.79802e-05	0.274717	0.00393472	0.19482	0.0809237	0.00388614	0.00250476	0.00191269	0.000249357	1.71004	0.123875	0.921252	0.00663721	0.58244	0.026993	0.934632	0.0111609	0.493196	0.0221178	0.0560344	0.0039927	0.182723	0.005359	0.340362	0.0367485	-77075.4	4.0	1.40165e-05	-504779.0	7.0	1.52078e-05	1.0	19772.3	187.392	7392.15	120.795	0.272125	0.00390571	1119.4	41.8537	
0.0-2.4	6.5-30.0	0.0-5.0	0.000-1.571	0.008	0.184	10230.0	10230.0	4782.2	81.9484	5448.41	85.9165	0.0314149	0.0528415	-0.05	0.0	0.407757	0.0	3.09247	0.0	0.0474225	0.0	0.0235415	0.000755084	0.03	0.0	1.492	0.0	5.0	0.0	1.733	0.0	0.0352877	0.000149168	3.80561e-05	6.9663e-05	0.354411	0.0118421	0.19482	0.0	0.00388614	0.0	0.00398204	0.000619404	1.71004	0.0	1.03114	0.0169325	0.681924	0.120476	0.776933	0.162378	0.593108	0.0700615	0.056661	0.0384976	0.163111	0.0119358	0.138186	0.0299503	-14067.8	4.0	6.34388e-07	-89313.7	4.0	3.82439e-05	1.0	3482.44	74.1888	1299.76	49.385	0.271791	0.00921693	1194.07	5.88667	
0.0-2.4	6.5-30.0	10.0-15.0	0.000-1.571	0.008	0.152	6437.0	6435.0	3293.12	66.8611	3141.59	65.7173	-0.158831	0.0698205	-0.05	0.0	0.407757	0.0	3.09247	0.0	0.0474225	0.0	0.0242717	0.000858932	0.03	0.0	1.492	0.0	5.0	0.0	1.733	0.0	0.0355795	0.000173512	1.79985e-05	0.004591	0.263284	0.0105579	0.19482	0.0	0.00388614	0.0	0.004149	0.000724411	1.71004	0.0	0.922398	0.0190388	0.398905	0.045154	0.827497	0.0581555	0.321694	0.0678341	0.0301948	0.00547631	0.164937	0.0156916	0.149775	0.0319185	-9677.82	4.0	0.000111677	-53587.8	4.0	1.68064e-05	1.0	2350.83	61.1404	942.285	42.7322	0.286138	0.0116031	1120.16	6.31162	
0.0-2.4	6.5-30.0	10.0-20.0	0.000-1.571	0.008	0.16	11715.0	11713.0	6261.48	91.3047	5450.84	86.7514	-0.12531	0.0530443	-0.05	0.0	0.407757	0.0	3.09247	0.0	0.0474225	0.0	0.0247321	0.000649702	0.03	0.0	1.492	0.0	5.0	0.0	1.733	0.0	0.0357668	0.000133035	1.00282e-05	0.000232918	0.255837	0.00747174	0.19482	0.0	0.00388614	0.0	0.00205252	0.000542279	1.71004	0.0	0.923915	0.0142256	0.445203	0.0492886	0.846176	0.0230727	0.337067	0.0663006	0.0332149	0.00440878	0.147764	0.0131834	0.34738	0.0311917	-17503.2	4.0	3.49255e-06	-104970.0	4.0	4.33918e-05	1.0	4407.16	83.663	1854.32	60.0053	0.296147	0.00855511	1121.17	4.71949	
0.0-2.4	6.5-30.0	15.0-20.0	0.000-1.571	0.008	0.16	5277.0	5277.0	2965.96	62.1178	2311.32	56.6024	-0.0790354	0.0815197	-0.05	0.0	0.407757	0.0	3.09247	0.0	0.0474225	0.0	0.0252972	0.000997212	0.03	0.0	1.492	0.0	5.0	0.0	1.733	0.0	0.0360001	0.000207504	1.00282e-05	0.000232918	0.253397	0.0104945	0.19482	0.0	0.00388614	0.0	-0.00234811	0.000809393	1.71004	0.0	0.932689	0.0208598	0.712387	0.0965439	0.722495	0.0484849	0.466473	0.0598948	0.04551	0.0128499	0.131994	0.0182227	0.42078	0.0438803	-7882.58	4.0	8.48695e-06	-43320.8	4.0	3.74068e-05	1.0	2048.44	57.146	917.514	42.3599	0.309348	0.0127279	1127.0	6.95001	
0.0-2.4	6.5-30.0	20.0-25.0	0.000-1.571	0.008	0.145	4353.0	4353.0	2576.35	56.9431	1776.55	49.4246	-0.239165	0.0933167	-0.05	0.0	0.407757	0.0	3.09247	0.0	0.0474225	0.0	0.0234168	0.000890284	0.03	0.0	1.492	0.0	5.0	0.0	1.733	0.0	0.0352386	0.000175189	3.69686e-05	0.0287936	0.255259	0.0123348	0.19482	0.0	0.00388614	0.0	0.00188201	0.000742502	1.71004	0.0	0.827116	0.0195408	0.493823	0.0589984	0.623327	0.142431	0.23973	0.100212	0.0415427	0.00997005	0.205387	0.0215373	0.0455978	0.0136035	-7683.08	4.0	1.49273e-06	-35185.4	4.0	4.38224e-06	1.0	1935.36	52.7658	640.992	33.988	0.248798	0.0119916	1058.56	6.14692	
0.0-2.4	6.5-30.0	20.0-30.0	0.000-1.571	0.008	0.152	8012.0	8012.0	4874.36	77.8693	3137.37	65.779	-0.151221	0.0701845	-0.05	0.0	0.407757	0.0	3.09247	0.0	0.0474225	0.0	0.0233379	0.000629741	0.03	0.0	1.492	0.0	5.0	0.0	1.733	0.0	0.0352076	0.000123611	1.79985e-05	0.004591	0.278336	0.00941201	0.19482	0.0	0.00388614	0.0	0.00187423	0.000558009	1.71004	0.0	0.855222	0.0147812	0.528173	0.0855969	0.758304	0.165997	0.343905	0.0909181	0.0441982	0.00767113	0.187385	0.0140738	0.0393927	0.0191205	-14066.5	4.0	4.03857e-06	-69896.7	4.0	2.96765e-05	1.0	3580.28	71.6821	1294.08	47.8992	0.265488	0.00886438	1076.39	4.72807	
0.0-2.4	6.5-30.0	25.0-30.0	0.000-1.571	0.008	0.136	3659.0	3655.0	2294.17	53.0838	1360.64	43.4116	-0.0353081	0.106561	-0.05	0.0	0.407757	0.0	3.09247	0.0	0.0474225	0.0	0.0232546	0.000894386	0.03	0.0	1.492	0.0	5.0	0.0	1.733	0.0	0.0351749	0.000175094	3.37928e-05	7.02542e-05	0.300435	0.0140698	0.19482	0.0	0.00388614	0.0	0.00157947	0.000847004	1.71004	0.0	0.890083	0.0225251	0.619996	0.114049	0.861418	0.846333	0.470376	0.251429	0.0484865	0.0114723	0.174167	0.0158707	0.0200654	0.217428	-6387.06	4.0	4.28015e-05	-29153.9	4.0	2.69748e-05	1.0	1638.51	48.52	655.665	33.8671	0.285795	0.0131982	1098.91	7.3451	
0.0-2.4	6.5-30.0	30.0-35.0	0.000-1.571	0.008	0.128	2784.0	2782.0	1698.8	46.4176	1082.93	39.2269	-0.28544	0.119826	-0.05	0.0	0.407757	0.0	3.09247	0.0	0.0474225	0.0	0.0248854	0.00122599	0.03	0.0	1.492	0.0	5.0	0.0	1.733	0.0	0.0358297	0.000252149	3.69757e-05	6.79802e-05	0.236412	0.0156668	0.19482	0.0	0.00388614	0.0	0.00133431	0.000973596	1.71004	0.0	0.888594	0.0249853	0.58981	0.0745043	0.829756	0.259533	0.439071	0.130035	0.0558175	0.0108594	0.231639	0.0275401	0.0453233	0.0328989	-5026.13	4.0	1.99162e-06	-21286.5	4.0	2.99908e-05	1.0	1316.65	44.1763	382.145	27.6822	0.224951	0.0150915	1097.94	8.14091	
0.0-2.4	6.5-30.0	30.0-40.0	0.000-1.571	0.008	0.128	4803.0	4801.0	3149.6	61.9386	1651.0	48.3513	-0.294975	0.0973543	-0.05	0.0	0.407757	0.0	3.09247	0.0	0.0474225	0.0	0.0244703	0.00081643	0.03	0.0	1.492	0.0	5.0	0.0	1.733	0.0	0.03566	0.0001659	3.69757e-05	6.79802e-05	0.238949	0.0105055	0.19482	0.0	0.00388614	0.0	0.00095722	0.000706694	1.71004	0.0	0.845096	0.0179416	0.698284	0.0885706	0.605644	0.162525	0.407285	0.0741717	0.0654215	0.0134187	0.243518	0.0254851	0.0601596	0.0136906	-9035.37	4.0	7.1187e-07	-39805.1	4.0	5.03157e-05	1.0	2331.67	58.3472	817.933	39.5041	0.259694	0.0114558	1069.93	5.70524	
0.0-2.4	6.5-30.0	35.0-40.0	0.000-1.571	0.008	0.12	2018.0	2018.0	1445.25	40.9972	572.94	28.4368	-0.311591	0.165956	-0.05	0.0	0.407757	0.0	3.09247	0.0	0.0474225	0.0	0.0239363	0.00112448	0.03	0.0	1.492	0.0	5.0	0.0	1.733	0.0	0.0354447	0.000224867	3.63218e-05	5.72307e-05	0.242069	0.0142084	0.19482	0.0	0.00388614	0.0	0.0011224	0.00102031	1.71004	0.0	0.80381	0.0256686	0.999994	0.928363	0.335053	0.0732383	0.415379	0.0575906	0.0911185	1.60644	0.275032	0.0451283	0.0810849	0.0123769	-4034.67	4.0	5.68327e-05	-15263.4	4.0	8.11743e-05	1.0	1012.21	38.0186	433.041	27.7825	0.299631	0.0172422	1044.0	7.95643	
0.0-2.4	6.5-30.0	40.0-45.0	0.000-1.571	0.008	0.12	1532.0	1531.0	1107.92	35.9349	423.047	24.6272	-0.363754	0.193527	-0.05	0.0	0.407757	0.0	3.09247	0.0	0.0474225	0.0	0.0229357	0.00118167	0.03	0.0	1.492	0.0	5.0	0.0	1.733	0.0	0.0350507	0.000228973	3.63218e-05	5.72307e-05	0.229096	0.0172946	0.19482	0.0	0.00388614	0.0	-0.000814701	0.00121393	1.71004	0.0	0.826737	0.0330314	0.610511	0.119786	0.567962	0.134678	0.0421999	0.107889	0.0270507	0.0108845	0.404552	0.0597961	0.051971	0.0143191	-3096.06	4.0	3.39977e-05	-11192.3	4.0	2.02489e-06	1.0	836.9	34.0139	271.017	22.3022	0.244619	0.0185003	1058.32	10.3882	
0.0-2.4	6.5-30.0	40.0-50.0	0.000-1.571	0.008	0.136	2746.0	2743.0	2018.63	48.3636	724.329	32.3233	-0.85212	0.15118	-0.05	0.0	0.407757	0.0	3.09247	0.0	0.0474225	0.0	0.0247841	0.000950894	0.03	0.0	1.492	0.0	5.0	0.0	1.733	0.0	0.0357881	0.000195001	3.37928e-05	7.02542e-05	0.251535	0.0128476	0.19482	0.0	0.00388614	0.0	-0.00132891	0.000877507	1.71004	0.0	0.784579	0.0241412	0.624372	0.167566	0.655194	0.172216	2.51504e-05	0.762864	0.0310377	0.00729689	0.311546	0.0297278	0.0389817	0.0104361	-5381.41	4.0	4.05934e-05	-21663.4	4.0	1.12585e-06	1.0	1454.28	44.9016	564.354	31.3843	0.279573	0.0140305	1032.15	7.38779	
0.0-2.4	6.5-30.0	45.0-50.0	0.000-1.571	0.008	0.136	1214.0	1212.0	914.286	32.4003	297.956	20.818	-1.58842	0.249946	-0.05	0.0	0.407757	0.0	3.09247	0.0	0.0474225	0.0	0.0273847	0.00166601	0.03	0.0	1.492	0.0	5.0	0.0	1.733	0.0	0.0368936	0.000366188	3.37928e-05	7.02542e-05	0.272897	0.0187418	0.19482	0.0	0.00388614	0.0	-0.00308732	0.00126792	1.71004	0.0	0.739068	0.0352976	0.803769	0.23545	0.645642	0.221803	2.521e-05	0.729864	0.0287988	0.0183634	0.232364	0.0301471	0.0265195	0.0136765	-2305.52	4.0	8.17769e-06	-8598.87	4.0	7.90128e-05	1.0	614.755	29.4	299.531	22.4147	0.327612	0.0215928	1004.74	10.4529	
0.0-2.4	6.5-30.0	5.0-10.0	0.000-1.571	0.008	0.112	8409.0	8375.0	3917.44	74.0051	4457.98	77.5702	-0.191736	0.0585621	-0.05	0.0	0.407757	0.0	3.09247	0.0	0.0474225	0.0	0.0254124	0.000831729	0.03	0.0	1.492	0.0	5.0	0.0	1.733	0.0	0.0360481	0.000173626	3.69703e-05	0.0265992	0.227513	0.00900246	0.19482	0.0	0.00388614	0.0	5.57253e-05	0.000649187	1.71004	0.0	0.923133	0.0173665	0.999986	0.127614	0.253234	0.031565	0.429574	0.0394959	0.0967926	1.05412	0.283801	0.0217229	0.0798361	0.00543916	-12098.6	4.0	8.53665e-05	-71374.2	4.0	2.20429e-05	1.0	2807.63	68.8393	1109.81	48.6336	0.2833	0.0112018	1120.65	5.75931	
0.0-2.4	6.5-30.0	50.0-100.0	0.000-1.571	0.008	0.088	2572.0	2556.0	2133.29	48.7268	422.621	25.7627	-0.482563	0.198086	-0.05	0.0	0.407757	0.0	3.09247	0.0	0.0474225	0.0	0.0248985	0.000980227	0.03	0.0	1.492	0.0	5.0	0.0	1.733	0.0	0.0358351	0.000201679	3.69533e-05	0.0259228	0.291415	0.0152025	0.19482	0.0	0.00388614	0.0	0.00275566	0.000862467	1.71004	0.0	0.848005	0.0236841	0.798891	0.0287061	0.999983	3.77995	0.287803	0.0296456	0.0192931	0.00556301	0.239213	0.00946428	0.0209304	11.89	-5799.24	4.0	1.68373e-07	-20602.4	4.0	4.04362e-06	1.0	1615.12	45.596	518.169	29.2935	0.242896	0.0125609	1071.78	7.54417	
0.0-2.4	6.5-30.0	50.0-55.0	0.000-1.571	0.008	0.08	895.0	885.0	726.715	28.6059	158.364	15.8099	-0.352726	0.321068	-0.05	0.0	0.407757	0.0	3.09247	0.0	0.0474225	0.0	0.0275033	0.00180919	0.03	0.0	1.492	0.0	5.0	0.0	1.733	0.0	0.0369458	0.000398818	1.00002e-05	2.73951e-05	0.189128	0.0194176	0.19482	0.0	0.00388614	0.0	0.00239705	0.00166729	1.71004	0.0	0.91237	0.0491961	0.541856	0.32734	0.897187	0.89221	0.000291305	0.90053	0.0262341	0.0187137	0.208173	0.0395572	0.0212811	0.28939	-2074.63	4.0	4.09485e-07	-6140.95	4.0	4.44427e-05	1.0	564.62	28.5795	162.095	19.0666	0.223052	0.024724	1113.53	16.2279	
0.0-2.4	6.5-30.0	50.0-60.0	0.000-1.571	0.008	0.08	1448.0	1435.0	1193.34	36.5715	241.668	19.6436	-0.413747	0.261693	-0.05	0.0	0.407757	0.0	3.09247	0.0	0.0474225	0.0	0.0274207	0.00140734	0.03	0.0	1.492	0.0	5.0	0.0	1.733	0.0	0.0369094	0.000309607	1.00002e-05	2.73951e-05	0.188953	0.0146397	0.19482	0.0	0.00388614	0.0	0.00294342	0.00122876	1.71004	0.0	0.868056	0.0344094	0.71679	0.81356	0.662912	0.828456	0.000511213	0.66946	0.0192111	0.0249216	0.278982	0.041907	0.0200002	0.0519961	-3366.97	4.0	2.01269e-05	-10681.6	4.0	2.98279e-05	1.0	911.287	36.0502	282.057	24.3801	0.236359	0.0191028	1084.63	11.0868	
0.0-2.4	6.5-30.0	55.0-60.0	0.000-1.571	0.008	0.073	552.0	547.0	464.828	22.709	82.1983	11.5352	-0.542886	0.451818	-0.05	0.0	0.407757	0.0	3.09247	0.0	0.0474225	0.0	0.0271282	0.00219429	0.03	0.0	1.492	0.0	5.0	0.0	1.733	0.0	0.0367812	0.000479247	3.34445e-05	6.9324e-05	0.191449	0.0223606	0.19482	0.0	0.00388614	0.0	0.00431616	0.0017713	1.71004	0.0	0.806576	0.0470626	0.677211	0.818813	0.976064	0.749248	0.217325	0.851925	0.00708077	0.0385419	0.389623	0.0928046	0.0200009	3.08517	-1295.31	4.0	1.59588e-06	-3568.16	4.0	9.38767e-06	1.0	346.772	21.8886	118.055	15.012	0.253976	0.0298172	1045.72	14.6141	
0.0-2.4	6.5-30.0	60.0-100.0	0.000-1.571	0.008	0.088	1124.0	1117.0	934.964	32.1108	182.096	16.6814	-0.58131	0.300912	-0.05	0.0	0.407757	0.0	3.09247	0.0	0.0474225	0.0	0.0209785	0.00130027	0.03	0.0	1.492	0.0	5.0	0.0	1.733	0.0	0.0343168	0.00023538	3.69533e-05	0.0259228	0.381148	0.0268632	0.19482	0.0	0.00388614	0.0	0.00232628	0.00120225	1.71004	0.0	0.781916	0.0317274	0.807316	0.0541583	1.0	5.63193	0.197283	0.0650174	0.0376311	0.0134362	0.209109	0.019872	0.199571	28.0652	-2469.07	4.0	6.97814e-08	-8142.87	4.0	1.47274e-05	1.0	676.412	28.8516	258.552	19.2766	0.276537	0.0182996	1030.52	9.69169	
0.0-2.4	6.5-30.0	60.0-70.0	0.000-1.571	0.008	0.088	752.0	747.0	633.174	26.2751	113.837	13.0793	-0.700572	0.381476	-0.05	0.0	0.407757	0.0	3.09247	0.0	0.0474225	0.0	0.0186957	0.00125969	0.03	0.0	1.492	0.0	5.0	0.0	1.733	0.0	0.0335262	0.000208013	3.69533e-05	0.0259228	0.429033	0.0344217	0.19482	0.0	0.00388614	0.0	0.0021043	0.00148639	1.71004	0.0	0.792868	0.0387363	1.0	16.7024	0.999995	0.00120507	0.472721	0.00398157	0.0152304	24.8223	0.242147	0.00214035	0.0200014	3.78669	-1633.02	4.0	1.26308e-06	-5189.41	4.0	1.2018e-06	1.0	439.743	23.0637	193.432	16.2287	0.305495	0.0222759	1037.24	11.9207	
0.0-2.4	6.5-30.0	70.0-100.0	0.000-1.571	0.016	0.073	372.0	368.0	300.197	18.3866	67.7804	10.2795	-0.396243	0.486806	-0.05	0.0	0.407757	0.0	3.09247	0.0	0.0474225	0.0	0.0257433	0.00268021	0.03	0.0	1.492	0.0	5.0	0.0	1.733	0.0	0.0361869	0.000564615	3.69173e-05	0.0282483	0.228298	0.0331117	0.19482	0.0	0.00388614	0.0	0.00221664	0.00219642	1.71004	0.0	0.823884	0.0585097	0.80776	0.238047	0.999998	2.37344	1.8347e-07	0.481456	0.0462282	0.0738079	0.164293	0.0722714	0.118509	5.1682	-844.863	4.0	3.3104e-07	-2235.34	4.0	1.39594e-05	1.0	230.517	17.5084	69.6792	11.1989	0.232112	0.0344903	1056.52	18.3687	
0.0-2.4	6.5-7.5	0.0-100.0	0.000-1.571	0.016	0.16	18553.0	18549.0	7832.81	135.018	10716.2	145.266	0.0223299	0.0392779	-0.05	0.0	0.329129	0.0708184	3.09082	0.000549585	0.0535768	0.00456363	0.0279124	0.00126055	0.03	0.0	1.492	0.0	5.0	0.0	1.733	0.0	0.0383071	0.00146031	8.17783e-05	0.000350179	0.233021	0.00778217	0.206936	0.0943215	0.00999971	0.0031414	0.00319506	0.000481958	1.88995	0.200823	0.942435	0.0107948	0.476879	0.0257687	0.86416	0.0228699	0.540867	0.0372762	0.0555961	0.00540605	0.129018	0.0126135	0.341861	0.032083	-25663.3	4.0	3.78934e-05	-171345.0	7.0	1.75298e-05	1.0	6208.66	122.116	1624.15	65.1351	0.207352	0.00750836	1201.48	62.0798	
0.0-2.4	6.5-8.0	0.0-100.0	0.000-1.571	0.016	0.16	25177.0	25171.0	11448.6	155.611	13722.4	162.745	-0.0447057	0.0345797	-0.05	0.0	0.354253	0.0559112	3.09122	0.000431895	0.0509002	0.00312283	0.0269726	0.00096306	0.03	0.0	1.492	0.0	5.0	0.0	1.733	0.0	0.0372505	0.00105395	2.99332e-05	0.00458551	0.316575	0.00786811	0.247328	0.092515	0.00999999	0.0035556	0.00294814	0.000413353	1.76918	0.144226	0.916383	0.00957981	0.49385	0.0361456	0.880171	0.0205684	0.536494	0.0313402	0.0567174	0.00533425	0.150986	0.0089504	0.313086	0.0301012	-35018.9	4.0	4.18583e-07	-241474.0	7.0	4.21521e-05	1.0	8943.7	138.233	2504.93	74.0942	0.218798	0.00574814	1185.83	52.0692	
0.0-2.4	7.5-8.5	0.0-100.0	0.000-1.571	0.008	0.184	11562.0	11562.0	6548.29	101.528	5013.67	93.6637	-0.247967	0.057039	-0.05	0.0	0.459891	0.0614746	3.09175	0.00050304	0.0446903	0.00206924	0.0232426	0.00123288	0.03	0.0	1.492	0.0	5.0	0.0	1.733	0.0	0.0347891	0.000915082	8.69412e-05	0.000593911	0.374182	0.0109273	0.237333	0.116679	0.00999999	0.0164169	0.00253501	0.000551957	1.6166	0.148917	0.892718	0.014535	0.511653	0.0507685	0.906919	0.0453474	0.429327	0.0503182	0.0483079	0.00681031	0.201527	0.0110991	0.189554	0.0508128	-17953.3	4.0	8.21521e-06	-104273.0	7.0	7.65847e-06	1.0	4887.12	89.8549	1661.16	54.7334	0.253679	0.00737519	1108.17	54.5034	
0.0-2.4	8.0-10.0	0.0-100.0	0.000-1.571	0.008	0.184	13542.0	13542.0	8582.8	112.218	4959.77	94.6974	-0.172265	0.0573046	-0.05	0.0	0.44747	0.0443012	3.09304	0.000419763	0.0463942	0.00186554	0.0220942	0.0009398	0.03	0.0	1.492	0.0	5.0	0.0	1.733	0.0	0.0351122	0.000778728	8.20597e-05	0.000220638	0.265284	0.00674572	0.223708	0.161679	0.000490489	0.00440365	0.00247073	0.000469338	1.60773	0.189825	0.894398	0.0127784	0.590365	0.109132	0.782705	0.139078	0.414889	0.0925349	0.0351518	0.0104189	0.257698	0.016416	0.0845556	0.0244022	-23559.2	4.0	1.71223e-07	-125952.0	7.0	4.03021e-05	1.0	6147.67	100.023	2435.13	67.5094	0.283722	0.00693596	1095.09	72.9935	
0.0-2.4	8.5-9.5	0.0-100.0	0.000-1.571	0.008	0.12	6335.0	6325.0	4068.06	76.5575	2256.74	63.6019	-0.168288	0.0845466	-0.05	0.0	0.471156	0.0631213	3.09411	0.000601945	0.0441903	0.00250789	0.0222376	0.00117741	0.03	0.0	1.492	0.0	5.0	0.0	1.733	0.0	0.0343742	0.00103228	6.95629e-05	0.856416	0.242781	0.00819046	0.195257	0.140777	-0.00999932	0.0168172	0.001898	0.000685261	1.55521	0.187671	0.898478	0.0184933	0.721621	0.155466	0.721171	0.221345	0.406542	0.0953205	0.0453239	0.0175331	0.224155	0.018228	0.0489379	0.0203496	-11171.4	4.0	1.06632e-06	-54184.3	7.0	4.52384e-05	1.0	2770.03	67.4599	1298.03	49.2957	0.319079	0.0105253	1059.2	60.2528	
0.0-2.4	9.5-11.0	0.0-100.0	0.000-1.571	0.008	0.136	5360.0	5356.0	3757.23	73.6912	1598.72	57.1922	-0.322616	0.103169	-0.05	0.0	0.363007	0.0728213	3.09252	0.000630963	0.0481612	0.00351938	0.024195	0.00149722	0.03	0.0	1.492	0.0	5.0	0.0	1.733	0.0	0.0348552	0.00130728	1.00134e-05	0.000394123	0.265763	0.0101726	0.411816	0.288493	0.0022233	0.00388478	-0.000159196	0.000732476	1.51553	0.180886	0.73403	0.0208353	0.96417	0.0423933	0.492599	0.084515	0.267718	0.119311	0.191103	0.12603	0.263459	0.0194532	0.0473063	0.0132294	-10252.6	4.0	3.87098e-05	-45514.2	7.0	5.16342e-06	1.0	2723.39	65.4506	1033.84	42.9168	0.27516	0.0100671	1123.74	123.574	
0.4-0.8	6.5-30.0	0.0-100.0	0.000-1.571	0.008	0.073	6186.0	6186.0	4038.89	73.2701	2146.97	58.9552	0.00715881	0.0868642	-0.05	0.0	0.648878	0.0665568	3.09305	0.000445825	0.0202143	0.000789975	0.0359382	0.00294639	0.03	0.0	1.492	0.0	5.0	0.0	1.733	0.0	0.0268074	0.000904751	1.07909e-05	6.48731e-06	0.318877	0.0103248	0.164736	0.163076	-0.00113548	0.00593586	-0.000860908	0.000593192	1.82366	0.359661	0.925	0.0178078	0.708936	0.0872467	0.796637	0.0396241	0.439018	0.0568919	0.0474377	0.0144818	0.219014	0.0193993	0.423903	0.0582415	-11150.1	4.0	3.44212e-06	-53877.3	7.0	1.72868e-05	1.0	2683.63	62.4072	1355.26	46.1409	0.335553	0.00966727	1123.63	101.891	
0.8-1.2	6.5-30.0	0.0-100.0	0.000-1.571	0.008	0.105	9288.0	9283.0	5308.8	94.1521	3974.45	86.7649	0.069563	0.065925	-0.05	0.0	0.37854	0.0945408	3.09244	0.000586822	0.0276186	0.00249309	0.0346505	0.00274949	0.03	0.0	1.492	0.0	5.0	0.0	1.733	0.0	0.0321699	0.00105566	3.76156e-05	0.000218351	0.261071	0.00837512	0.510138	0.279061	0.00698866	0.00378923	-1.58749e-05	0.000667593	1.44442	0.131788	0.715017	0.0179398	0.507886	0.0463188	0.912297	0.0289497	0.464572	0.0429414	0.0520436	0.00621695	0.172979	0.0113642	0.286919	0.0559298	-15667.6	4.0	9.60329e-06	-81842.4	7.0	8.02313e-05	1.0	3875.17	82.2219	1433.64	51.8034	0.270049	0.00850182	1146.63	104.809	
1.2-1.6	6.5-30.0	0.0-10.0	0.000-1.571	0.008	0.136	4637.0	4632.0	1984.7	54.4773	2647.25	60.2508	0.0749746	0.0757477	-0.05	0.0	0.49116	0.0	3.09122	0.0	0.0453145	0.0	0.0322398	0.00175137	0.03	0.0	1.492	0.0	5.0	0.0	1.733	0.0	0.0392102	0.000366372	2.31047e-05	0.000294422	0.229973	0.0122799	0.103775	0.0	0.00999984	0.0	0.00144024	0.000823845	2.09199	0.0	0.876524	0.0222532	0.919045	0.0808681	0.282346	0.0569481	0.292739	0.0830895	0.181093	0.0989782	0.21074	0.0201279	0.0541578	0.00778275	-6273.52	4.0	4.17325e-08	-36370.6	4.0	1.359e-05	1.0	1381.68	50.2835	603.017	36.9333	0.303834	0.0166356	1068.98	8.17659	
1.2-1.6	6.5-30.0	0.0-100.0	0.000-1.571	0.008	0.136	11917.0	11902.0	6293.09	109.524	5608.78	106.334	-0.0938365	0.0561167	-0.05	0.0	0.49116	0.0939946	3.09122	0.000650709	0.0453145	0.00234743	0.0314612	0.00178491	0.03	0.0	1.492	0.0	5.0	0.0	1.733	0.0	0.038887	0.000999662	2.31047e-05	0.000294422	0.222196	0.00700537	0.103775	0.0507441	0.00999984	0.0195355	0.00165094	0.000499307	2.09199	0.256609	0.947063	0.0130182	0.746604	0.0918004	0.475818	0.0976289	0.352084	0.0886882	0.0984353	0.0190625	0.210298	0.013609	0.04231	0.010446	-18378.6	4.0	6.00572e-07	-106373.0	7.0	3.68276e-05	1.0	4578.28	97.496	1714.82	63.6184	0.272492	0.00892783	1121.61	46.7957	
1.2-1.6	6.5-30.0	10.0-20.0	0.000-1.571	0.008	0.128	2812.0	2804.0	1453.84	45.7716	1350.55	44.6306	-0.190596	0.106661	-0.05	0.0	0.49116	0.0	3.09122	0.0	0.0453145	0.0	0.035811	0.00255694	0.03	0.0	1.492	0.0	5.0	0.0	1.733	0.0	0.0407566	0.000571597	2.94195e-05	0.000284662	0.203709	0.0123037	0.103775	0.0	0.00999984	0.0	0.00261478	0.0011266	2.09199	0.0	1.05229	0.0283873	0.593028	0.0286716	0.999931	4.96618	0.613887	0.0678453	0.0994549	0.0122768	0.168707	0.0160683	0.020864	20.9629	-4195.93	4.0	4.64275e-08	-20907.4	4.0	0.000110458	1.0	997.276	42.7513	456.559	32.3802	0.314038	0.0199575	1202.73	11.1296	
1.2-1.6	6.5-30.0	20.0-30.0	0.000-1.571	0.008	0.105	2032.0	2027.0	1174.88	38.8312	852.327	34.425	-0.0850616	0.134348	-0.05	0.0	0.49116	0.0	3.09122	0.0	0.0453145	0.0	0.0271655	0.00187145	0.03	0.0	1.492	0.0	5.0	0.0	1.733	0.0	0.0372029	0.000347673	1.00889e-05	0.00459463	0.233001	0.0168639	0.103775	0.0	0.00999984	0.0	-2.98846e-06	0.00111366	2.09199	0.0	0.962741	0.0267576	0.485488	0.266831	0.726129	0.746588	0.289517	0.248541	0.0281347	0.00924867	0.147924	0.0219331	0.027705	0.0153855	-3588.69	4.0	1.02573e-06	-14737.0	4.0	0.000113396	1.0	880.879	36.6556	293.998	24.2985	0.250237	0.0189561	1133.51	10.184	
1.2-1.6	6.5-30.0	30.0-40.0	0.000-1.571	0.008	0.12	1174.0	1172.0	704.909	30.175	466.987	25.9342	-0.00885212	0.181507	-0.05	0.0	0.49116	0.0	3.09122	0.0	0.0453145	0.0	0.0310226	0.00289474	0.03	0.0	1.492	0.0	5.0	0.0	1.733	0.0	0.0387073	0.000590262	1.72747e-05	0.00459133	0.187544	0.0248714	0.103775	0.0	0.00999984	0.0	0.00503842	0.00144007	2.09199	0.0	0.904435	0.0376537	0.999965	0.694305	0.340095	0.0672653	0.291536	0.0692446	0.0867664	1.60064	0.32916	0.0531814	0.0706204	0.0114463	-2068.03	4.0	1.22876e-05	-7895.05	4.0	2.25966e-05	1.0	572.179	30.6261	132.73	19.2437	0.188294	0.0260826	1089.62	14.0054	
1.2-1.6	6.5-30.0	40.0-50.0	0.000-1.571	0.016	0.064	644.0	631.0	470.903	23.3941	159.987	15.3744	-1.76702	0.351315	-0.05	0.0	0.49116	0.0	3.09122	0.0	0.0453145	0.0	0.0300382	0.00350774	0.03	0.0	1.492	0.0	5.0	0.0	1.733	0.0	0.0383102	0.000699742	2.95545e-05	0.000300613	0.247136	0.0283176	0.103775	0.0	0.00999984	0.0	-0.00407278	0.00208407	2.09199	0.0	1.04561	0.0567723	0.999758	0.763891	0.999999	6.15605	0.528013	0.035797	0.00739865	1.60911	0.222756	0.017396	0.0589546	15.5051	-1231.15	4.0	7.69472e-08	-4043.83	4.0	5.44767e-05	1.0	350.089	22.578	120.815	15.5982	0.256559	0.0305736	1197.5	22.2135	
1.2-1.6	6.5-30.0	50.0-100.0	0.000-1.571	0.016	0.073	615.0	609.0	490.951	23.3185	118.023	13.0704	-1.21664	0.380741	-0.05	0.0	0.49116	0.0	3.09122	0.0	0.0453145	0.0	0.0292166	0.00247794	0.03	0.0	1.492	0.0	5.0	0.0	1.733	0.0	0.0379855	0.000484901	1.01642e-05	0.000817577	0.226704	0.0284696	0.103775	0.0	0.00999984	0.0	0.00537732	0.00190592	2.09199	0.0	0.977275	0.0533373	0.907687	1.05201	0.6171	0.865676	9.88234e-07	0.858084	0.0193916	0.0613613	0.306248	0.056773	0.0200002	0.0856723	-1298.58	4.0	1.15234e-05	-3980.96	4.0	2.03654e-06	1.0	386.476	22.7725	104.476	14.3617	0.212802	0.0274512	1144.6	20.407	
1.6-2.0	6.5-30.0	0.0-100.0	0.000-1.571	0.008	0.16	11384.0	11379.0	5768.61	115.712	5610.37	114.862	-0.358683	0.05538	-0.05	0.0	0.522006	0.0955092	3.0912	0.000806371	0.0559305	0.00360396	0.0332263	0.00217481	0.03	0.0	1.492	0.0	5.0	0.0	1.733	0.0	0.0464828	0.00158123	2.61437e-05	0.00458725	0.20032	0.00818736	0.462154	0.274076	0.00485629	0.00340939	0.0018052	0.000750111	1.4787	0.146906	0.851706	0.0170524	0.998273	0.17575	0.46592	0.0529149	0.640363	0.0263996	0.0077602	0.884937	0.180421	0.0124155	0.0987439	0.0113453	-17347.2	4.0	1.75889e-08	-100270.0	7.0	5.30827e-06	1.0	4637.23	106.585	1131.38	56.7725	0.196128	0.00902111	1183.5	94.6886	
1.6-2.4	3.0-30.0	0.0-100.0	0.000-1.571	0.008	0.264	238856.0	238845.0	43350.7	368.038	195494.0	536.257	0.0733366	0.00883914	-0.05	0.0	0.0523394	0.0129927	3.08906	0.000445597	0.0181919	0.00218296	0.052	0.000130253	0.03	0.0	1.89	0.0	5.0	0.0	1.44	0.0	0.0507917	0.000165656	1.05692e-05	6.49144e-05	0.216327	0.00458703	0.19593	0.106578	0.00823221	0.0041731	0.00599124	0.00019753	1.71895	0.159922	0.999902	0.00285887	1.0	0.00508862	0.825484	0.00631839	0.754074	0.00449138	0.0127194	1.13615e-06	0.116151	0.00240469	0.326127	0.00804077	-226886.0	4.0	4.33636e-05	-2756250.0	7.0	0.000169149	1.0	36465.7	367.725	6885.0	206.87	0.158821	0.00457755	1175.94	49.8756	
1.6-2.4	3.0-4.5	0.0-100.0	0.000-1.571	0.016	0.264	163892.0	163885.0	21236.2	312.167	142648.0	467.803	0.242906	0.010328	-0.05	0.0	0.0809523	0.0170953	3.0864	0.000761749	0.02	0.000603483	0.0533642	0.00122718	0.03	0.0	1.86	0.0	5.0	0.0	1.38	0.0	0.0514741	0.000619016	8.85777e-05	0.0369611	0.226687	0.00866695	0.101357	0.069759	0.0499991	0.0925249	0.00289102	0.000245367	1.84755	0.275177	1.04322	0.00319173	1.0	0.909832	0.859028	0.000505905	0.690898	0.000487329	0.0158872	13.0707	0.0879649	0.000157205	0.357552	0.000923396	-145671.0	4.0	3.36672e-05	-1825820.0	7.0	0.000927715	1.0	18701.9	311.281	2534.37	150.689	0.119342	0.00687557	1150.64	41.7732	
1.6-2.4	3.0-5.5	0.0-100.0	0.000-1.571	0.016	0.264	204118.0	204107.0	29374.0	340.204	174733.0	510.947	0.133081	0.00933752	-0.05	0.0	6.23953e-09	0.0146269	3.08847	0.000587737	0.0549944	0.0580147	0.0494069	0.000584863	0.03	0.0	1.86	0.0	5.0	0.0	1.38	0.0	0.0494069	0.000295601	1.55371e-05	0.00459213	0.227912	0.00681789	0.125652	0.0884483	0.0251244	0.0167426	0.00662561	0.000216624	1.92178	0.271466	1.04645	0.00290019	1.0	0.0669855	0.833101	0.00818769	0.766351	0.00567578	0.0562788	79.3152	0.110534	0.00265193	0.348091	0.00987591	-185101.0	4.0	1.68595e-05	-2319720.0	7.0	4.37731e-05	1.0	25464.8	339.62	3909.14	174.381	0.133082	0.00573299	1192.28	55.4877	
1.6-2.4	3.0-6.5	0.0-10.0	0.000-1.571	0.016	0.264	122745.0	122734.0	13197.2	207.136	109537.0	373.152	0.102916	0.0116761	-0.05	0.0	0.953609	0.0	3.08905	0.0	0.0511838	0.0	0.0175768	0.0022421	0.03	0.0	1.86	0.0	5.0	0.0	1.38	0.0	0.0501256	1.82363e-05	1.3729e-05	0.00459296	0.187454	0.0113404	0.173641	0.0	0.0248856	0.0	0.00882913	0.000295554	1.74699	0.0	1.0618	0.00402374	0.887478	0.00434877	1.0	0.785883	0.816696	0.0213004	0.267801	0.0121753	0.194036	0.00684272	0.023308	4.50074	-104696.0	4.0	6.91654e-05	-1331030.0	4.0	2.72379e-08	1.0	11603.8	228.292	1593.41	139.903	0.120739	0.0104303	1208.97	1.46015	
1.6-2.4	3.0-6.5	0.0-100.0	0.000-1.571	0.016	0.264	223316.0	223305.0	33188.8	352.263	190116.0	530.086	0.0669796	0.0089446	-0.05	0.0	0.953609	0.010917	3.08905	0.000530087	0.0511838	0.000776222	0.0166689	0.0023839	0.03	0.0	1.86	0.0	5.0	0.0	1.38	0.0	0.0501113	0.00039939	1.3729e-05	0.00459296	0.229327	0.00592966	0.173641	0.119565	0.0248856	0.0127773	0.00537561	0.000209478	1.74699	0.202734	1.02354	0.00290093	0.999994	1833.65	0.809101	1.89032	0.759383	0.435486	0.1074	3369.33	0.110075	0.308339	0.325094	0.259039	-205542.0	4.0	2.16229e-05	-2559220.0	7.0	0.00687957	1.0	28627.5	346.938	4561.24	174.311	0.137433	0.00504548	1181.38	57.0128	
1.6-2.4	3.0-6.5	0.0-20.0	0.000-1.571	0.016	0.264	181570.0	181559.0	22156.8	256.856	159402.0	450.709	0.0826314	0.00968314	-0.05	0.0	0.953609	0.0	3.08905	0.0	0.0511838	0.0	0.0144691	0.00122545	0.03	0.0	1.86	0.0	5.0	0.0	1.38	0.0	0.0500795	8.21263e-06	1.3729e-05	0.00459296	0.224796	0.0076747	0.173641	0.0	0.0248856	0.0	0.00573355	0.000236864	1.74699	0.0	1.03282	0.00326225	1.0	0.348348	0.817224	0.000296627	0.756657	0.000167453	0.183383	15.6353	0.108828	8.94663e-05	0.344955	0.000381896	-161983.0	4.0	3.22389e-06	-2041070.0	4.0	0.00588755	1.0	19258.0	266.182	2898.84	148.8	0.130833	0.00654225	1188.04	1.17179	
1.6-2.4	3.0-6.5	10.0-20.0	0.000-1.571	0.016	0.209	58824.0	58776.0	8994.75	153.795	49781.4	253.734	0.0415318	0.0173437	-0.05	0.0	0.953609	0.0	3.08905	0.0	0.0511838	0.0	0.01	0.0281589	0.03	0.0	1.86	0.0	5.0	0.0	1.38	0.0	0.0500289	0.000130557	1.37782e-05	0.00459294	0.227909	0.012344	0.173641	0.0	0.0248856	0.0	0.00779017	0.000396152	1.74699	0.0	1.01076	0.00547221	0.937908	0.0119154	0.739838	0.0496705	0.767929	0.0127639	0.351599	0.0458557	0.139866	0.00441512	0.0810257	0.0121629	-57550.7	4.0	4.17658e-06	-595281.0	4.0	1.60548e-06	1.0	8034.17	158.349	960.584	80.4571	0.106794	0.00875653	1172.26	1.94951	
1.6-2.4	3.0-6.5	20.0-30.0	0.000-1.571	0.016	0.192	22483.0	22476.0	4542.06	100.859	17933.8	153.501	-0.0437232	0.0289758	-0.05	0.0	0.953609	0.0	3.08905	0.0	0.0511838	0.0	0.09	0.0519597	0.03	0.0	1.86	0.0	5.0	0.0	1.38	0.0	0.0536098	0.00202334	1.37746e-05	0.00459294	0.230655	0.0132646	0.173641	0.0	0.0248856	0.0	0.00348733	0.000626469	1.74699	0.0	0.996674	0.00872592	0.963938	0.0378593	0.743746	0.0558223	0.763702	0.0152039	0.414538	0.142177	0.120096	0.0167052	0.180414	0.048231	-22589.0	4.0	2.3561e-05	-206544.0	4.0	3.07003e-06	1.0	3803.64	102.813	738.422	60.8735	0.162574	0.0129068	1162.25	3.09175	
1.6-2.4	3.0-6.5	20.0-40.0	0.000-1.571	0.016	0.192	33430.0	33417.0	7517.29	140.647	25899.7	195.348	-0.025602	0.0241557	-0.05	0.0	0.953609	0.0	3.08905	0.0	0.0511838	0.0	0.0597177	0.0248332	0.03	0.0	1.86	0.0	5.0	0.0	1.38	0.0	0.0516109	0.000666496	1.37746e-05	0.00459294	0.234508	0.0107527	0.173641	0.0	0.0248856	0.0	0.00381192	0.000508334	1.74699	0.0	0.992813	0.00718433	0.979377	0.0247297	0.744537	0.0441614	0.763036	0.0122457	0.389813	0.159149	0.115601	0.00977173	0.186193	0.0256833	-34534.5	4.0	3.34914e-05	-320896.0	4.0	1.43538e-05	1.0	6346.82	139.459	1170.47	76.3362	0.155704	0.00972793	1159.51	2.54165	
1.6-2.4	3.0-6.5	30.0-40.0	0.000-1.571	0.016	0.152	10947.0	10879.0	2974.33	73.4253	7904.49	101.592	0.0347851	0.0436203	-0.05	0.0	0.953609	0.0	3.08905	0.0	0.0511838	0.0	0.0128802	0.0072729	0.03	0.0	1.86	0.0	5.0	0.0	1.38	0.0	0.0500594	4.3406e-05	1.3843e-05	0.00459291	0.243317	0.0182888	0.173641	0.0	0.0248856	0.0	0.00466509	0.000869184	1.74699	0.0	0.982326	0.0125381	0.999998	0.0247226	0.734841	0.00238157	0.763859	0.000764887	0.156537	0.813842	0.114833	0.000375638	0.156083	0.000917521	-12083.8	4.0	3.36374e-06	-92706.0	4.0	0.000218481	1.0	2540.47	76.4673	433.856	45.0421	0.145867	0.0147093	1152.11	4.41704	
1.6-2.4	3.0-6.5	40.0-100.0	0.000-1.571	0.016	0.168	8315.0	8309.0	3693.13	73.9829	4616.31	79.9767	0.0476117	0.0572305	-0.05	0.0	0.953609	0.0	3.08905	0.0	0.0511838	0.0	0.0475845	0.013327	0.03	0.0	1.86	0.0	5.0	0.0	1.38	0.0	0.0510224	0.000288298	1.33924e-05	0.00459311	0.235516	0.0156111	0.173641	0.0	0.0248856	0.0	0.00543923	0.000936403	1.74699	0.0	0.926258	0.0133608	0.999999	0.110779	0.779283	0.0527226	0.782037	0.0201778	0.171603	0.738204	0.167493	0.0185207	0.23335	0.0475996	-10480.4	4.0	1.25396e-05	-69930.5	4.0	5.55792e-05	1.0	3157.68	77.9483	535.451	46.7933	0.144986	0.012333	1113.07	4.5939	
1.6-2.4	3.0-6.5	40.0-50.0	0.000-1.571	0.016	0.145	4892.0	4864.0	1896.04	53.8004	2967.89	62.979	0.0816648	0.0712629	-0.05	0.0	0.953609	0.0	3.08905	0.0	0.0511838	0.0	0.0349019	0.014616	0.03	0.0	1.86	0.0	5.0	0.0	1.38	0.0	0.0505446	0.000234102	1.39771e-05	0.00459285	0.221417	0.0171007	0.173641	0.0	0.0248856	0.0	0.00162988	0.00123402	1.74699	0.0	0.86879	0.0190083	1.0	0.00110166	0.83765	0.0328053	0.510445	0.0436096	1.47678	0.333867	0.05	0.00494207	0.253532	0.0352416	-5891.92	4.0	6.41593e-05	-38053.1	4.0	0.000271844	1.0	1521.1	55.8261	374.945	36.9709	0.197751	0.0186742	1074.09	6.35264	
1.6-2.4	3.0-6.5	50.0-100.0	0.000-1.571	0.016	0.168	3423.0	3423.0	1816.21	53.907	1606.78	51.9265	0.0383549	0.0973853	-0.05	0.0	0.953609	0.0	3.08905	0.0	0.0511838	0.0	0.0843245	0.0442922	0.03	0.0	1.86	0.0	5.0	0.0	1.38	0.0	0.05318	0.00162906	1.33924e-05	0.00459311	0.251935	0.026054	0.173641	0.0	0.0248856	0.0	0.00350029	0.00144939	1.74699	0.0	0.943803	0.019366	0.877268	0.0463222	0.999977	0.773296	0.770391	0.0413504	0.246511	0.0758834	0.188018	0.0228419	0.0200002	5.43258	-4673.73	4.0	8.10721e-07	-26106.9	4.0	0.000250599	1.0	1590.28	56.3194	225.923	31.4462	0.124393	0.016916	1125.18	6.71177	
1.6-2.4	4.5-5.5	0.0-100.0	0.000-1.571	0.016	0.192	40226.0	40180.0	8385.9	155.143	31793.4	215.503	-0.355112	0.0234508	-0.05	0.0	0.0442191	0.748824	3.09011	0.00109994	0.0212291	0.0404589	0.0509611	0.00706021	0.03	0.0	1.86	0.0	5.0	0.0	1.38	0.0	0.0500212	0.00874561	2.24592e-05	0.000300031	0.235112	0.0101372	0.168306	0.155053	0.0139897	0.0158776	0.00772571	0.000462003	1.94031	0.379299	1.06555	0.00704496	0.850051	0.0380333	0.900712	0.0772213	0.798508	0.00973814	0.144202	0.028756	0.151643	0.00959129	0.317689	0.0737285	-39806.5	4.0	1.23743e-07	-392706.0	7.0	4.28082	1.0	6925.17	152.582	1460.73	87.1621	0.174189	0.00988169	1256.16	94.9772	
1.6-2.4	5.5-6.5	0.0-100.0	0.000-1.571	0.016	0.168	19198.0	19171.0	5947.26	116.467	13223.7	144.354	-0.433848	0.0348053	-0.05	0.0	0.0268065	0.0394833	3.09366	0.00103405	0.021922	0.0114109	0.0521841	0.00178895	0.03	0.0	1.86	0.0	5.0	0.0	1.38	0.0	0.0516049	0.000981376	1.49587e-05	0.00459239	0.225626	0.0108621	0.433557	0.413492	0.016385	0.017632	0.00377697	0.000743427	1.45242	0.194727	0.867921	0.0133699	0.821694	0.0546082	0.477141	0.0754844	0.632685	0.044887	0.163227	0.0254638	0.203648	0.0123165	0.0616343	0.0156037	-21423.6	4.0	2.47307e-06	-174449.0	7.0	0.000105245	1.0	5000.03	112.689	947.232	58.7808	0.159272	0.00937861	1158.14	132.154	
1.6-2.4	6.5-30.0	0.0-10.0	0.000-1.571	0.008	0.184	6066.0	6066.0	2579.36	63.8475	3486.22	70.5885	-0.318169	0.0665768	-0.05	0.0	0.647637	0.0	3.09091	0.0	0.0577172	0.0	0.0314542	0.00238076	0.03	0.0	1.492	0.0	5.0	0.0	1.733	0.0	0.0500607	0.000263546	6.70809e-05	0.00017923	0.225886	0.015333	0.211707	0.0	0.00199102	0.0	0.00283786	0.000902973	1.6767	0.0	1.04241	0.0206643	0.999999	11.0387	0.334582	0.0722197	0.576658	0.0525102	0.132453	13.2618	0.193533	0.0230233	0.0879903	0.0133713	-8131.85	4.0	2.70077e-07	-48966.8	4.0	0.000110989	1.0	2151.51	63.037	427.846	35.3487	0.165873	0.0130749	1204.89	7.04645	
1.6-2.4	6.5-30.0	0.0-100.0	0.000-1.571	0.008	0.152	15539.0	15529.0	7954.34	143.554	7575.1	142.179	-0.384489	0.0493135	-0.05	0.0	0.647637	0.101212	3.09091	0.000716605	0.0577172	0.00279661	0.0309801	0.00382438	0.03	0.0	1.492	0.0	5.0	0.0	1.733	0.0	0.0499564	0.00164685	2.77437e-05	0.00458652	0.193077	0.00657402	0.211707	0.175346	0.00199102	0.00574194	0.00245993	0.000503516	1.6767	0.235346	0.941992	0.0114036	0.999976	2.30217	0.519017	0.0434969	0.642316	0.02015	0.00815179	0.00993714	0.175988	0.0097264	0.10151	0.0107164	-23538.7	4.0	1.67963e-05	-141589.0	7.0	2.26371e-05	1.0	6279.16	130.398	1675.18	71.2456	0.2106	0.00811042	1137.83	82.7995	
1.6-2.4	6.5-30.0	10.0-20.0	0.000-1.571	0.008	0.16	3997.0	3997.0	1941.01	53.8383	2055.98	54.8945	-0.327648	0.08693	-0.05	0.0	0.647637	0.0	3.09091	0.0	0.0577172	0.0	0.0329708	0.00295878	0.03	0.0	1.492	0.0	5.0	0.0	1.733	0.0	0.0504034	0.000340991	2.91966e-05	0.00458585	0.175031	0.0117959	0.211707	0.0	0.00199102	0.0	0.00144889	0.00104828	1.6767	0.0	0.9584	0.0225557	0.906342	0.0303992	0.702903	0.259919	0.570008	0.155548	0.232851	0.0672348	0.137507	0.0114388	0.025812	0.0168974	-5884.18	4.0	3.85456e-06	-30862.8	4.0	7.10857e-06	1.0	1503.41	54.3967	437.602	36.9784	0.22545	0.0179955	1148.58	7.41817	
1.6-2.4	6.5-30.0	20.0-30.0	0.000-1.571	0.008	0.152	2415.0	2415.0	1363.59	42.4821	1051.18	38.632	-0.63247	0.123191	-0.05	0.0	0.647637	0.0	3.09091	0.0	0.0577172	0.0	0.0258623	0.00240414	0.03	0.0	1.492	0.0	5.0	0.0	1.733	0.0	0.0489197	0.000223925	2.77437e-05	0.00458652	0.204221	0.0155654	0.211707	0.0	0.00199102	0.0	0.00389776	0.00109275	1.6767	0.0	0.833513	0.0262941	0.734404	0.0909326	0.941104	0.0704161	0.675447	0.0550579	0.0655837	0.0267436	0.142463	0.0197247	0.320769	0.198775	-4081.53	4.0	1.61023e-06	-17747.5	4.0	7.35547e-05	1.0	1062.76	41.5168	300.832	26.7436	0.220617	0.0183688	1069.04	8.08047	
1.6-2.4	6.5-30.0	30.0-40.0	0.000-1.571	0.008	0.12	1476.0	1474.0	920.128	34.4532	553.812	28.6485	-0.431207	0.169079	-0.05	0.0	0.647637	0.0	3.09091	0.0	0.0577172	0.0	0.0280119	0.00302143	0.03	0.0	1.492	0.0	5.0	0.0	1.733	0.0	0.049335	0.000302246	7.90451e-05	0.000185159	0.157548	0.0132962	0.211707	0.0	0.00199102	0.0	0.000852058	0.00143938	1.6767	0.0	0.841657	0.0312773	1.0	0.00786486	0.999999	0.0568205	0.766035	0.03695	1.49999	0.344536	0.197503	0.0297666	0.0812192	2.81737	-2618.95	4.0	7.63473e-05	-10216.9	4.0	3.92756e-06	1.0	644.221	34.8669	275.908	27.2131	0.299858	0.0273612	1074.05	9.66041	
1.6-2.4	6.5-30.0	40.0-50.0	0.000-1.571	0.008	0.136	839.0	838.0	558.555	26.2552	279.515	20.256	-0.86966	0.24252	-0.05	0.0	0.647637	0.0	3.09091	0.0	0.0577172	0.0	0.0304093	0.00354317	0.03	0.0	1.492	0.0	5.0	0.0	1.733	0.0	0.0498327	0.000380929	6.70209e-05	0.882424	0.175282	0.0200854	0.211707	0.0	0.00199102	0.0	0.000770918	0.0015689	1.6767	0.0	0.679971	0.0371192	0.621543	0.0701189	0.999999	7.64494	0.445349	0.0717044	0.0388442	0.00917429	0.226942	0.0282882	0.0200724	48.8716	-1542.81	4.0	6.65505e-08	-5391.28	4.0	7.03709e-06	1.0	421.22	25.7891	137.335	17.7404	0.245875	0.0295839	979.619	10.1552	
1.6-2.4	6.5-30.0	50.0-100.0	0.000-1.571	0.008	0.088	742.0	730.0	582.913	26.1849	147.104	15.8041	-0.0898963	0.332916	-0.05	0.0	0.647637	0.0	3.09091	0.0	0.0577172	0.0	0.0443673	0.00543947	0.03	0.0	1.492	0.0	5.0	0.0	1.733	0.0	0.0533954	0.000796297	7.21792e-05	0.000182081	0.182687	0.0230941	0.211707	0.0	0.00199102	0.0	0.00490029	0.00198239	1.6767	0.0	0.823861	0.0430689	0.631391	0.0627973	0.999761	4.24768	0.307887	0.113105	0.0439594	0.00649774	0.197634	0.0198914	0.0208875	18.2021	-1539.03	4.0	4.5093e-05	-4738.01	4.0	2.92373e-05	1.0	467.693	26.4525	115.22	16.8861	0.197663	0.0275741	1063.12	13.155	
2.0-2.4	6.5-30.0	0.0-100.0	0.000-1.571	0.008	0.152	4155.0	4152.0	2224.12	64.3392	1927.86	61.9928	-0.458949	0.0930832	-0.05	0.0	0.852979	0.0637688	3.09109	0.00156293	0.062727	0.00318978	0.0242618	0.00520913	0.03	0.0	1.492	0.0	5.0	0.0	1.733	0.0	0.0586748	0.00172243	7.87116e-05	0.000484264	0.183307	0.0114125	0.0616687	0.0610904	-0.00999983	0.0176875	0.0022351	0.000875049	2.1655	0.541626	0.940285	0.0184991	0.820995	0.00499906	0.999994	2.72794	0.650087	0.00344269	0.111644	0.00267081	0.161416	0.00153331	0.125456	25.6813	-6229.75	4.0	9.4207e-06	-32347.3	7.0	7.27523e-06	1.0	1705.5	61.0898	518.621	39.0249	0.23318	0.0161978	1057.73	65.172	
