weightedEff_Lxyz_finerpT_PRMC_noTnPCorr
rap	pT	cent	dPhi	ctauErrMin	ctauErrMax	NoCutEntry	CutEntry	NSig	NSigErr	NBkg	NBkgErr	coefExp	coefExpErr	coefPol1	coefPol1Err	coeffGaus	coeffGausErr	meanSig1	meanSig1Err	sigmaSig1	sigmaSig1Err	sigmaSig2	sigmaSig2Err	sigmaSig3	sigmaSig3Err	alpha	alphaErr	enne	enneErr	enneW	enneWErr	sigWidth	sigWidthErr	Gmc	GmcErr	bTau	bTauErr	fracRes	fracResErr	meanResSigW	meanResSigWErr	meanResSigN	meanResSigNErr	sigmaResSigW	sigmaResSigWErr	sigmaResSigN	sigmaResSigNErr	fpm	fpmErr	fLiving	fLivingErr	fbkgCtTot	fbkgCtTotErr	lambdam	lambdamErr	lambdap	lambdapErr	lambdasym	lambdasymErr	NLL	nFitPar	EDM	NLLMass	nFitParMass	EDMMass	Prob	PROMPT	PROMPTErr	NON-PROMPT	NON-PROMPTErr	Bfraction	BfractionErr	Resolution	ResolutionErr	
0.0-0.4	6.5-30.0	0.0-100.0	0.000-1.571	0.008	0.073	9632.0	9605.0	8307.48	95.4616	1297.55	45.8538	-1.03119	0.114345	-0.05	0.0	0.41521	0.0665217	3.09362	0.000246816	0.0152897	0.000718436	0.0231634	0.000915589	0.03	0.0	1.696	0.0	5.0	0.0	1.718	0.0	0.020269	0.000409844	1.22083e-05	0.0133319	0.369015	0.00922473	0.433101	0.143037	-0.000819428	0.00118745	0.000264927	0.000667743	1.19183	0.0722132	0.880965	0.0179466	0.999981	0.0605867	0.864506	0.0262996	0.215981	0.0254798	0.14134	0.791052	0.359554	0.0174791	0.21865	0.0414566	-25139.1	4.0	3.34615e-06	-95131.8	7.0	1.52484e-06	1.0	6035.9	85.9913	2271.57	57.142	0.273437	0.00611879	1027.22	29.1787	
0.0-1.2	6.5-30.0	0.0-100.0	0.000-1.571	0.008	0.112	35085.0	35039.0	30251.7	184.026	4787.78	91.6386	-1.05521	0.061166	-0.05	0.0	0.380718	0.0400379	3.09362	0.000174027	0.0186844	0.000667116	0.0315231	0.00072128	0.03	0.0	1.696	0.0	5.0	0.0	1.718	0.0	0.027355	0.000359715	1.00951e-05	0.00459463	0.371209	0.00488656	0.0484638	0.0133743	-0.00131589	0.00269268	0.00039451	0.000225794	1.88988	0.128873	0.987738	0.00620936	0.999997	0.0161772	0.89044	0.0160318	0.269065	0.0156684	0.142336	0.793956	0.423482	0.0106282	0.170619	0.0209474	-82974.2	4.0	4.87393e-07	-384292.0	7.0	0.000137193	1.0	21974.3	166.067	8277.44	110.658	0.273619	0.00325727	1049.5	10.3806	
0.0-2.4	10.0-13.0	0.0-100.0	0.000-1.571	0.008	0.112	13122.0	13095.0	11094.1	114.399	2001.18	63.1939	-1.24425	0.0956272	-0.05	0.0	0.473404	0.0411766	3.09329	0.000356777	0.0467118	0.00136673	0.0231414	0.000962078	0.03	0.0	1.696	0.0	5.0	0.0	1.718	0.0	0.0362625	0.000646726	1.21795e-05	0.0134262	0.387356	0.00777804	0.0307053	0.0102353	0.0021537	0.00527803	0.000323465	0.000349357	2.24087	0.222719	0.984032	0.0105154	0.969475	0.00429634	0.999969	1.5026	0.237992	0.00746609	0.141054	1.02198e-06	0.396207	0.0061788	0.14526	4.18308	-27192.6	4.0	1.69367e-08	-127813.0	7.0	0.00010988	1.0	7642.78	99.7452	3451.27	70.7431	0.311092	0.00551101	1045.36	13.2353	
0.0-2.4	10.0-30.0	0.0-100.0	0.000-1.571	0.008	0.112	20475.0	20446.0	17029.3	142.536	3416.72	81.8866	-1.25518	0.0730033	-0.05	0.0	0.472339	0.0340784	3.09343	0.0002844	0.0460291	0.0011201	0.0228495	0.000774951	0.03	0.0	1.696	0.0	5.0	0.0	1.718	0.0	0.0357243	0.000527491	1.00593e-05	0.00459465	0.376207	0.00568151	0.0339606	0.00891232	-0.00094478	0.00361098	1.98125e-05	0.000270567	2.18057	0.167362	0.987184	0.0087328	0.971449	9.45605	1.0	2232.52	0.259283	0.987468	0.14089	84.3244	0.41337	1.28701	0.140968	1899410.0	-40535.8	4.0	7.47676e-06	-208101.0	7.0	9.20981e-06	1.0	10956.9	120.43	6072.44	93.1452	0.356588	0.00458361	1050.2	10.7175	
0.0-2.4	11.0-13.0	0.0-100.0	0.000-1.571	0.008	0.112	6940.0	6924.0	5895.71	83.2966	1028.46	45.5098	-1.37294	0.137012	-0.05	0.0	0.374355	0.0458924	3.09356	0.000493323	0.0534478	0.00252745	0.0246196	0.00105154	0.03	0.0	1.696	0.0	5.0	0.0	1.718	0.0	0.0380608	0.000973064	1.04076e-05	0.00459449	0.393796	0.0102842	0.0356577	0.0157072	0.00158333	0.00595126	0.000255291	0.000482969	2.10552	0.270331	0.996533	0.015046	0.99871	1.58557	0.957506	0.0273442	0.230489	0.0126777	0.14104	1.74427	0.397784	0.00668299	0.140993	8.96405e-11	-13886.2	4.0	1.03096e-05	-63008.1	7.0	2.63283e-05	1.0	3891.58	71.3474	2004.14	53.5653	0.339931	0.00771233	1056.29	17.3982	
0.0-2.4	13.0-16.0	0.0-100.0	0.000-1.571	0.008	0.081	4381.0	4375.0	3535.24	64.4775	839.751	38.2319	-1.11934	0.144047	-0.05	0.0	0.56636	0.0663403	3.09343	0.000595751	0.0427351	0.0018982	0.0190453	0.0017447	0.03	0.0	1.696	0.0	5.0	0.0	1.718	0.0	0.03452	0.000990372	2.11265e-05	10.8791	0.375625	0.011835	0.0661462	0.04102	-0.00168051	0.0047893	-0.000622829	0.000598663	1.77416	0.264604	0.990375	0.0205503	1.0	0.0885824	0.943147	0.0205935	0.274151	0.0291314	0.14672	0.000508967	0.448982	0.0263625	0.227251	0.0835472	-8291.19	4.0	2.7753e-06	-37684.9	7.0	5.79403e-06	1.0	2137.11	53.2376	1398.13	44.3308	0.395484	0.0102575	1060.27	27.0921	
0.0-2.4	13.0-30.0	0.0-100.0	0.000-1.571	0.008	0.081	7352.0	7345.0	5927.36	85.1356	1417.64	52.3297	-1.27773	0.112765	-0.05	0.0	0.48121	0.0636156	3.09376	0.00047493	0.0444525	0.00190268	0.0220616	0.00144921	0.03	0.0	1.696	0.0	5.0	0.0	1.718	0.0	0.0346899	0.000931393	1.02238e-05	0.00459457	0.365924	0.008412	0.0480882	0.0218371	-0.00242622	0.00419284	-0.000400745	0.000434436	1.94086	0.230379	0.995868	0.0157407	1.0	3.66885	0.961557	0.00126298	0.287859	0.00183491	0.43748	32.5799	0.440195	0.00187493	0.241056	0.00778318	-13455.6	4.0	2.71053e-05	-66892.6	7.0	3.66975e-06	1.0	3349.36	67.4163	2578.0	60.0143	0.434932	0.00796806	1060.76	18.8729	
0.0-2.4	16.0-30.0	0.0-100.0	0.000-1.571	0.008	0.056	2970.0	2955.0	2416.13	52.4617	538.903	29.583	-1.38369	0.184081	-0.05	0.0	0.156849	0.0547613	3.09368	0.000758648	0.014979	0.00262929	0.0371761	0.00160687	0.03	0.0	1.696	0.0	5.0	0.0	1.718	0.0	0.034648	0.000863422	1.01425e-05	0.00459461	0.355899	0.0119002	0.0340288	0.0240391	-0.00317689	0.0069571	-0.000152049	0.000635829	2.18001	0.438439	0.997191	0.0248861	1.0	599.161	0.985826	4.37012	0.297515	0.109094	0.14093	45202.1	0.425911	0.264754	0.236174	0.221023	-5193.13	4.0	6.75257e-05	-24131.0	7.0	2.27318e-05	1.0	1229.84	40.3084	1186.29	39.6883	0.490987	0.0124968	1059.37	28.6037	
0.0-2.4	6.5-30.0	0.0-100.0	0.000-1.571	0.004	0.196	81615.0	81581.0	69488.3	285.001	12092.7	154.276	-1.09454	0.0386711	-0.05	0.0	0.465947	0.016535	3.09218	0.00015253	0.047532	0.00051907	0.0259118	0.000376731	0.03	0.0	1.696	0.0	5.0	0.0	1.718	0.0	0.0375671	0.000242393	1.01457e-05	1.75103e-06	0.37127	0.00339722	0.0430525	0.00586129	-0.000932797	0.00240231	0.000417737	0.000156015	2.16238	0.0883053	0.963524	0.0039458	0.999983	0.0081021	0.846273	0.0111798	0.294512	0.00937228	0.141757	0.784455	0.42678	0.00728841	0.140917	6.89077e-10	-171031.0	4.0	0.000101093	-943660.0	7.0	3.14831e-06	1.0	51629.4	259.806	17858.9	167.405	0.257006	0.00216627	1043.9	6.79803	
0.0-2.4	6.5-7.5	0.0-100.0	0.000-1.571	0.008	0.176	27070.0	27054.0	23361.1	167.581	3693.53	91.735	-0.750849	0.0701519	-0.05	0.0	0.469742	0.0361337	3.09091	0.000284245	0.0493701	0.00100806	0.0285191	0.000810031	0.03	0.0	1.696	0.0	5.0	0.0	1.718	0.0	0.0397018	0.000497024	1.0013e-05	0.00459467	0.401195	0.00735627	0.0565306	0.0172979	0.00889207	0.0165632	0.00058436	0.000316471	1.98132	0.172537	0.977442	0.00671816	1.0	5454.05	0.784311	63.6248	0.407754	4.63751	0.14089	343493.0	0.42593	8.54458	0.140975	2.58731e-07	-57589.1	4.0	8.24577e-05	-282722.0	7.0	0.000127216	1.0	18828.8	157.52	4532.25	87.3269	0.194009	0.00346941	1059.86	15.4446	
0.0-2.4	6.5-8.0	0.0-100.0	0.000-1.571	0.008	0.176	37059.0	37037.0	31851.9	193.662	5185.07	104.029	-0.850113	0.0584925	-0.05	0.0	0.511311	0.0267727	3.09109	0.000239343	0.0482776	0.000753077	0.0270664	0.000633886	0.03	0.0	1.696	0.0	5.0	0.0	1.718	0.0	0.0393667	0.00037539	1.06881e-05	0.00459436	0.398222	0.00614278	0.0576128	0.0136665	0.00221989	0.00490396	0.000685718	0.00026319	2.00795	0.138209	0.960854	0.00568595	0.995969	0.00755875	0.735496	0.0226476	0.305635	0.0130847	0.140926	8.86888e-07	0.408214	0.0119284	0.140931	1.81315e-11	-79122.5	4.0	4.19407e-06	-398829.0	7.0	7.43384e-06	1.0	25486.3	181.94	6365.67	102.897	0.199852	0.00299325	1049.92	12.8966	
0.0-2.4	7.5-8.5	0.0-100.0	0.000-1.571	0.008	0.136	18127.0	18102.0	15437.1	134.992	2664.89	73.8256	-1.18955	0.0826904	-0.05	0.0	0.54253	0.0413432	3.09169	0.000325923	0.046061	0.0009683	0.0247717	0.00109498	0.03	0.0	1.696	0.0	5.0	0.0	1.718	0.0	0.0378386	0.000546618	3.14286e-05	0.000250139	0.363848	0.00770304	0.0553572	0.0153282	-0.00751851	0.00509998	0.00180783	0.000347963	2.03235	0.165504	0.945134	0.00822585	0.973666	0.0310556	0.740886	0.0542669	0.27023	0.0220074	0.140992	3.30611e-05	0.435486	0.0187236	0.140899	7.39645e-09	-39148.2	4.0	9.52751e-05	-182259.0	7.0	0.000144472	1.0	11992.7	125.141	3444.43	74.6289	0.223126	0.00442314	1035.61	15.3908	
0.0-2.4	8.0-10.0	0.0-100.0	0.000-1.571	0.008	0.152	24081.0	24078.0	20590.2	156.618	3487.87	86.1209	-1.30844	0.073349	-0.05	0.0	0.397641	0.0358751	3.09263	0.00027231	0.0468617	0.0012133	0.0268746	0.000650451	0.03	0.0	1.696	0.0	5.0	0.0	1.718	0.0	0.0361702	0.000502404	2.62826e-05	0.000708523	0.348719	0.00603305	0.0467928	0.0103449	-0.00257908	0.00426269	0.00053066	0.000282254	2.18476	0.146934	0.942541	0.00708846	0.999999	0.0133485	0.840063	0.0218128	0.23379	0.0186445	0.140932	3.5378e-07	0.44371	0.0133218	0.151696	0.0172972	-52173.9	4.0	7.24322e-07	-249726.0	7.0	1.63149e-05	1.0	15486.8	143.347	5103.44	90.4354	0.247857	0.00396694	1034.49	12.5104	
0.0-2.4	8.5-9.5	0.0-100.0	0.000-1.571	0.008	0.145	11735.0	11735.0	10061.7	109.22	1673.4	59.503	-1.23309	0.105411	-0.05	0.0	0.380107	0.052337	3.09315	0.000380397	0.0459813	0.00173816	0.0265945	0.000924301	0.03	0.0	1.696	0.0	5.0	0.0	1.718	0.0	0.0352432	0.00071088	3.09607e-05	0.000394481	0.361958	0.00884615	0.0500062	0.0142607	0.00162795	0.00572661	0.000624821	0.000396553	2.25229	0.202408	0.9375	0.00990173	1.0	0.025055	0.900462	0.0238939	0.245813	0.0253072	0.14104	1.18169e-10	0.450444	0.018916	0.15099	0.0308498	-25825.4	4.0	5.35679e-07	-113535.0	7.0	1.51782e-05	1.0	7567.42	99.8593	2494.3	62.9069	0.2479	0.00564337	1043.37	18.5086	
0.0-2.4	9.5-11.0	0.0-100.0	0.000-1.571	0.008	0.128	10388.0	10378.0	8756.45	101.842	1621.59	56.8923	-1.29921	0.106025	-0.05	0.0	0.546431	0.0533876	3.09281	0.000407545	0.0436128	0.00124515	0.0229239	0.00134571	0.03	0.0	1.696	0.0	5.0	0.0	1.718	0.0	0.035745	0.000689048	2.86811e-05	0.000348843	0.359318	0.00873759	0.0230452	0.0104935	-0.00132346	0.00761159	-0.000842739	0.000398157	2.46487	0.337054	0.95724	0.0109782	0.933406	0.00559364	0.999999	7.92038	0.203883	0.00705958	0.141064	2.67685e-07	0.420659	0.00640828	0.213701	34.74	-22062.9	4.0	3.32395e-06	-98909.0	7.0	7.20086e-06	1.0	6282.94	90.7196	2473.52	60.9745	0.282479	0.00613962	1017.45	17.057	
0.4-0.8	6.5-30.0	0.0-100.0	0.000-1.571	0.008	0.073	10833.0	10795.0	9262.81	101.624	1532.09	50.9603	-1.21135	0.107341	-0.05	0.0	0.416296	0.0689923	3.09419	0.000293709	0.0197866	0.000837572	0.0274164	0.00120843	0.03	0.0	1.696	0.0	5.0	0.0	1.718	0.0	0.0245302	0.000489164	2.82435e-05	0.000449249	0.360913	0.00810239	0.076506	0.0434519	-0.00258405	0.00354869	-0.000433151	0.000416423	1.67312	0.203336	0.983141	0.0117955	0.935631	0.0140644	1.0	0.000912164	0.215266	0.0216542	0.141045	0.0316157	0.430317	0.0173326	4.52257	1.23374	-25727.1	4.0	2.40267e-05	-106358.0	7.0	3.64719e-05	1.0	6516.87	90.4964	2745.94	63.1287	0.296448	0.00598916	1052.04	23.1745	
0.8-1.2	6.5-30.0	0.0-100.0	0.000-1.571	0.008	0.112	14618.0	14599.0	12455.9	119.881	2143.26	63.6987	-1.08063	0.0913809	-0.05	0.0	0.531238	0.0539259	3.0933	0.000332951	0.0352781	0.000900093	0.02893	0.00111207	0.03	0.0	1.696	0.0	5.0	0.0	1.718	0.0	0.0324573	0.00038751	1.00026e-05	0.00459467	0.382108	0.00819704	0.0258401	0.00859777	0.000613602	0.00653335	0.00127251	0.000345467	2.42695	0.263382	1.00675	0.00935018	0.999137	3666200.0	0.951881	677128.0	0.366197	14457.2	0.140888	3956100.0	0.4477	92241.1	0.220739	1274440.0	-32858.4	4.0	5.33656e-06	-145205.0	7.0	2.35996e-05	1.0	9299.6	108.636	3156.3	68.6558	0.253398	0.004943	1067.5	13.2179	
1.2-1.6	6.5-30.0	0.0-100.0	0.000-1.571	0.004	0.156	18375.0	18362.0	15904.4	138.306	2457.92	75.3801	-0.817635	0.0892137	-0.05	0.0	0.533253	0.0537398	3.08909	0.000355711	0.0338839	0.000852762	0.0476686	0.00180503	0.03	0.0	1.696	0.0	5.0	0.0	1.718	0.0	0.0409002	0.00064256	1.09866e-05	0.00459422	0.386322	0.0072775	0.0602989	0.014894	-0.000798532	0.0042547	0.00107479	0.000333703	2.00122	0.147028	0.96037	0.00832077	0.999989	68.8895	0.775479	2.17389	0.339422	0.175484	0.141025	587.755	0.470121	0.307528	0.140967	8.63727e-08	-37970.1	4.0	0.000100044	-184557.0	7.0	2.0655e-05	1.0	11770.1	124.949	4134.34	80.1789	0.259949	0.00450608	1052.7	14.2343	
1.6-2.0	6.5-30.0	0.0-100.0	0.000-1.571	0.004	0.188	19040.0	19037.0	16218.9	143.145	2818.09	84.1932	-1.31696	0.0877579	-0.05	0.0	0.759547	0.051942	3.08947	0.000402173	0.0421718	0.000793959	0.0641128	0.00412208	0.03	0.0	1.696	0.0	5.0	0.0	1.718	0.0	0.0483652	0.000944834	1.74374e-05	0.00459126	0.354293	0.00708713	0.0503112	0.0105536	0.00442139	0.005776	0.000667834	0.000340515	2.32689	0.168222	0.931219	0.00786444	1.0	147.349	0.820757	0.959292	0.335248	0.242255	0.140888	66570.4	0.425554	0.0669353	0.140942	0.195915	-37140.3	4.0	3.0423e-05	-189735.0	7.0	4.69035e-06	1.0	12324.8	131.33	3894.12	81.2183	0.240097	0.00453717	1046.87	15.1935	
1.6-2.4	3.0-30.0	0.0-100.0	0.000-1.571	0.004	0.21	137642.0	137410.0	115135.0	417.4	22275.0	284.807	-0.206792	0.0298086	-0.05	0.0	0.329273	0.0346995	3.08946	0.000164436	0.0655845	0.00179274	0.0418039	0.000552685	0.03	0.0	2.059	0.0	5.0	0.0	1.41	0.0	0.0508768	0.000597963	1.00144e-05	0.00459467	0.373707	0.401609	0.0559604	0.00794871	0.00275916	0.00429477	0.000484637	0.00840482	2.15418	0.0987	0.871246	0.485796	0.817944	0.0	0.9999	0.0	0.604322	0.0	0.0846182	0.0	0.4172	0.0	0.483258	0.0	-1e+30	4.0	0.0	-1628870.0	7.0	0.000480503	1.0	106729.0	41953.1	8405.63	41951.3	0.073007	0.364368	988.066	202.434	
1.6-2.4	3.0-4.5	0.0-100.0	0.000-1.571	0.024	0.36	65883.0	65804.0	55151.1	270.804	10652.1	169.684	0.581016	0.0434963	-0.05	0.0	0.291761	0.0248854	3.09003	0.000238433	0.072236	0.00194587	0.0412195	0.000569516	0.03	0.0	2.04	0.0	5.0	0.0	1.31	0.0	0.0522087	0.000596198	2.76516e-05	0.000655533	0.359207	0.00648312	0.0349826	0.0107547	-0.00999498	0.0198762	0.0016838	0.000308047	2.57478	0.287473	0.925203	0.00394012	0.998291	0.0043364	0.420132	0.0299033	0.405157	0.0255569	0.140902	1.92292e-09	0.45503	0.0175141	0.140958	0.0106682	-116364.0	4.0	7.01874e-06	-730439.0	7.0	0.000369114	1.0	48660.3	271.26	6490.78	132.322	0.117691	0.00232863	1028.58	19.7262	
1.6-2.4	3.0-5.5	0.0-100.0	0.000-1.571	0.024	0.36	91798.0	91697.0	76621.8	324.267	15076.0	208.768	0.210306	0.0365619	-0.05	0.0	0.316153	0.028458	3.08935	0.000202096	0.0676034	0.00164077	0.0413237	0.000566011	0.03	0.0	2.04	0.0	5.0	0.0	1.31	0.0	0.0511142	0.00054855	1.05231e-05	0.00459443	0.359246	0.00537712	0.045351	0.0108932	-0.00850965	0.0164223	0.000960326	0.000250562	2.22948	0.17295	0.921276	0.00335046	1.0	46.2449	0.512344	1.8843	0.375011	0.836264	0.1409	736942.0	0.432233	0.176342	0.140932	5.94322e-07	-163442.0	4.0	3.714e-06	-1048670.0	7.0	0.000199236	1.0	67337.7	322.12	9284.09	155.22	0.121168	0.00195982	1017.68	14.0559	
1.6-2.4	3.0-6.5	0.0-100.0	0.000-1.571	0.016	0.24	109486.0	109293.0	91631.6	353.548	17661.1	225.821	0.0572255	0.0336594	-0.05	0.0	0.335731	0.0273571	3.08948	0.000185619	0.0666757	0.00139373	0.0414242	0.000545055	0.03	0.0	2.04	0.0	5.0	0.0	1.31	0.0	0.051307	0.00049619	1.26007e-05	0.00459348	0.370917	0.00491908	0.0545752	0.0111807	0.00463949	0.00732318	0.00080704	0.000219682	2.11806	0.135123	0.921119	0.00308183	1.0	60.4721	0.54389	1.43046	0.387198	0.133387	0.140907	581612.0	0.441321	0.263278	0.14092	3.07165e-08	-196656.0	4.0	1.01439e-06	-1269530.0	7.0	0.00012075	1.0	80265.7	349.288	11365.9	167.376	0.124039	0.00176281	1023.22	12.5985	
1.6-2.4	4.5-5.5	0.0-100.0	0.000-1.571	0.024	0.192	25914.0	25861.0	21633.5	171.842	4227.2	110.106	-0.714545	0.0692582	-0.05	0.0	0.362021	0.0738218	3.08759	0.000379439	0.0600534	0.00232567	0.042393	0.00120176	0.03	0.0	2.04	0.0	5.0	0.0	1.31	0.0	0.0495192	0.000907196	2.75213e-05	0.000465277	0.360804	0.00953832	0.103514	0.0420907	-0.000476917	0.00793976	-0.000454524	0.000445434	1.6297	0.164957	0.909066	0.00664589	0.999999	4.632	0.705304	0.00788725	0.319396	0.0055124	0.150019	5.86014	0.411602	0.00472595	0.141042	0.00436977	-47316.7	4.0	9.43311e-05	-263500.0	7.0	3.6415e-05	1.0	18817.1	168.468	2816.4	80.8735	0.130187	0.00359246	1007.86	23.7207	
1.6-2.4	5.5-6.5	0.0-100.0	0.000-1.571	0.024	0.16	17688.0	17659.0	15158.2	142.213	2500.64	86.988	-0.885441	0.0905792	-0.05	0.0	0.422952	0.0801246	3.09032	0.000466075	0.0643818	0.00262696	0.0422533	0.00169246	0.03	0.0	2.04	0.0	5.0	0.0	1.31	0.0	0.0527576	0.00118964	1.00139e-05	0.00459467	0.40334	0.0109785	0.163974	0.0525224	0.00159916	0.00563014	0.000717922	0.000490581	1.56105	0.126401	0.888716	0.00849971	0.868961	0.287589	0.942845	0.618357	0.444626	0.0566314	0.14099	9.87402e-07	0.453587	0.0935666	0.141024	1.92698e-07	-33411.6	4.0	5.07527e-05	-173434.0	7.0	8.41428e-06	1.0	12857.2	136.281	2300.94	66.9918	0.151795	0.00418378	1029.51	26.4126	
1.6-2.4	6.5-30.0	0.0-100.0	0.000-1.571	0.004	0.188	28155.0	28144.0	23789.1	173.904	4354.91	103.913	-1.20088	0.0682181	-0.05	0.0	0.60953	0.0461023	3.08998	0.000358437	0.0532612	0.000930255	0.0399185	0.00134587	0.03	0.0	1.696	0.0	5.0	0.0	1.718	0.0	0.0484902	0.000480719	1.30059e-05	0.00459329	0.362061	0.00614268	0.0446286	0.00857675	0.0026517	0.00592247	6.70664e-05	0.000290177	2.45063	0.167164	0.928383	0.00654969	1.0	0.0049121	0.843868	0.0202222	0.309552	0.0164577	0.215258	2.48119e-06	0.407796	0.0117496	0.140905	8.98707e-12	-52883.2	4.0	2.24454e-05	-290147.0	7.0	4.86505e-05	1.0	18212.1	160.551	5577.03	98.5594	0.234436	0.00377197	1044.72	13.9906	
2.0-2.4	6.5-30.0	0.0-100.0	0.000-1.571	0.008	0.144	9115.0	9100.0	7683.86	102.834	1416.1	65.5635	-1.08203	0.12177	-0.05	0.0	0.480692	0.0920904	3.08953	0.000713744	0.0616924	0.00270286	0.0456914	0.00172493	0.03	0.0	1.696	0.0	5.0	0.0	1.718	0.0	0.0539783	0.00110999	1.21911e-05	0.00459367	0.379744	0.0118336	0.0274908	0.012152	-0.01	0.0156797	-0.00151753	0.000561004	3.13309	0.601028	0.931882	0.0119357	0.999997	1.35801	0.90225	0.0203589	0.27043	0.0136905	0.141943	2.18903	0.37893	0.010453	0.140934	1.84381e-09	-15832.7	4.0	1.78879e-06	-82717.5	7.0	1.31632e-05	1.0	5941.27	95.279	1742.59	57.4433	0.226785	0.00683202	1055.65	35.924	
