weightedEff_TnPAtRD3_4DEff_RapPtEffMap2_Ratio
rap	pT	cent	dPhi	ctauErrMin	ctauErrMax	NoCutEntry	CutEntry	NSig	NSigErr	NBkg	NBkgErr	coefExp	coefExpErr	coefPol1	coefPol1Err	coeffGaus	coeffGausErr	meanSig1	meanSig1Err	sigmaSig1	sigmaSig1Err	sigmaSig2	sigmaSig2Err	sigmaSig3	sigmaSig3Err	alpha	alphaErr	enne	enneErr	enneW	enneWErr	sigWidth	sigWidthErr	Gmc	GmcErr	bTau	bTauErr	fracRes	fracResErr	meanResSigW	meanResSigWErr	meanResSigN	meanResSigNErr	sigmaResSigW	sigmaResSigWErr	sigmaResSigN	sigmaResSigNErr	fpm	fpmErr	fLiving	fLivingErr	fbkgCtTot	fbkgCtTotErr	lambdam	lambdamErr	lambdap	lambdapErr	lambdasym	lambdasymErr	NLL	nFitPar	EDM	NLLMass	nFitParMass	EDMMass	Prob	PROMPT	PROMPTErr	NON-PROMPT	NON-PROMPTErr	Bfraction	BfractionErr	Resolution	ResolutionErr	
0.0-0.4	6.5-30.0	0.0-100.0	0.000-1.571	0.008	0.064	5282.0	5279.0	3486.85	65.8987	1792.18	51.4585	-0.154794	0.0941594	-0.05	0.0	0.450687	0.0821423	3.09335	0.000394342	0.0198385	0.00137337	0.0181472	0.00126985	0.03	0.0	1.492	0.0	5.0	0.0	1.733	0.0	0.0189281	0.000471044	3.59557e-05	0.000193278	0.294935	0.0102322	0.709974	0.264125	-0.00206547	0.00229629	0.00243774	0.00129377	1.32298	0.0992276	0.661294	0.0330624	0.721905	0.0996274	0.624707	0.134835	0.337054	0.0546215	0.0464773	0.0208557	0.255085	0.0224607	0.0718487	0.0125573	-10578.1	4.0	1.53784e-06	-45877.8	7.0	3.01882e-06	1.0	2346.91	57.3541	1139.94	42.2646	0.326927	0.0104282	1170.25	84.1516	
0.0-1.2	6.5-30.0	0.0-10.0	0.000-1.571	0.008	0.088	7803.0	7799.0	4105.07	76.2211	3693.68	73.469	0.0182342	0.0642611	-0.05	0.0	0.535389	0.0	3.09269	0.0	0.0206402	0.0	0.0361617	0.00155957	0.03	0.0	1.492	0.0	5.0	0.0	1.733	0.0	0.0289075	0.000453214	1.12992e-05	0.000388937	0.26817	0.00894941	0.282557	0.0	0.00228371	0.0	0.00158748	0.000680841	1.58042	0.0	0.922975	0.0202707	0.716847	0.168553	0.537405	0.163712	0.501709	0.0542429	0.0453752	0.0234166	0.230144	0.0216522	0.109382	0.0174562	-12388.0	4.0	6.72632e-08	-67334.2	4.0	6.83367e-05	1.0	2780.3	66.8744	1324.76	49.1146	0.322714	0.0103558	1147.57	5.84837	
0.0-1.2	6.5-30.0	0.0-100.0	0.000-1.571	0.008	0.105	20764.0	20759.0	12877.5	133.775	7882.65	113.569	-0.0210486	0.0458268	-0.05	0.0	0.535389	0.0483899	3.09269	0.000276349	0.0206402	0.000588861	0.0344419	0.00161018	0.03	0.0	1.492	0.0	5.0	0.0	1.733	0.0	0.0279147	0.000578904	1.16782e-05	0.000130175	0.286653	0.005377	0.282557	0.19576	0.00228371	0.00264771	0.000258184	0.000366486	1.58042	0.170805	0.854126	0.0106501	0.591301	0.0347659	0.926617	0.0159274	0.434802	0.0307042	0.0542996	0.00516601	0.19979	0.00855384	0.356026	0.0546943	-37021.6	4.0	3.83459e-06	-203558.0	7.0	0.00012092	1.0	8840.43	116.108	4037.06	82.4979	0.313497	0.00551683	1108.67	85.3482	
0.0-1.2	6.5-30.0	10.0-20.0	0.000-1.571	0.008	0.088	4846.0	4844.0	2922.24	61.1113	1921.6	52.2864	-0.00750226	0.0893077	-0.05	0.0	0.535389	0.0	3.09269	0.0	0.0206402	0.0	0.0333581	0.00147541	0.03	0.0	1.492	0.0	5.0	0.0	1.733	0.0	0.0272963	0.00041886	1.12992e-05	0.000388937	0.307398	0.0116543	0.282557	0.0	0.00228371	0.0	-0.000473326	0.00078789	1.58042	0.0	0.842232	0.0236891	0.460794	0.0999518	0.862219	0.0332453	0.291834	0.120005	0.0356208	0.00727351	0.196145	0.0197638	0.388755	0.0582595	-7995.15	4.0	5.30295e-05	-40320.8	4.0	1.37563e-05	1.0	1926.63	52.812	995.617	39.9911	0.340703	0.011684	1102.12	6.49394	
0.0-1.2	6.5-30.0	20.0-30.0	0.000-1.571	0.008	0.105	3544.0	3541.0	2328.55	53.3729	1212.54	41.6245	0.190234	0.11299	-0.05	0.0	0.535389	0.0	3.09269	0.0	0.0206402	0.0	0.03246	0.00153223	0.03	0.0	1.492	0.0	5.0	0.0	1.733	0.0	0.0267885	0.000431303	1.16782e-05	0.000130175	0.306734	0.0132786	0.282557	0.0	0.00228371	0.0	0.00127405	0.000828344	1.58042	0.0	0.821353	0.0237746	0.518298	0.0112506	1.0	17.275	0.371503	0.0142392	0.0447255	0.00150803	0.200305	0.00519345	0.0200503	123.413	-6701.62	4.0	8.69184e-06	-28773.8	4.0	7.35879e-06	1.0	1599.88	46.9069	728.666	33.6815	0.312927	0.012561	1090.76	6.42201	
0.0-1.2	6.5-30.0	30.0-40.0	0.000-1.571	0.008	0.064	2130.0	2128.0	1516.96	43.045	611.056	30.7722	-0.513135	0.161743	-0.05	0.0	0.535389	0.0	3.09269	0.0	0.0206402	0.0	0.0386125	0.00228267	0.03	0.0	1.492	0.0	5.0	0.0	1.733	0.0	0.0303444	0.000674762	1.32366e-05	0.000329048	0.248581	0.0143004	0.282557	0.0	0.00228371	0.0	-0.00171106	0.00104166	1.58042	0.0	0.825547	0.0270908	0.594097	0.0395099	1.0	69.9329	0.420375	0.0638491	0.067424	0.00822737	0.212207	0.0179279	0.0200013	311.371	-4513.16	4.0	8.61019e-05	-16406.0	4.0	1.28873e-06	1.0	1093.27	38.9259	423.685	26.4077	0.279299	0.0154996	1093.03	7.3399	
0.0-1.2	6.5-30.0	40.0-50.0	0.000-1.571	0.016	0.048	1259.0	1241.0	970.803	33.6237	270.173	20.7354	-0.299926	0.24212	-0.05	0.0	0.535389	0.0	3.09269	0.0	0.0206402	0.0	0.0341784	0.002726	0.03	0.0	1.492	0.0	5.0	0.0	1.733	0.0	0.0277638	0.000779577	1.43354e-05	8.22848e-05	0.288027	0.019215	0.282557	0.0	0.00228371	0.0	-0.00257118	0.00134141	1.58042	0.0	0.812025	0.038102	0.718795	0.240779	0.699763	0.267721	3.60385e-06	0.615949	0.0149445	0.0115539	0.360363	0.0486585	0.0210146	0.0407608	-2700.35	4.0	7.07504e-05	-9153.75	4.0	1.93221e-06	1.0	668.385	29.898	302.418	21.6263	0.311513	0.0194896	1085.74	10.2223	
0.0-1.2	6.5-30.0	50.0-100.0	0.000-1.571	0.008	0.056	1179.0	1177.0	1028.28	33.5863	148.716	15.7637	-0.395332	0.332414	-0.05	0.0	0.535389	0.0	3.09269	0.0	0.0206402	0.0	0.0329319	0.00197406	0.03	0.0	1.492	0.0	5.0	0.0	1.733	0.0	0.0270548	0.000558203	1.34486e-05	0.000306561	0.299534	0.020878	0.282557	0.0	0.00228371	0.0	0.000926112	0.00111696	1.58042	0.0	0.756487	0.0337759	0.835165	0.0484412	1.0	28.6108	0.241315	0.0463341	0.00709198	7.55025e-09	0.2185	0.0153228	0.0242381	195.93	-3125.62	4.0	5.21006e-07	-8949.19	4.0	2.01191e-07	1.0	754.996	30.6253	273.286	20.2353	0.265769	0.0176606	1056.56	8.67504	
0.0-2.4	10.0-13.0	0.0-100.0	0.000-1.571	0.008	0.136	6393.0	6391.0	4724.22	77.4531	1666.82	54.2372	-0.556483	0.102387	-0.05	0.0	0.358029	0.0716131	3.09193	0.000581481	0.0212118	0.00178977	0.0415479	0.00232025	0.03	0.0	1.492	0.0	5.0	0.0	1.733	0.0	0.035627	0.0010964	1.25623e-05	9.06713e-05	0.246995	0.00761473	0.0553454	0.0788853	0.000212513	0.0144851	0.000128634	0.000532011	2.09412	0.553674	0.921632	0.0158272	0.670369	0.0438109	0.906918	0.120762	0.232888	0.0786809	0.0405062	0.0130346	0.19773	0.0131754	0.106062	0.051264	-12644.4	4.0	6.02066e-05	-55848.3	7.0	3.53063e-06	1.0	3209.9	69.2392	1514.32	51.3903	0.320545	0.00952438	1022.3	75.3877	
0.0-2.4	10.0-30.0	0.0-100.0	0.000-1.571	0.004	0.144	9789.0	9787.0	7318.24	96.4322	2468.74	66.7024	-0.563259	0.0844155	-0.05	0.0	0.413103	0.0550215	3.0926	0.000457304	0.0220519	0.00129033	0.0435766	0.00202747	0.03	0.0	1.492	0.0	5.0	0.0	1.733	0.0	0.0362678	0.000907927	1.0177e-05	0.00195203	0.232462	0.0056243	0.0477214	0.0592155	-0.000892962	0.00748279	-0.000421781	0.000407494	2.03646	0.461587	0.939999	0.0130189	0.817272	0.0608884	0.866989	0.159436	0.299098	0.10128	0.0640225	0.0113515	0.206507	0.0100574	0.0293869	0.0210722	-19797.9	4.0	7.8629e-07	-89906.9	7.0	2.39383e-06	1.0	4805.31	85.5736	2512.93	66.4075	0.343379	0.00786569	1019.48	52.5599	
0.0-2.4	11.0-13.0	0.0-100.0	0.000-1.571	0.008	0.105	3294.0	3292.0	2493.68	55.8503	798.365	37.7351	-0.727192	0.149266	-0.05	0.0	0.43367	0.0834329	3.09236	0.000800084	0.0222608	0.00201141	0.046638	0.00377262	0.03	0.0	1.492	0.0	5.0	0.0	1.733	0.0	0.0380359	0.0016215	4.93653e-05	0.000238442	0.262047	0.0106241	0.0328637	0.0389686	-0.000371389	0.0145275	0.000605908	0.000734417	2.53131	0.734887	0.942449	0.022614	0.790718	0.0791649	0.637297	0.0612137	3.54002e-07	0.109504	0.07017	0.0175489	0.211021	0.0157954	0.0200001	0.00744254	-6435.68	4.0	2.99164e-07	-26670.9	7.0	9.32832e-06	1.0	1632.69	49.1855	860.986	38.1302	0.345267	0.0131912	1034.21	60.6297	
0.0-2.4	13.0-16.0	0.0-100.0	0.000-1.571	0.008	0.08	2036.0	2031.0	1602.02	44.9976	428.976	29.1882	-0.381643	0.20661	-0.05	0.0	0.558443	0.0993195	3.09373	0.000981728	0.0244771	0.00256183	0.0550921	0.00628231	0.03	0.0	1.492	0.0	5.0	0.0	1.733	0.0	0.0409239	0.0024195	1.00002e-05	0.000966722	0.246825	0.0131772	0.0326157	0.0670782	-0.00999634	0.0183094	0.00164072	0.000888341	1.86063	0.773549	1.00192	0.0290732	0.92955	0.163255	0.696309	0.204866	0.112371	0.0627084	0.045895	0.0241343	0.186435	0.0211098	0.0409445	0.0108564	-4346.43	4.0	2.02669e-05	-15606.2	7.0	0.000133893	1.0	1093.27	40.4052	508.754	29.8968	0.31757	0.0163922	1041.16	47.5272	
0.0-2.4	13.0-30.0	0.0-100.0	0.000-1.571	0.008	0.105	3396.0	3396.0	2598.92	57.205	797.16	38.3497	-0.580122	0.14884	-0.05	0.0	0.499123	0.0796761	3.09388	0.000747846	0.0231311	0.00180089	0.0477432	0.00383547	0.03	0.0	1.492	0.0	5.0	0.0	1.733	0.0	0.0375335	0.00155775	2.10356e-05	0.0045896	0.210242	0.00819593	0.0347602	0.122355	-0.00537756	0.015369	-0.000336725	0.000637202	1.80759	0.989032	0.962005	0.022799	0.84157	0.118877	0.929789	0.20786	0.362606	0.075965	0.0425222	0.0123764	0.224707	0.0192561	0.0391604	0.0313748	-7168.8	4.0	8.43092e-06	-27747.4	7.0	1.65483e-05	1.0	1599.17	50.0036	999.746	41.7803	0.384678	0.0136655	1003.42	78.5301	
0.0-2.4	16.0-30.0	0.0-100.0	0.000-1.571	0.008	0.064	1359.0	1358.0	1002.28	35.4004	355.72	24.6263	-0.805628	0.222911	-0.05	0.0	0.232885	0.19104	3.09448	0.00131077	0.0199626	0.00448723	0.0341839	0.00455006	0.03	0.0	1.492	0.0	5.0	0.0	1.733	0.0	0.0314517	0.00225281	5.46616e-05	1.05755	0.18375	0.010524	0.461092	0.573416	0.00155876	0.00498774	-0.00354611	0.00121482	1.33655	0.440517	0.747162	0.0425238	0.847313	16.0976	0.958295	13.9496	0.451317	15.2372	0.00711256	1.85612	0.270531	0.137917	0.0597672	0.265706	-2851.66	4.0	3.43343e-05	-9808.1	7.0	5.37221e-05	1.0	555.974	29.0936	446.305	26.6329	0.44529	0.0214181	1060.44	209.793	
0.0-2.4	6.5-30.0	0.0-10.0	0.000-1.571	0.008	0.184	18508.0	18508.0	8591.98	110.109	9917.21	115.969	-0.0737282	0.0391977	-0.05	0.0	0.407564	0.0	3.09262	0.0	0.0474889	0.0	0.0246202	0.000585153	0.03	0.0	1.492	0.0	5.0	0.0	1.733	0.0	0.0357525	0.000119362	3.80561e-05	6.9663e-05	0.250616	0.00655336	0.19482	0.0	0.00388614	0.0	0.0014611	0.000446484	1.71004	0.0	0.959375	0.0120438	0.81076	0.0897953	0.47111	0.0966867	0.478643	0.0492107	0.129342	0.0258378	0.206307	0.0132487	0.0630834	0.0142357	-26385.5	4.0	5.71317e-05	-172368.0	4.0	9.12094e-05	1.0	6210.27	102.023	2381.72	70.7556	0.277202	0.00742944	1144.9	4.06301	
0.0-2.4	6.5-30.0	0.0-100.0	0.000-1.571	0.004	0.128	48222.0	48133.0	27006.3	209.11	21126.4	194.387	-0.153595	0.0276917	-0.05	0.0	0.407564	0.0269136	3.09262	0.000255509	0.0474889	0.0012699	0.0247186	0.00050544	0.03	0.0	1.492	0.0	5.0	0.0	1.733	0.0	0.0357928	0.000473399	3.69757e-05	6.79802e-05	0.25359	0.00367658	0.19482	0.0809237	0.00388614	0.00250476	0.00171766	0.000249696	1.71004	0.123875	0.917754	0.00662502	0.589522	0.0272766	0.943036	0.0132673	0.498188	0.0220868	0.0571067	0.00440261	0.18072	0.00527949	0.301242	0.0443435	-77569.1	4.0	3.889e-08	-501584.0	7.0	2.21975e-05	1.0	19626.4	186.414	7379.93	122.153	0.273267	0.00399771	1117.09	42.0442	
0.0-2.4	6.5-30.0	0.0-5.0	0.000-1.571	0.008	0.184	10121.0	10121.0	4676.8	81.4415	5444.99	86.0272	0.0362045	0.0528512	-0.05	0.0	0.407564	0.0	3.09262	0.0	0.0474889	0.0	0.0237605	0.000794064	0.03	0.0	1.492	0.0	5.0	0.0	1.733	0.0	0.0354062	0.000157849	3.80561e-05	6.9663e-05	0.276675	0.00971205	0.19482	0.0	0.00388614	0.0	0.0037525	0.000620922	1.71004	0.0	1.01922	0.0168578	0.666353	0.136107	0.751605	0.118337	0.57925	0.0722322	0.048998	0.0283438	0.164443	0.0118501	0.139918	0.0260041	-14272.1	4.0	1.45681e-07	-88156.5	4.0	6.52743e-05	1.0	3413.93	75.1746	1262.88	50.9957	0.27003	0.00983793	1185.8	5.83336	
0.0-2.4	6.5-30.0	10.0-15.0	0.000-1.571	0.008	0.152	6424.0	6422.0	3292.36	66.9561	3129.42	65.7272	-0.163307	0.0699736	-0.05	0.0	0.407564	0.0	3.09262	0.0	0.0474889	0.0	0.0246901	0.000878424	0.03	0.0	1.492	0.0	5.0	0.0	1.733	0.0	0.0357811	0.00017955	1.79985e-05	0.004591	0.271655	0.010853	0.19482	0.0	0.00388614	0.0	0.00417927	0.000722767	1.71004	0.0	0.921367	0.019024	0.404603	0.043972	0.854164	0.0553145	0.320305	0.068001	0.0307016	0.00543189	0.159798	0.0145322	0.149512	0.0353253	-9648.45	4.0	8.99453e-05	-53455.2	4.0	1.1011e-05	1.0	2353.45	61.0483	938.911	42.4354	0.285179	0.0115105	1119.48	6.30349	
0.0-2.4	6.5-30.0	10.0-20.0	0.000-1.571	0.008	0.16	11657.0	11655.0	6252.41	91.284	5402.05	86.5004	-0.15777	0.0533112	-0.05	0.0	0.407564	0.0	3.09262	0.0	0.0474889	0.0	0.025053	0.000660906	0.03	0.0	1.492	0.0	5.0	0.0	1.733	0.0	0.0359302	0.000136506	1.00282e-05	0.000232918	0.261437	0.00761268	0.19482	0.0	0.00388614	0.0	0.0019783	0.000540961	1.71004	0.0	0.924989	0.0141922	0.462293	0.0851227	0.874862	0.0247888	0.355347	0.0947303	0.0346149	0.00579011	0.151869	0.011237	0.307366	0.0346798	-17603.2	4.0	1.86057e-05	-104397.0	4.0	2.73702e-05	1.0	4419.54	83.6163	1832.87	59.5345	0.293146	0.00850578	1121.88	4.7109	
0.0-2.4	6.5-30.0	15.0-20.0	0.000-1.571	0.008	0.16	5233.0	5233.0	2957.61	61.9796	2275.64	56.206	-0.149176	0.0822205	-0.05	0.0	0.407564	0.0	3.09262	0.0	0.0474889	0.0	0.0254789	0.00100303	0.03	0.0	1.492	0.0	5.0	0.0	1.733	0.0	0.0361072	0.000209657	1.00282e-05	0.000232918	0.254583	0.0105877	0.19482	0.0	0.00388614	0.0	-0.00217646	0.000808996	1.71004	0.0	0.936913	0.0208679	0.710097	0.0834731	0.795226	0.0449725	0.4888	0.0547233	0.0508077	0.0134176	0.146832	0.0172424	0.384224	0.0518703	-7995.82	4.0	3.80919e-07	-42933.5	4.0	0.0001074	1.0	2059.25	57.1861	898.358	41.9814	0.303745	0.0126871	1129.82	6.96677	
0.0-2.4	6.5-30.0	20.0-25.0	0.000-1.571	0.008	0.145	4323.0	4323.0	2563.52	56.8022	1759.41	49.2187	-0.23036	0.0937665	-0.05	0.0	0.407564	0.0	3.09262	0.0	0.0474889	0.0	0.0235193	0.000902613	0.03	0.0	1.492	0.0	5.0	0.0	1.733	0.0	0.0353107	0.000178087	3.69686e-05	0.0287936	0.246268	0.011996	0.19482	0.0	0.00388614	0.0	0.00190843	0.000742801	1.71004	0.0	0.826187	0.0195385	0.48622	0.0536924	0.65085	0.153872	0.244856	0.103435	0.0424679	0.0090759	0.189226	0.0204178	0.0435063	0.01472	-7733.7	4.0	6.72717e-05	-34917.0	4.0	3.36079e-06	1.0	1930.31	52.8334	633.215	34.0415	0.24701	0.0120988	1057.97	6.14271	
0.0-2.4	6.5-30.0	20.0-30.0	0.000-1.571	0.008	0.152	7992.0	7992.0	4887.12	77.8883	3104.57	65.4555	-0.143473	0.0705745	-0.05	0.0	0.407564	0.0	3.09262	0.0	0.0474889	0.0	0.0235669	0.000632574	0.03	0.0	1.492	0.0	5.0	0.0	1.733	0.0	0.0353295	0.000124994	1.79985e-05	0.004591	0.268269	0.00889504	0.19482	0.0	0.00388614	0.0	0.00183395	0.000558238	1.71004	0.0	0.851386	0.0147604	0.516473	0.0822569	0.784931	0.177128	0.345639	0.0946525	0.0439714	0.00682609	0.175491	0.0133127	0.0379979	0.019433	-14155.5	4.0	4.92245e-06	-69739.3	4.0	3.28763e-05	1.0	3559.04	71.6805	1328.07	48.6693	0.27175	0.00896761	1073.94	4.71096	
0.0-2.4	6.5-30.0	25.0-30.0	0.000-1.571	0.008	0.136	3669.0	3664.0	2318.73	53.2503	1345.11	43.1529	-0.028443	0.107233	-0.05	0.0	0.407564	0.0	3.09262	0.0	0.0474889	0.0	0.0236065	0.000884538	0.03	0.0	1.492	0.0	5.0	0.0	1.733	0.0	0.0353452	0.000174997	3.37928e-05	7.02542e-05	0.286993	0.0129487	0.19482	0.0	0.00388614	0.0	0.00160369	0.000846627	1.71004	0.0	0.885039	0.0224011	0.57757	0.121196	0.981236	0.0573445	0.505493	0.101941	0.0423494	0.0135491	0.165322	0.0144371	0.131277	0.143682	-6426.84	4.0	6.82649e-05	-29267.8	4.0	2.4743e-05	1.0	1621.06	48.4476	697.669	34.8991	0.300884	0.013371	1095.62	7.28506	
0.0-2.4	6.5-30.0	30.0-35.0	0.000-1.571	0.008	0.128	2781.0	2779.0	1696.39	46.4365	1082.37	39.2729	-0.304565	0.119922	-0.05	0.0	0.407564	0.0	3.09262	0.0	0.0474889	0.0	0.0250573	0.00125581	0.03	0.0	1.492	0.0	5.0	0.0	1.733	0.0	0.035932	0.00025941	3.69757e-05	6.79802e-05	0.221496	0.0148397	0.19482	0.0	0.00388614	0.0	0.00120076	0.000975072	1.71004	0.0	0.882376	0.0250935	0.586019	0.0646652	0.772044	0.766157	0.364376	0.310715	0.0559479	0.0100629	0.229272	0.0229369	0.0200076	0.282463	-5024.55	4.0	1.57862e-05	-21253.8	4.0	2.38763e-05	1.0	1306.67	44.3626	389.711	28.3275	0.22973	0.0154694	1093.89	8.14899	
0.0-2.4	6.5-30.0	30.0-40.0	0.000-1.571	0.008	0.128	4781.0	4779.0	3123.07	61.7745	1655.56	48.4625	-0.319056	0.0972662	-0.05	0.0	0.407564	0.0	3.09262	0.0	0.0474889	0.0	0.0248937	0.00083987	0.03	0.0	1.492	0.0	5.0	0.0	1.733	0.0	0.0358646	0.000172682	3.69757e-05	6.79802e-05	0.210858	0.00968405	0.19482	0.0	0.00388614	0.0	0.000765153	0.000710489	1.71004	0.0	0.841226	0.0179422	0.701229	0.0853438	0.629766	0.16324	0.409403	0.0747781	0.0648895	0.0131579	0.248036	0.0250136	0.0593401	0.0142618	-9043.91	4.0	1.04896e-06	-39556.9	4.0	3.85904e-05	1.0	2306.55	58.933	816.518	40.6501	0.261447	0.0119446	1067.47	5.69239	
0.0-2.4	6.5-30.0	35.0-40.0	0.000-1.571	0.008	0.12	1999.0	1999.0	1421.0	40.719	577.921	28.5488	-0.343601	0.165278	-0.05	0.0	0.407564	0.0	3.09262	0.0	0.0474889	0.0	0.0246171	0.00111681	0.03	0.0	1.492	0.0	5.0	0.0	1.733	0.0	0.0357513	0.000227792	3.63218e-05	5.72307e-05	0.202799	0.0124859	0.19482	0.0	0.00388614	0.0	0.000850664	0.0010285	1.71004	0.0	0.799025	0.0256716	0.999983	1.42636	0.363224	0.0697614	0.412196	0.0376663	0.0943982	1.1981	0.284649	0.0316632	0.0815945	0.00909037	-4040.15	4.0	3.61253e-06	-15063.6	4.0	5.39133e-06	1.0	997.473	38.5637	423.525	28.5914	0.298048	0.0182181	1041.04	7.93249	
0.0-2.4	6.5-30.0	40.0-45.0	0.000-1.571	0.008	0.12	1535.0	1533.0	1118.89	36.0498	414.085	24.389	-0.375869	0.195767	-0.05	0.0	0.407564	0.0	3.09262	0.0	0.0474889	0.0	0.0229142	0.001168	0.03	0.0	1.492	0.0	5.0	0.0	1.733	0.0	0.0350742	0.000226031	3.63218e-05	5.72307e-05	0.247621	0.0180298	0.19482	0.0	0.00388614	0.0	-0.000754588	0.00120793	1.71004	0.0	0.826345	0.0329111	0.594617	0.114479	0.581934	0.140773	0.0413441	0.109662	0.0279152	0.0107139	0.368045	0.0551836	0.0492681	0.0147339	-3104.37	4.0	5.37003e-05	-11230.7	4.0	1.64616e-06	1.0	839.089	33.7883	279.802	22.182	0.250071	0.0181139	1058.07	10.3479	
0.0-2.4	6.5-30.0	40.0-50.0	0.000-1.571	0.008	0.136	2744.0	2741.0	2021.45	48.373	719.518	32.2192	-0.862467	0.151819	-0.05	0.0	0.407564	0.0	3.09262	0.0	0.0474889	0.0	0.0246381	0.000944211	0.03	0.0	1.492	0.0	5.0	0.0	1.733	0.0	0.0357599	0.000192705	3.37928e-05	7.02542e-05	0.257369	0.0130639	0.19482	0.0	0.00388614	0.0	-0.00168802	0.000877843	1.71004	0.0	0.79031	0.0242313	0.665483	0.352837	0.647821	0.32479	9.54127e-08	0.686553	0.0267682	0.0150951	0.289403	0.0272018	0.0324468	0.015631	-5386.03	4.0	5.06706e-06	-21656.7	4.0	1.19601e-06	1.0	1454.33	44.833	567.116	31.3528	0.28055	0.0139818	1035.67	7.44419	
0.0-2.4	6.5-30.0	45.0-50.0	0.000-1.571	0.008	0.136	1209.0	1207.0	905.083	32.267	301.887	20.928	-1.57111	0.247767	-0.05	0.0	0.407564	0.0	3.09262	0.0	0.0474889	0.0	0.0271208	0.00164854	0.03	0.0	1.492	0.0	5.0	0.0	1.733	0.0	0.0368089	0.0003598	3.37928e-05	7.02542e-05	0.267041	0.0186124	0.19482	0.0	0.00388614	0.0	-0.00263402	0.00125947	1.71004	0.0	0.732579	0.0349026	0.68383	0.82372	0.775155	0.882015	0.0068979	1.02741	0.0287733	0.013617	0.232661	0.0313724	0.0260782	0.0226815	-2299.27	4.0	1.85649e-05	-8548.0	4.0	3.1436e-06	1.0	612.453	29.3727	292.63	22.2452	0.323319	0.0217075	1000.91	10.2844	
0.0-2.4	6.5-30.0	5.0-10.0	0.000-1.571	0.008	0.112	8386.0	8353.0	3914.47	73.9897	4438.93	77.4517	-0.194642	0.0586967	-0.05	0.0	0.407564	0.0	3.09262	0.0	0.0474889	0.0	0.0255461	0.000838778	0.03	0.0	1.492	0.0	5.0	0.0	1.733	0.0	0.0361353	0.000175651	3.69703e-05	0.0265992	0.221951	0.00871757	0.19482	0.0	0.00388614	0.0	5.79304e-05	0.000649907	1.71004	0.0	0.920115	0.0174202	0.961167	0.0788693	0.258446	0.0468536	0.423957	0.0480882	0.189126	0.120354	0.275405	0.0236344	0.0770741	0.00945485	-12127.3	4.0	3.84907e-07	-71167.4	4.0	2.00472e-05	1.0	2796.13	68.8976	1118.34	48.9945	0.285695	0.0112914	1118.65	5.76851	
0.0-2.4	6.5-30.0	50.0-100.0	0.000-1.571	0.008	0.088	2538.0	2522.0	2102.24	48.4024	419.691	25.6967	-0.474654	0.198864	-0.05	0.0	0.407564	0.0	3.09262	0.0	0.0474889	0.0	0.0257466	0.00101098	0.03	0.0	1.492	0.0	5.0	0.0	1.733	0.0	0.0362195	0.000212879	3.69533e-05	0.0259228	0.255879	0.0139596	0.19482	0.0	0.00388614	0.0	0.00263244	0.000866123	1.71004	0.0	0.846257	0.02372	0.805952	0.0142262	0.999999	1.96846	0.299737	0.0138513	0.0188595	0.00349407	0.235977	0.0053914	0.0201276	5.0546	-5818.88	4.0	1.36798e-05	-20263.2	4.0	3.09654e-06	1.0	1606.92	45.9441	495.327	29.5309	0.235618	0.0129576	1070.67	7.54789	
0.0-2.4	6.5-30.0	50.0-55.0	0.000-1.571	0.008	0.08	893.0	883.0	721.897	28.5189	161.157	15.8935	-0.406183	0.318233	-0.05	0.0	0.407564	0.0	3.09262	0.0	0.0474889	0.0	0.0274151	0.00180531	0.03	0.0	1.492	0.0	5.0	0.0	1.733	0.0	0.0369378	0.000396902	1.00002e-05	2.73951e-05	0.183358	0.0192368	0.19482	0.0	0.00388614	0.0	0.00238506	0.00166817	1.71004	0.0	0.90851	0.0492683	0.547483	0.298947	0.912093	0.883388	2.51791e-05	0.983928	0.0265644	0.0184057	0.21212	0.0390204	0.0216847	0.23009	-2068.39	4.0	3.01767e-06	-6118.14	4.0	4.16598e-05	1.0	562.749	28.6705	159.147	19.1645	0.220457	0.0250782	1110.98	16.22	
0.0-2.4	6.5-30.0	50.0-60.0	0.000-1.571	0.008	0.08	1445.0	1432.0	1187.78	36.4947	244.253	19.7078	-0.448511	0.260322	-0.05	0.0	0.407564	0.0	3.09262	0.0	0.0474889	0.0	0.0274084	0.00140644	0.03	0.0	1.492	0.0	5.0	0.0	1.733	0.0	0.0369349	0.000309157	1.00002e-05	2.73951e-05	0.182552	0.0143546	0.19482	0.0	0.00388614	0.0	0.00292704	0.00123071	1.71004	0.0	0.86579	0.0344549	0.688614	0.836524	0.711699	0.851886	0.0105981	0.94587	0.0192592	0.0236415	0.279006	0.041343	0.0200013	0.0560447	-3362.23	4.0	2.61729e-08	-10648.8	4.0	3.5608e-05	1.0	907.666	36.1689	280.113	24.5868	0.235829	0.0193902	1083.17	11.0874	
0.0-2.4	6.5-30.0	55.0-60.0	0.000-1.571	0.008	0.073	552.0	546.0	463.995	22.6889	82.0164	11.5246	-0.544982	0.4523	-0.05	0.0	0.407564	0.0	3.09262	0.0	0.0474889	0.0	0.0272255	0.00219939	0.03	0.0	1.492	0.0	5.0	0.0	1.733	0.0	0.0368547	0.000481279	3.34445e-05	6.9324e-05	0.184608	0.0216757	0.19482	0.0	0.00388614	0.0	0.00423199	0.0017763	1.71004	0.0	0.80529	0.0471309	0.665289	0.830219	0.974477	0.678842	0.201967	0.839182	0.00708058	9.71879e-07	0.389434	0.0929218	0.0200039	1.11748	-1296.81	4.0	1.72379e-06	-3560.17	4.0	1.18198e-05	1.0	345.144	21.9484	118.851	15.1878	0.256148	0.0302414	1044.92	14.6231	
0.0-2.4	6.5-30.0	60.0-100.0	0.000-1.571	0.008	0.088	1092.0	1085.0	908.512	31.6852	176.473	16.4906	-0.51596	0.305559	-0.05	0.0	0.407564	0.0	3.09262	0.0	0.0474889	0.0	0.0228787	0.00137633	0.03	0.0	1.492	0.0	5.0	0.0	1.733	0.0	0.0350605	0.00026604	3.69533e-05	0.0259228	0.328974	0.0249338	0.19482	0.0	0.00388614	0.0	0.00230922	0.001205	1.71004	0.0	0.781886	0.0317502	0.804094	0.0197927	1.0	1.23836	0.209424	0.0238645	0.0382838	0.00519619	0.196961	0.00745845	0.166502	5.27094	-2478.89	4.0	1.0535e-05	-7853.79	4.0	1.70703e-06	1.0	676.502	29.0624	232.01	18.7999	0.255374	0.0186784	1030.51	9.69844	
0.0-2.4	6.5-30.0	60.0-70.0	0.000-1.571	0.008	0.088	716.0	711.0	600.553	25.6506	110.489	12.9581	-0.625385	0.38671	-0.05	0.0	0.407564	0.0	3.09262	0.0	0.0474889	0.0	0.0206866	0.00156748	0.03	0.0	1.492	0.0	5.0	0.0	1.733	0.0	0.0342441	0.00028049	3.69533e-05	0.0259228	0.366047	0.0331563	0.19482	0.0	0.00388614	0.0	0.00226714	0.00148842	1.71004	0.0	0.795315	0.0387594	0.999915	0.0715094	1.0	2.26953	0.499519	0.0271648	0.00710188	1.38e-08	0.224344	0.0137062	0.0200269	14.5669	-1633.82	4.0	3.40853e-05	-4875.59	4.0	2.63021e-05	1.0	442.331	23.2547	158.223	15.1499	0.263462	0.0225777	1038.75	11.9473	
0.0-2.4	6.5-30.0	70.0-100.0	0.000-1.571	0.016	0.073	376.0	372.0	305.776	18.5337	66.1877	10.1947	-0.344839	0.492886	-0.05	0.0	0.407564	0.0	3.09262	0.0	0.0474889	0.0	0.026197	0.00266991	0.03	0.0	1.492	0.0	5.0	0.0	1.733	0.0	0.0364104	0.00056903	3.69173e-05	0.0282483	0.245346	0.0334784	0.19482	0.0	0.00388614	0.0	0.00218792	0.00219313	1.71004	0.0	0.822279	0.0583521	0.800463	0.105099	1.0	0.0134607	1.77917e-06	0.0897101	0.0457667	0.0348581	0.161542	0.0330519	2.18915	2.07779	-843.788	4.0	7.19066e-06	-2268.18	4.0	1.33658e-05	1.0	229.936	17.4023	75.8404	11.3901	0.248026	0.0340816	1055.52	18.301	
0.0-2.4	6.5-7.5	0.0-100.0	0.000-1.571	0.016	0.16	18396.0	18391.0	7796.09	134.644	10595.1	144.627	0.014244	0.0394076	-0.05	0.0	0.314946	0.0673278	3.09097	0.000554111	0.0552593	0.00489179	0.0282665	0.0012131	0.03	0.0	1.492	0.0	5.0	0.0	1.733	0.0	0.0388468	0.00149883	8.17783e-05	0.000350179	0.242956	0.00832398	0.206936	0.0943215	0.00999971	0.0031414	0.00334549	0.00048086	1.88995	0.200823	0.950573	0.0107733	0.482414	0.0261064	0.893124	0.0242534	0.569819	0.0332243	0.0591476	0.00573903	0.138668	0.0113063	0.316051	0.0381632	-25738.2	4.0	4.74341e-05	-169707.0	7.0	5.85453e-05	1.0	6264.81	122.41	1531.28	63.062	0.196416	0.00734327	1206.55	61.5647	
0.0-2.4	6.5-8.0	0.0-100.0	0.000-1.571	0.016	0.16	24934.0	24928.0	11101.7	126.519	13826.2	136.861	-0.0599587	0.0342226	-0.05	0.0	0.458021	0.0431173	3.09135	0.00043687	0.045	0.000377844	0.0263541	0.00103502	0.03	0.0	1.492	0.0	5.0	0.0	1.733	0.0	0.0361098	0.00045964	2.99332e-05	0.00458551	0.283353	0.00732989	0.247328	0.092515	0.00999999	0.0035556	0.00276325	0.000413047	1.76918	0.144226	0.912467	0.00954531	0.504665	0.0384617	0.893974	0.0237945	0.547517	0.0314083	0.0585274	0.00603358	0.148702	0.008136	0.278117	0.0335133	-35349.3	4.0	6.17288e-05	-238796.0	7.0	3.5301e-06	1.0	8707.78	119.163	2393.94	71.3881	0.215637	0.00594226	1183.56	52.2882	
0.0-2.4	7.5-8.5	0.0-100.0	0.000-1.571	0.008	0.184	11429.0	11429.0	6596.64	100.752	4832.34	91.5782	-0.19812	0.0592335	-0.05	0.0	0.478779	0.0669644	3.09129	0.000514932	0.0238698	0.00137288	0.048243	0.00333211	0.03	0.0	1.492	0.0	5.0	0.0	1.733	0.0	0.038547	0.0013436	8.69412e-05	0.000593911	0.297234	0.00898693	0.237333	0.116679	0.00999999	0.0164169	0.00211687	0.000553753	1.6166	0.148917	0.886031	0.0145314	0.508027	0.0517559	0.897805	0.0489187	0.425146	0.0512485	0.0476546	0.00688664	0.192801	0.0110526	0.184608	0.0484232	-18234.3	4.0	9.09628e-07	-102834.0	7.0	3.79224e-06	1.0	4932.38	91.1186	1664.26	57.2155	0.252289	0.00777051	1104.07	54.979	
0.0-2.4	8.0-10.0	0.0-100.0	0.000-1.571	0.008	0.184	13498.0	13498.0	8538.69	112.517	4959.26	95.2885	-0.180481	0.057436	-0.05	0.0	0.451791	0.0471294	3.09319	0.000426036	0.0456856	0.00185906	0.0225771	0.000970439	0.03	0.0	1.492	0.0	5.0	0.0	1.733	0.0	0.0349629	0.000783085	8.20597e-05	0.000220638	0.248711	0.00630252	0.223708	0.161679	0.000490489	0.00440365	0.00238187	0.000470952	1.60773	0.189825	0.89977	0.0127698	0.588183	0.0595038	0.980558	0.0142278	0.466182	0.0531184	0.0471419	0.00639898	0.230323	0.0105496	0.315439	0.17444	-23690.6	4.0	2.65456e-05	-125462.0	7.0	3.26581e-06	1.0	6103.4	100.593	2435.29	68.4125	0.285207	0.00707592	1098.5	72.4481	
0.0-2.4	8.5-9.5	0.0-100.0	0.000-1.571	0.008	0.12	6348.0	6339.0	4073.67	76.4715	2265.28	63.5496	-0.197039	0.0845736	-0.05	0.0	0.475181	0.0644655	3.09432	0.000605601	0.0440895	0.00241309	0.0224048	0.00124424	0.03	0.0	1.492	0.0	5.0	0.0	1.733	0.0	0.0344549	0.00101892	6.95629e-05	0.856416	0.242198	0.00815094	0.195257	0.140777	-0.00999932	0.0168172	0.00196195	0.000685431	1.55521	0.187671	0.899228	0.0184907	0.705815	0.144296	0.765923	0.227754	0.410604	0.0969235	0.0458158	0.0154096	0.225019	0.0178592	0.0476223	0.0232865	-11144.5	4.0	1.79873e-06	-54301.1	7.0	6.80695e-06	1.0	2767.92	67.3971	1305.75	49.4305	0.320534	0.0105372	1059.71	60.1843	
0.0-2.4	9.5-11.0	0.0-100.0	0.000-1.571	0.008	0.136	5358.0	5354.0	3755.35	73.9247	1598.69	57.5081	-0.329633	0.103357	-0.05	0.0	0.369063	0.0755651	3.09233	0.000633213	0.0475156	0.00345962	0.024313	0.00153272	0.03	0.0	1.492	0.0	5.0	0.0	1.733	0.0	0.0347305	0.00130355	1.00134e-05	0.000394123	0.254145	0.0096379	0.411816	0.288493	0.0022233	0.00388478	0.000787129	0.000730562	1.51553	0.180886	0.730363	0.0209648	0.607214	0.124984	0.696674	0.0966814	0.188906	0.142136	0.0178391	0.0127242	0.24171	0.0195232	0.073734	0.0156351	-10327.7	4.0	4.23328e-07	-45500.6	7.0	7.32891e-06	1.0	2712.16	65.6196	1043.19	43.327	0.277789	0.0101592	1122.33	124.044	
0.4-0.8	6.5-30.0	0.0-100.0	0.000-1.571	0.008	0.073	5849.0	5849.0	3815.53	71.3595	2033.24	57.5231	-0.0198009	0.0890977	-0.05	0.0	0.688892	0.0674529	3.09326	0.000459189	0.0207893	0.000798766	0.0369249	0.00338791	0.03	0.0	1.492	0.0	5.0	0.0	1.733	0.0	0.0268685	0.000954709	1.07909e-05	6.48731e-06	0.278156	0.010031	0.164736	0.163076	-0.00113548	0.00593586	-0.000859962	0.000591395	1.82366	0.359661	0.921605	0.0177087	0.711297	0.0731322	0.872979	0.0351684	0.473339	0.0515888	0.0555528	0.0159254	0.196824	0.017937	0.440978	0.0857663	-11404.3	4.0	0.000101222	-50637.4	7.0	6.27534e-05	1.0	2673.63	62.7082	1141.9	43.4521	0.299277	0.00991783	1121.3	102.3	
0.8-1.2	6.5-30.0	0.0-100.0	0.000-1.571	0.008	0.105	9632.0	9628.0	5565.09	95.8487	4062.97	87.6585	0.0368489	0.0650759	-0.05	0.0	0.363691	0.0901764	3.09253	0.000568516	0.028131	0.00267189	0.0339138	0.00252499	0.03	0.0	1.492	0.0	5.0	0.0	1.733	0.0	0.0319321	0.00098758	3.76156e-05	0.000218351	0.290369	0.00830112	0.510138	0.279061	0.00698866	0.00378923	-0.000170677	0.000668109	1.44442	0.131788	0.713231	0.0179336	0.528372	0.0468546	0.901069	0.0332144	0.451818	0.0423635	0.0515427	0.00659753	0.19436	0.0114124	0.257394	0.0497386	-15409.5	4.0	5.14176e-06	-85342.9	7.0	3.0433e-06	1.0	3849.78	81.0984	1715.31	55.257	0.308227	0.00839091	1146.09	105.001	
1.2-1.6	6.5-30.0	0.0-10.0	0.000-1.571	0.008	0.136	4637.0	4632.0	1984.7	54.4773	2647.25	60.2508	0.0749746	0.0757477	-0.05	0.0	0.49116	0.0	3.09122	0.0	0.0453145	0.0	0.0322398	0.00175137	0.03	0.0	1.492	0.0	5.0	0.0	1.733	0.0	0.0392102	0.000366372	2.31047e-05	0.000294422	0.229973	0.0122799	0.103775	0.0	0.00999984	0.0	0.00144024	0.000823845	2.09199	0.0	0.876524	0.0222532	0.919045	0.0808681	0.282346	0.0569481	0.292739	0.0830895	0.181093	0.0989782	0.21074	0.0201279	0.0541578	0.00778275	-6273.52	4.0	4.17325e-08	-36370.6	4.0	1.359e-05	1.0	1381.68	50.2835	603.017	36.9333	0.303834	0.0166356	1068.98	8.17659	
1.2-1.6	6.5-30.0	0.0-100.0	0.000-1.571	0.008	0.136	11917.0	11902.0	6293.09	109.524	5608.78	106.334	-0.0938365	0.0561167	-0.05	0.0	0.49116	0.0939946	3.09122	0.000650709	0.0453145	0.00234743	0.0314612	0.00178491	0.03	0.0	1.492	0.0	5.0	0.0	1.733	0.0	0.038887	0.000999662	2.31047e-05	0.000294422	0.222196	0.00700537	0.103775	0.0507441	0.00999984	0.0195355	0.00165094	0.000499307	2.09199	0.256609	0.947063	0.0130182	0.746604	0.0918004	0.475818	0.0976289	0.352084	0.0886882	0.0984353	0.0190625	0.210298	0.013609	0.04231	0.010446	-18378.6	4.0	6.00572e-07	-106373.0	7.0	3.68276e-05	1.0	4578.28	97.496	1714.82	63.6184	0.272492	0.00892783	1121.61	46.7957	
1.2-1.6	6.5-30.0	10.0-20.0	0.000-1.571	0.008	0.128	2812.0	2804.0	1453.84	45.7716	1350.55	44.6306	-0.190596	0.106661	-0.05	0.0	0.49116	0.0	3.09122	0.0	0.0453145	0.0	0.035811	0.00255694	0.03	0.0	1.492	0.0	5.0	0.0	1.733	0.0	0.0407566	0.000571597	2.94195e-05	0.000284662	0.203709	0.0123037	0.103775	0.0	0.00999984	0.0	0.00261478	0.0011266	2.09199	0.0	1.05229	0.0283873	0.593028	0.0286716	0.999931	4.96618	0.613887	0.0678453	0.0994549	0.0122768	0.168707	0.0160683	0.020864	20.9629	-4195.93	4.0	4.64275e-08	-20907.4	4.0	0.000110458	1.0	997.276	42.7513	456.559	32.3802	0.314038	0.0199575	1202.73	11.1296	
1.2-1.6	6.5-30.0	20.0-30.0	0.000-1.571	0.008	0.105	2032.0	2027.0	1174.88	38.8312	852.327	34.425	-0.0850616	0.134348	-0.05	0.0	0.49116	0.0	3.09122	0.0	0.0453145	0.0	0.0271655	0.00187145	0.03	0.0	1.492	0.0	5.0	0.0	1.733	0.0	0.0372029	0.000347673	1.00889e-05	0.00459463	0.233001	0.0168639	0.103775	0.0	0.00999984	0.0	-2.98846e-06	0.00111366	2.09199	0.0	0.962741	0.0267576	0.485488	0.266831	0.726129	0.746588	0.289517	0.248541	0.0281347	0.00924867	0.147924	0.0219331	0.027705	0.0153855	-3588.69	4.0	1.02573e-06	-14737.0	4.0	0.000113396	1.0	880.879	36.6556	293.998	24.2985	0.250237	0.0189561	1133.51	10.184	
1.2-1.6	6.5-30.0	30.0-40.0	0.000-1.571	0.008	0.12	1174.0	1172.0	704.909	30.175	466.987	25.9342	-0.00885212	0.181507	-0.05	0.0	0.49116	0.0	3.09122	0.0	0.0453145	0.0	0.0310226	0.00289474	0.03	0.0	1.492	0.0	5.0	0.0	1.733	0.0	0.0387073	0.000590262	1.72747e-05	0.00459133	0.187544	0.0248714	0.103775	0.0	0.00999984	0.0	0.00503842	0.00144007	2.09199	0.0	0.904435	0.0376537	0.999965	0.694305	0.340095	0.0672653	0.291536	0.0692446	0.0867664	1.60064	0.32916	0.0531814	0.0706204	0.0114463	-2068.03	4.0	1.22876e-05	-7895.05	4.0	2.25966e-05	1.0	572.179	30.6261	132.73	19.2437	0.188294	0.0260826	1089.62	14.0054	
1.2-1.6	6.5-30.0	40.0-50.0	0.000-1.571	0.016	0.064	644.0	631.0	470.903	23.3941	159.987	15.3744	-1.76702	0.351315	-0.05	0.0	0.49116	0.0	3.09122	0.0	0.0453145	0.0	0.0300382	0.00350774	0.03	0.0	1.492	0.0	5.0	0.0	1.733	0.0	0.0383102	0.000699742	2.95545e-05	0.000300613	0.247136	0.0283176	0.103775	0.0	0.00999984	0.0	-0.00407278	0.00208407	2.09199	0.0	1.04561	0.0567723	0.999758	0.763891	0.999999	6.15605	0.528013	0.035797	0.00739865	1.60911	0.222756	0.017396	0.0589546	15.5051	-1231.15	4.0	7.69472e-08	-4043.83	4.0	5.44767e-05	1.0	350.089	22.578	120.815	15.5982	0.256559	0.0305736	1197.5	22.2135	
1.2-1.6	6.5-30.0	50.0-100.0	0.000-1.571	0.016	0.073	615.0	609.0	490.951	23.3185	118.023	13.0704	-1.21664	0.380741	-0.05	0.0	0.49116	0.0	3.09122	0.0	0.0453145	0.0	0.0292166	0.00247794	0.03	0.0	1.492	0.0	5.0	0.0	1.733	0.0	0.0379855	0.000484901	1.01642e-05	0.000817577	0.226704	0.0284696	0.103775	0.0	0.00999984	0.0	0.00537732	0.00190592	2.09199	0.0	0.977275	0.0533373	0.907687	1.05201	0.6171	0.865676	9.88234e-07	0.858084	0.0193916	0.0613613	0.306248	0.056773	0.0200002	0.0856723	-1298.58	4.0	1.15234e-05	-3980.96	4.0	2.03654e-06	1.0	386.476	22.7725	104.476	14.3617	0.212802	0.0274512	1144.6	20.407	
1.6-2.0	6.5-30.0	0.0-100.0	0.000-1.571	0.008	0.16	11384.0	11379.0	5768.61	115.712	5610.37	114.862	-0.358683	0.05538	-0.05	0.0	0.522006	0.0955092	3.0912	0.000806371	0.0559305	0.00360396	0.0332263	0.00217481	0.03	0.0	1.492	0.0	5.0	0.0	1.733	0.0	0.0464828	0.00158123	2.61437e-05	0.00458725	0.20032	0.00818736	0.462154	0.274076	0.00485629	0.00340939	0.0018052	0.000750111	1.4787	0.146906	0.851706	0.0170524	0.998273	0.17575	0.46592	0.0529149	0.640363	0.0263996	0.0077602	0.884937	0.180421	0.0124155	0.0987439	0.0113453	-17347.2	4.0	1.75889e-08	-100270.0	7.0	5.30827e-06	1.0	4637.23	106.585	1131.38	56.7725	0.196128	0.00902111	1183.5	94.6886	
1.6-2.4	3.0-30.0	0.0-100.0	0.000-1.571	0.008	0.264	238856.0	238845.0	43350.7	368.038	195494.0	536.257	0.0733366	0.00883914	-0.05	0.0	0.0523394	0.0129927	3.08906	0.000445597	0.0181919	0.00218296	0.052	0.000130253	0.03	0.0	1.89	0.0	5.0	0.0	1.44	0.0	0.0507917	0.000165656	1.05692e-05	6.49144e-05	0.216327	0.00458703	0.19593	0.106578	0.00823221	0.0041731	0.00599124	0.00019753	1.71895	0.159922	0.999902	0.00285887	1.0	0.00508862	0.825484	0.00631839	0.754074	0.00449138	0.0127194	1.13615e-06	0.116151	0.00240469	0.326127	0.00804077	-226886.0	4.0	4.33636e-05	-2756250.0	7.0	0.000169149	1.0	36465.7	367.725	6885.0	206.87	0.158821	0.00457755	1175.94	49.8756	
1.6-2.4	3.0-4.5	0.0-100.0	0.000-1.571	0.016	0.264	163892.0	163885.0	19975.6	302.055	143909.0	463.832	0.222984	0.0102718	-0.05	0.0	0.921597	0.013658	3.08626	0.000765472	0.0527611	0.00117234	0.0153127	0.00205363	0.03	0.0	1.86	0.0	5.0	0.0	1.38	0.0	0.0508318	0.000586782	8.85777e-05	0.0369611	0.224905	0.00862507	0.101357	0.069759	0.0499991	0.0925249	0.00282462	0.000244684	1.84755	0.275177	1.04256	0.00318783	1.0	0.909832	0.859028	0.000505905	0.690898	0.000487329	0.0158872	13.0707	0.0879649	0.000157205	0.357552	0.000923396	-145645.0	4.0	4.04628e-05	-1825790.0	7.0	0.00135326	1.0	17573.1	300.218	2402.48	144.361	0.120271	0.00699428	1150.11	41.8102	
1.6-2.4	3.0-5.5	0.0-100.0	0.000-1.571	0.016	0.264	204118.0	204107.0	29374.0	340.204	174733.0	510.947	0.133081	0.00933752	-0.05	0.0	6.23953e-09	0.0146269	3.08847	0.000587737	0.0549944	0.0580147	0.0494069	0.000584863	0.03	0.0	1.86	0.0	5.0	0.0	1.38	0.0	0.0494069	0.000295601	1.55371e-05	0.00459213	0.227912	0.00681789	0.125652	0.0884483	0.0251244	0.0167426	0.00662561	0.000216624	1.92178	0.271466	1.04645	0.00290019	1.0	0.0669855	0.833101	0.00818769	0.766351	0.00567578	0.0562788	79.3152	0.110534	0.00265193	0.348091	0.00987591	-185101.0	4.0	1.68595e-05	-2319720.0	7.0	4.37731e-05	1.0	25464.8	339.62	3909.14	174.381	0.133082	0.00573299	1192.28	55.4877	
1.6-2.4	3.0-6.5	0.0-10.0	0.000-1.571	0.016	0.264	122745.0	122734.0	13197.2	207.136	109537.0	373.152	0.102916	0.0116761	-0.05	0.0	0.953609	0.0	3.08905	0.0	0.0511838	0.0	0.0175768	0.0022421	0.03	0.0	1.86	0.0	5.0	0.0	1.38	0.0	0.0501256	1.82363e-05	1.3729e-05	0.00459296	0.187454	0.0113404	0.173641	0.0	0.0248856	0.0	0.00882913	0.000295554	1.74699	0.0	1.0618	0.00402374	0.887478	0.00434877	1.0	0.785883	0.816696	0.0213004	0.267801	0.0121753	0.194036	0.00684272	0.023308	4.50074	-104696.0	4.0	6.91654e-05	-1331030.0	4.0	2.72379e-08	1.0	11603.8	228.292	1593.41	139.903	0.120739	0.0104303	1208.97	1.46015	
1.6-2.4	3.0-6.5	0.0-100.0	0.000-1.571	0.016	0.264	223316.0	223305.0	33188.8	352.263	190116.0	530.086	0.0669796	0.0089446	-0.05	0.0	0.953609	0.010917	3.08905	0.000530087	0.0511838	0.000776222	0.0166689	0.0023839	0.03	0.0	1.86	0.0	5.0	0.0	1.38	0.0	0.0501113	0.00039939	1.3729e-05	0.00459296	0.229327	0.00592966	0.173641	0.119565	0.0248856	0.0127773	0.00537561	0.000209478	1.74699	0.202734	1.02354	0.00290093	0.999994	1833.65	0.809101	1.89032	0.759383	0.435486	0.1074	3369.33	0.110075	0.308339	0.325094	0.259039	-205542.0	4.0	2.16229e-05	-2559220.0	7.0	0.00687957	1.0	28627.5	346.938	4561.24	174.311	0.137433	0.00504548	1181.38	57.0128	
1.6-2.4	3.0-6.5	0.0-20.0	0.000-1.571	0.016	0.264	181570.0	181559.0	22156.8	256.856	159402.0	450.709	0.0826314	0.00968314	-0.05	0.0	0.953609	0.0	3.08905	0.0	0.0511838	0.0	0.0144691	0.00122545	0.03	0.0	1.86	0.0	5.0	0.0	1.38	0.0	0.0500795	8.21263e-06	1.3729e-05	0.00459296	0.224796	0.0076747	0.173641	0.0	0.0248856	0.0	0.00573355	0.000236864	1.74699	0.0	1.03282	0.00326225	1.0	0.348348	0.817224	0.000296627	0.756657	0.000167453	0.183383	15.6353	0.108828	8.94663e-05	0.344955	0.000381896	-161983.0	4.0	3.22389e-06	-2041070.0	4.0	0.00588755	1.0	19258.0	266.182	2898.84	148.8	0.130833	0.00654225	1188.04	1.17179	
1.6-2.4	3.0-6.5	10.0-20.0	0.000-1.571	0.016	0.209	58824.0	58776.0	8994.75	153.795	49781.4	253.734	0.0415318	0.0173437	-0.05	0.0	0.953609	0.0	3.08905	0.0	0.0511838	0.0	0.01	0.0281589	0.03	0.0	1.86	0.0	5.0	0.0	1.38	0.0	0.0500289	0.000130557	1.37782e-05	0.00459294	0.227909	0.012344	0.173641	0.0	0.0248856	0.0	0.00779017	0.000396152	1.74699	0.0	1.01076	0.00547221	0.937908	0.0119154	0.739838	0.0496705	0.767929	0.0127639	0.351599	0.0458557	0.139866	0.00441512	0.0810257	0.0121629	-57550.7	4.0	4.17658e-06	-595281.0	4.0	1.60548e-06	1.0	8034.17	158.349	960.584	80.4571	0.106794	0.00875653	1172.26	1.94951	
1.6-2.4	3.0-6.5	20.0-30.0	0.000-1.571	0.016	0.192	22483.0	22476.0	4542.06	100.859	17933.8	153.501	-0.0437232	0.0289758	-0.05	0.0	0.953609	0.0	3.08905	0.0	0.0511838	0.0	0.09	0.0519597	0.03	0.0	1.86	0.0	5.0	0.0	1.38	0.0	0.0536098	0.00202334	1.37746e-05	0.00459294	0.230655	0.0132646	0.173641	0.0	0.0248856	0.0	0.00348733	0.000626469	1.74699	0.0	0.996674	0.00872592	0.963938	0.0378593	0.743746	0.0558223	0.763702	0.0152039	0.414538	0.142177	0.120096	0.0167052	0.180414	0.048231	-22589.0	4.0	2.3561e-05	-206544.0	4.0	3.07003e-06	1.0	3803.64	102.813	738.422	60.8735	0.162574	0.0129068	1162.25	3.09175	
1.6-2.4	3.0-6.5	20.0-40.0	0.000-1.571	0.016	0.192	33430.0	33417.0	7517.29	140.647	25899.7	195.348	-0.025602	0.0241557	-0.05	0.0	0.953609	0.0	3.08905	0.0	0.0511838	0.0	0.0597177	0.0248332	0.03	0.0	1.86	0.0	5.0	0.0	1.38	0.0	0.0516109	0.000666496	1.37746e-05	0.00459294	0.234508	0.0107527	0.173641	0.0	0.0248856	0.0	0.00381192	0.000508334	1.74699	0.0	0.992813	0.00718433	0.979377	0.0247297	0.744537	0.0441614	0.763036	0.0122457	0.389813	0.159149	0.115601	0.00977173	0.186193	0.0256833	-34534.5	4.0	3.34914e-05	-320896.0	4.0	1.43538e-05	1.0	6346.82	139.459	1170.47	76.3362	0.155704	0.00972793	1159.51	2.54165	
1.6-2.4	3.0-6.5	30.0-40.0	0.000-1.571	0.016	0.152	10947.0	10879.0	2974.33	73.4253	7904.49	101.592	0.0347851	0.0436203	-0.05	0.0	0.953609	0.0	3.08905	0.0	0.0511838	0.0	0.0128802	0.0072729	0.03	0.0	1.86	0.0	5.0	0.0	1.38	0.0	0.0500594	4.3406e-05	1.3843e-05	0.00459291	0.243476	0.0183408	0.173641	0.0	0.0248856	0.0	0.00466626	0.000869508	1.74699	0.0	0.982404	0.0125417	1.0	0.110476	0.73479	0.0543546	0.763833	0.0197458	0.00765329	1.33569e-06	0.114813	0.0109464	0.156032	0.0248551	-12083.8	4.0	0.000205048	-92706.0	4.0	0.000218481	1.0	2540.97	76.5069	433.358	45.0892	0.145699	0.0147266	1152.16	4.41844	
1.6-2.4	3.0-6.5	40.0-100.0	0.000-1.571	0.016	0.168	8315.0	8309.0	3693.13	73.9829	4616.31	79.9767	0.0476117	0.0572305	-0.05	0.0	0.953609	0.0	3.08905	0.0	0.0511838	0.0	0.0475845	0.013327	0.03	0.0	1.86	0.0	5.0	0.0	1.38	0.0	0.0510224	0.000288298	1.33924e-05	0.00459311	0.235516	0.0156111	0.173641	0.0	0.0248856	0.0	0.00543923	0.000936403	1.74699	0.0	0.926258	0.0133608	0.999999	0.110779	0.779283	0.0527226	0.782037	0.0201778	0.171603	0.738204	0.167493	0.0185207	0.23335	0.0475996	-10480.4	4.0	1.25396e-05	-69930.5	4.0	5.55792e-05	1.0	3157.68	77.9483	535.451	46.7933	0.144986	0.012333	1113.07	4.5939	
1.6-2.4	3.0-6.5	40.0-50.0	0.000-1.571	0.016	0.145	4892.0	4864.0	1896.04	53.8004	2967.89	62.979	0.0816648	0.0712629	-0.05	0.0	0.953609	0.0	3.08905	0.0	0.0511838	0.0	0.0349019	0.014616	0.03	0.0	1.86	0.0	5.0	0.0	1.38	0.0	0.0505446	0.000234102	1.39771e-05	0.00459285	0.221535	0.0171242	0.173641	0.0	0.0248856	0.0	0.00171228	0.00123361	1.74699	0.0	0.866439	0.0190284	0.906925	0.955071	0.853683	0.136894	0.462498	0.169627	0.00762662	1.10014	0.0500001	0.00283137	0.254697	0.0646206	-5892.76	4.0	8.15039e-05	-38053.1	4.0	0.000271844	1.0	1521.26	55.829	374.788	36.9688	0.197668	0.0186737	1072.52	6.35142	
1.6-2.4	3.0-6.5	50.0-100.0	0.000-1.571	0.016	0.168	3423.0	3423.0	1816.21	53.907	1606.78	51.9265	0.0383549	0.0973853	-0.05	0.0	0.953609	0.0	3.08905	0.0	0.0511838	0.0	0.0843245	0.0442922	0.03	0.0	1.86	0.0	5.0	0.0	1.38	0.0	0.05318	0.00162906	1.33924e-05	0.00459311	0.251935	0.026054	0.173641	0.0	0.0248856	0.0	0.00350029	0.00144939	1.74699	0.0	0.943803	0.019366	0.877268	0.0463222	0.999977	0.773296	0.770391	0.0413504	0.246511	0.0758834	0.188018	0.0228419	0.0200002	5.43258	-4673.73	4.0	8.10721e-07	-26106.9	4.0	0.000250599	1.0	1590.28	56.3194	225.923	31.4462	0.124393	0.016916	1125.18	6.71177	
1.6-2.4	4.5-5.5	0.0-100.0	0.000-1.571	0.016	0.192	40226.0	40180.0	8385.9	155.143	31793.4	215.503	-0.355112	0.0234508	-0.05	0.0	0.0442191	0.748824	3.09011	0.00109994	0.0212291	0.0404589	0.0509611	0.00706021	0.03	0.0	1.86	0.0	5.0	0.0	1.38	0.0	0.0500212	0.00874561	2.24592e-05	0.000300031	0.235112	0.0101372	0.168306	0.155053	0.0139897	0.0158776	0.00772571	0.000462003	1.94031	0.379299	1.06555	0.00704496	0.850051	0.0380333	0.900712	0.0772213	0.798508	0.00973814	0.144202	0.028756	0.151643	0.00959129	0.317689	0.0737285	-39806.5	4.0	1.23743e-07	-392706.0	7.0	4.28082	1.0	6925.17	152.582	1460.73	87.1621	0.174189	0.00988169	1256.16	94.9772	
1.6-2.4	5.5-6.5	0.0-100.0	0.000-1.571	0.016	0.168	19198.0	19171.0	5947.26	116.467	13223.7	144.354	-0.433848	0.0348053	-0.05	0.0	0.0268065	0.0394833	3.09366	0.00103405	0.021922	0.0114109	0.0521841	0.00178895	0.03	0.0	1.86	0.0	5.0	0.0	1.38	0.0	0.0516049	0.000981376	1.49587e-05	0.00459239	0.225626	0.0108621	0.433557	0.413492	0.016385	0.017632	0.00377697	0.000743427	1.45242	0.194727	0.867921	0.0133699	0.821694	0.0546082	0.477141	0.0754844	0.632685	0.044887	0.163227	0.0254638	0.203648	0.0123165	0.0616343	0.0156037	-21423.6	4.0	2.47307e-06	-174449.0	7.0	0.000105245	1.0	5000.03	112.689	947.232	58.7808	0.159272	0.00937861	1158.14	132.154	
1.6-2.4	6.5-30.0	0.0-10.0	0.000-1.571	0.008	0.184	6066.0	6066.0	2579.36	63.8475	3486.22	70.5885	-0.318169	0.0665768	-0.05	0.0	0.647637	0.0	3.09091	0.0	0.0577172	0.0	0.0314542	0.00238076	0.03	0.0	1.492	0.0	5.0	0.0	1.733	0.0	0.0500607	0.000263546	6.70809e-05	0.00017923	0.225886	0.015333	0.211707	0.0	0.00199102	0.0	0.00283786	0.000902973	1.6767	0.0	1.04241	0.0206643	0.999999	11.0387	0.334582	0.0722197	0.576658	0.0525102	0.132453	13.2618	0.193533	0.0230233	0.0879903	0.0133713	-8131.85	4.0	2.70077e-07	-48966.8	4.0	0.000110989	1.0	2151.51	63.037	427.846	35.3487	0.165873	0.0130749	1204.89	7.04645	
1.6-2.4	6.5-30.0	0.0-100.0	0.000-1.571	0.008	0.152	15539.0	15529.0	7954.34	143.554	7575.1	142.179	-0.384489	0.0493135	-0.05	0.0	0.647637	0.101212	3.09091	0.000716605	0.0577172	0.00279661	0.0309801	0.00382438	0.03	0.0	1.492	0.0	5.0	0.0	1.733	0.0	0.0499564	0.00164685	2.77437e-05	0.00458652	0.193077	0.00657402	0.211707	0.175346	0.00199102	0.00574194	0.00245993	0.000503516	1.6767	0.235346	0.941992	0.0114036	0.999976	2.30217	0.519017	0.0434969	0.642316	0.02015	0.00815179	0.00993714	0.175988	0.0097264	0.10151	0.0107164	-23538.7	4.0	1.67963e-05	-141589.0	7.0	2.26371e-05	1.0	6279.16	130.398	1675.18	71.2456	0.2106	0.00811042	1137.83	82.7995	
1.6-2.4	6.5-30.0	10.0-20.0	0.000-1.571	0.008	0.16	3997.0	3997.0	1941.01	53.8383	2055.98	54.8945	-0.327648	0.08693	-0.05	0.0	0.647637	0.0	3.09091	0.0	0.0577172	0.0	0.0329708	0.00295878	0.03	0.0	1.492	0.0	5.0	0.0	1.733	0.0	0.0504034	0.000340991	2.91966e-05	0.00458585	0.175031	0.0117959	0.211707	0.0	0.00199102	0.0	0.00144889	0.00104828	1.6767	0.0	0.9584	0.0225557	0.906342	0.0303992	0.702903	0.259919	0.570008	0.155548	0.232851	0.0672348	0.137507	0.0114388	0.025812	0.0168974	-5884.18	4.0	3.85456e-06	-30862.8	4.0	7.10857e-06	1.0	1503.41	54.3967	437.602	36.9784	0.22545	0.0179955	1148.58	7.41817	
1.6-2.4	6.5-30.0	20.0-30.0	0.000-1.571	0.008	0.152	2415.0	2415.0	1363.59	42.4821	1051.18	38.632	-0.63247	0.123191	-0.05	0.0	0.647637	0.0	3.09091	0.0	0.0577172	0.0	0.0258623	0.00240414	0.03	0.0	1.492	0.0	5.0	0.0	1.733	0.0	0.0489197	0.000223925	2.77437e-05	0.00458652	0.204221	0.0155654	0.211707	0.0	0.00199102	0.0	0.00389776	0.00109275	1.6767	0.0	0.833513	0.0262941	0.734404	0.0909326	0.941104	0.0704161	0.675447	0.0550579	0.0655837	0.0267436	0.142463	0.0197247	0.320769	0.198775	-4081.53	4.0	1.61023e-06	-17747.5	4.0	7.35547e-05	1.0	1062.76	41.5168	300.832	26.7436	0.220617	0.0183688	1069.04	8.08047	
1.6-2.4	6.5-30.0	30.0-40.0	0.000-1.571	0.008	0.12	1476.0	1474.0	920.128	34.4532	553.812	28.6485	-0.431207	0.169079	-0.05	0.0	0.647637	0.0	3.09091	0.0	0.0577172	0.0	0.0280119	0.00302143	0.03	0.0	1.492	0.0	5.0	0.0	1.733	0.0	0.049335	0.000302246	7.90451e-05	0.000185159	0.157548	0.0132962	0.211707	0.0	0.00199102	0.0	0.000852058	0.00143938	1.6767	0.0	0.841657	0.0312773	1.0	0.00786486	0.999999	0.0568205	0.766035	0.03695	1.49999	0.344536	0.197503	0.0297666	0.0812192	2.81737	-2618.95	4.0	7.63473e-05	-10216.9	4.0	3.92756e-06	1.0	644.221	34.8669	275.908	27.2131	0.299858	0.0273612	1074.05	9.66041	
1.6-2.4	6.5-30.0	40.0-50.0	0.000-1.571	0.008	0.136	839.0	838.0	558.555	26.2552	279.515	20.256	-0.86966	0.24252	-0.05	0.0	0.647637	0.0	3.09091	0.0	0.0577172	0.0	0.0304093	0.00354317	0.03	0.0	1.492	0.0	5.0	0.0	1.733	0.0	0.0498327	0.000380929	6.70209e-05	0.882424	0.175282	0.0200854	0.211707	0.0	0.00199102	0.0	0.000770918	0.0015689	1.6767	0.0	0.679971	0.0371192	0.621543	0.0701189	0.999999	7.64494	0.445349	0.0717044	0.0388442	0.00917429	0.226942	0.0282882	0.0200724	48.8716	-1542.81	4.0	6.65505e-08	-5391.28	4.0	7.03709e-06	1.0	421.22	25.7891	137.335	17.7404	0.245875	0.0295839	979.619	10.1552	
1.6-2.4	6.5-30.0	50.0-100.0	0.000-1.571	0.008	0.088	742.0	730.0	582.913	26.1849	147.104	15.8041	-0.0898963	0.332916	-0.05	0.0	0.647637	0.0	3.09091	0.0	0.0577172	0.0	0.0443673	0.00543947	0.03	0.0	1.492	0.0	5.0	0.0	1.733	0.0	0.0533954	0.000796297	7.21792e-05	0.000182081	0.182687	0.0230941	0.211707	0.0	0.00199102	0.0	0.00490029	0.00198239	1.6767	0.0	0.823861	0.0430689	0.631391	0.0627973	0.999761	4.24768	0.307887	0.113105	0.0439594	0.00649774	0.197634	0.0198914	0.0208875	18.2021	-1539.03	4.0	4.5093e-05	-4738.01	4.0	2.92373e-05	1.0	467.693	26.4525	115.22	16.8861	0.197663	0.0275741	1063.12	13.155	
2.0-2.4	6.5-30.0	0.0-100.0	0.000-1.571	0.008	0.152	4155.0	4152.0	2224.12	64.3392	1927.86	61.9928	-0.458949	0.0930832	-0.05	0.0	0.852979	0.0637688	3.09109	0.00156293	0.062727	0.00318978	0.0242618	0.00520913	0.03	0.0	1.492	0.0	5.0	0.0	1.733	0.0	0.0586748	0.00172243	7.87116e-05	0.000484264	0.183307	0.0114125	0.0616687	0.0610904	-0.00999983	0.0176875	0.0022351	0.000875049	2.1655	0.541626	0.940285	0.0184991	0.820995	0.00499906	0.999994	2.72794	0.650087	0.00344269	0.111644	0.00267081	0.161416	0.00153331	0.125456	25.6813	-6229.75	4.0	9.4207e-06	-32347.3	7.0	7.27523e-06	1.0	1705.5	61.0898	518.621	39.0249	0.23318	0.0161978	1057.73	65.172	
