v2W_TnPAtRD_4DEff_RapPtEffMap2
rap	pT	cent	dPhi	ctauErrMin	ctauErrMax	NoCutEntry	CutEntry	NSig	NSigErr	NBkg	NBkgErr	coefExp	coefExpErr	coefPol1	coefPol1Err	coeffGaus	coeffGausErr	meanSig1	meanSig1Err	sigmaSig1	sigmaSig1Err	sigmaSig2	sigmaSig2Err	sigmaSig3	sigmaSig3Err	alpha	alphaErr	enne	enneErr	enneW	enneWErr	sigWidth	sigWidthErr	Gmc	GmcErr	bTau	bTauErr	fracRes	fracResErr	meanResSigW	meanResSigWErr	meanResSigN	meanResSigNErr	sigmaResSigW	sigmaResSigWErr	sigmaResSigN	sigmaResSigNErr	fpm	fpmErr	fLiving	fLivingErr	fbkgCtTot	fbkgCtTotErr	lambdam	lambdamErr	lambdap	lambdapErr	lambdasym	lambdasymErr	NLL	nFitPar	EDM	NLLMass	nFitParMass	EDMMass	Prob	PROMPT	PROMPTErr	NON-PROMPT	NON-PROMPTErr	Bfraction	BfractionErr	Resolution	ResolutionErr	
0.0-1.2	6.5-30.0	0.0-100.0	0.000-1.571	0.008	0.105	17542.0	17538.0	11070.9	123.609	6466.9	103.306	-0.0319766	0.0506892	-0.05	0.0	0.535231	0.0520524	3.09266	0.00029994	0.0208644	0.000631917	0.0346291	0.00173826	0.03	0.0	1.492	0.0	5.0	0.0	1.733	0.0	0.028113	0.000623176	1.16782e-05	0.000130175	0.27395	0.00551171	0.282557	0.19576	0.00228371	0.00264771	0.000118998	0.000394294	1.58042	0.170805	0.854272	0.0115965	0.60885	0.0381585	0.930994	0.0191467	0.442482	0.0327841	0.0547092	0.00611008	0.219958	0.010212	0.333613	0.0721624	-31548.5	4.0	3.70162e-06	-169362.0	7.0	0.000171674	1.0	7509.78	107.184	3561.16	77.7099	0.321668	0.00603087	1108.75	85.3414	
0.0-1.2	6.5-30.0	10.0-60.0	0.000-0.393	0.016	0.064	2815.0	2760.0	1855.61	46.3264	904.344	34.5686	0.115805	0.130911	-0.05	0.0	0.535231	0.0	3.09266	0.0	0.0208644	0.0	0.0343878	0.0	0.03	0.0	1.492	0.0	5.0	0.0	1.733	0.0	0.0279749	0.0	1.00012e-05	0.000707514	0.252738	0.012475	0.282557	0.0	0.00228371	0.0	-0.00123795	0.000960805	1.58042	0.0	0.841214	0.027433	0.667718	0.161711	0.806966	0.298579	0.432135	0.15625	0.0482382	0.0152346	0.205621	0.0246234	0.0367024	0.027707	-5458.5	4.0	4.31797e-06	-21808.2	3.0	8.34401e-06	1.0	1250.78	41.6557	604.83	31.4343	0.325947	0.0148577	1101.56	7.51499	
0.0-1.2	6.5-30.0	10.0-60.0	0.000-1.571	0.008	0.105	10515.0	10510.0	7130.1	93.4248	3379.52	70.5527	-0.0415789	0.0677573	-0.05	0.0	0.535231	0.0	3.09266	0.0	0.0208644	0.0	0.0343878	0.000935042	0.03	0.0	1.492	0.0	5.0	0.0	1.733	0.0	0.0279749	0.0002671	1.16782e-05	0.000130175	0.279901	0.00709533	0.282557	0.0	0.00228371	0.0	-0.000445987	0.000481053	1.58042	0.0	0.824423	0.0139133	0.567885	0.0490682	0.951232	0.0139814	0.368776	0.0500949	0.0476731	0.00536927	0.234226	0.0135718	0.485566	0.109012	-20102.1	4.0	1.36125e-05	-97206.6	4.0	7.18878e-05	1.0	4891.8	82.7122	2238.29	59.9421	0.313922	0.00733192	1092.42	3.7666	
0.0-1.2	6.5-30.0	10.0-60.0	0.393-0.785	0.008	0.073	2821.0	2820.0	1890.44	46.784	929.555	35.0412	0.00465428	0.129053	-0.05	0.0	0.535231	0.0	3.09266	0.0	0.0208644	0.0	0.0343878	0.0	0.03	0.0	1.492	0.0	5.0	0.0	1.733	0.0	0.0279749	0.0	1.70432e-05	0.00459144	0.298386	0.015141	0.282557	0.0	0.00228371	0.0	-0.000823215	0.000930895	1.58042	0.0	0.830059	0.0280646	0.551918	0.0174517	0.999997	18.1472	0.236464	0.0235646	0.0485623	0.00249955	0.174784	0.00719227	0.0379702	49.2152	-5474.06	4.0	9.05604e-06	-22311.1	3.0	1.5441e-07	1.0	1366.29	42.4857	524.157	28.8101	0.277267	0.0136077	1095.48	7.6282	
0.0-1.2	6.5-30.0	10.0-60.0	0.785-1.178	0.008	0.064	2456.0	2451.0	1717.58	44.2205	733.432	31.1658	0.0565964	0.145768	-0.05	0.0	0.535231	0.0	3.09266	0.0	0.0208644	0.0	0.0343878	0.0	0.03	0.0	1.492	0.0	5.0	0.0	1.733	0.0	0.0279749	0.0	1.55303e-05	0.000309325	0.285536	0.01493	0.282557	0.0	0.00228371	0.0	-0.0002229	0.000915356	1.58042	0.0	0.738045	0.0250594	0.816316	0.0736491	0.396314	0.0512345	3.88379e-05	0.822028	0.117089	0.0363386	0.374501	0.0367141	0.0209697	0.0133572	-4867.84	4.0	3.44372e-06	-19260.8	3.0	1.11719e-05	1.0	1157.26	39.2779	560.322	29.3794	0.326228	0.0149011	1047.16	6.33574	
0.0-1.2	6.5-30.0	10.0-60.0	1.178-1.571	0.008	0.064	2420.0	2416.0	1631.93	43.4173	784.032	32.2049	-0.341866	0.140733	-0.05	0.0	0.535231	0.0	3.09266	0.0	0.0208644	0.0	0.0343878	0.0	0.03	0.0	1.492	0.0	5.0	0.0	1.733	0.0	0.0279749	0.0	1.05551e-05	0.000410668	0.273789	0.013902	0.282557	0.0	0.00228371	0.0	-0.00153422	0.00108531	1.58042	0.0	0.83997	0.0315864	0.554956	0.084227	0.864363	0.0377566	0.267542	0.085143	0.049565	0.009298	0.180423	0.0254111	0.619133	0.123582	-4401.43	4.0	1.15799e-05	-18764.6	3.0	1.22526e-05	1.0	1091.0	38.8884	540.932	29.6128	0.331468	0.0158589	1100.88	8.64531	
0.0-2.4	10.0-13.0	0.0-100.0	0.000-1.571	0.016	0.136	5987.0	5985.0	4430.88	74.9742	1554.22	52.3863	-0.558143	0.105744	-0.05	0.0	0.33788	0.0710664	3.0921	0.000600101	0.0209582	0.00187759	0.0410568	0.00220018	0.03	0.0	1.492	0.0	5.0	0.0	1.733	0.0	0.0355601	0.00106302	1.25623e-05	9.06713e-05	0.241913	0.00773	0.0553227	0.0789039	0.000211463	0.0144846	4.83811e-05	0.000550376	2.09405	0.553677	0.917866	0.0163807	0.671773	0.0456185	0.884631	0.134016	0.218316	0.0862441	0.0386041	0.014016	0.196331	0.0140909	0.10386	0.0473232	-11878.0	4.0	3.68763e-06	-51901.3	7.0	4.24492e-05	1.0	3010.64	67.2202	1420.25	50.0095	0.320533	0.009898	1019.05	75.7727	
0.0-2.4	10.0-13.0	10.0-60.0	0.000-1.571	0.016	0.136	3818.0	3816.0	2901.13	59.1305	914.936	38.8618	-0.696611	0.134794	-0.05	0.0	0.33788	0.0	3.0921	0.0	0.0209582	0.0	0.0415215	0.00121077	0.03	0.0	1.492	0.0	5.0	0.0	1.733	0.0	0.0359156	0.000463401	1.25623e-05	9.06713e-05	0.250571	0.00987093	0.0553227	0.0	0.000211463	0.0	0.000767447	0.000676579	2.09405	0.0	0.917602	0.019914	0.616412	0.0411491	0.864148	0.162899	0.0969009	0.106882	0.0357287	0.0101804	0.192146	0.0180479	0.103972	0.0590694	-7678.92	4.0	1.13534e-06	-31524.8	4.0	2.93501e-06	1.0	1983.22	53.237	917.909	39.3736	0.316397	0.0119419	1018.83	8.4716	
0.0-2.4	10.0-30.0	0.0-100.0	0.000-1.571	0.008	0.136	9293.0	9291.0	6959.61	93.9377	2331.57	64.7791	-0.564594	0.0871109	-0.05	0.0	0.402653	0.0584261	3.09273	0.000472305	0.0219169	0.00138819	0.0433308	0.00210622	0.03	0.0	1.492	0.0	5.0	0.0	1.733	0.0	0.0362625	0.000954102	1.01973e-05	0.00191321	0.228304	0.00567495	0.0473596	0.058793	-0.000901407	0.00750486	-0.000502985	0.000418697	2.0393	0.463163	0.939545	0.0134071	0.828585	0.0611075	0.853079	0.155569	0.2939	0.101778	0.0671663	0.0126696	0.206303	0.0103103	0.0297853	0.0204458	-18849.5	4.0	3.40146e-07	-84873.3	7.0	8.91734e-05	1.0	4560.77	83.5755	2398.84	65.1436	0.34468	0.00812218	1018.77	52.446	
0.0-2.4	10.0-30.0	10.0-60.0	0.000-1.571	0.008	0.136	5943.0	5941.0	4546.41	74.15	1394.69	48.4418	-0.616179	0.10896	-0.05	0.0	0.402653	0.0	3.09273	0.0	0.0219169	0.0	0.0437032	0.00112799	0.03	0.0	1.492	0.0	5.0	0.0	1.733	0.0	0.0365284	0.000403072	1.01973e-05	0.00191321	0.238876	0.0074434	0.0473596	0.0	-0.000901407	0.0	-0.000252817	0.0005106	2.0393	0.0	0.931612	0.0163878	0.797777	0.0880279	0.732933	0.160487	0.143064	0.131933	0.0653074	0.0159423	0.206907	0.0130829	0.0273406	0.0105747	-12298.1	4.0	8.95495e-06	-51806.3	4.0	3.03218e-06	1.0	3042.64	66.5588	1503.77	50.6858	0.33076	0.00975645	1011.81	7.18718	
0.0-2.4	13.0-30.0	0.0-100.0	0.000-1.571	0.008	0.105	3306.0	3306.0	2533.67	56.4739	772.42	37.79	-0.580883	0.151326	-0.05	0.0	0.498821	0.0811143	3.09391	0.000756584	0.0230788	0.0018577	0.0478318	0.00388731	0.03	0.0	1.492	0.0	5.0	0.0	1.733	0.0	0.0375809	0.00158594	2.10356e-05	0.0045896	0.208597	0.00824296	0.0347602	0.122355	-0.00537756	0.015369	-0.000372334	0.000648728	1.80759	0.989032	0.965701	0.0232138	0.852124	0.120148	0.921739	0.209469	0.363683	0.0745615	0.0430517	0.0132396	0.226822	0.0196584	0.0401055	0.0292012	-6986.59	4.0	1.03626e-05	-26930.6	7.0	1.49558e-05	1.0	1554.84	49.4292	978.83	41.451	0.386329	0.0139105	1006.84	78.0981	
0.0-2.4	13.0-30.0	10.0-60.0	0.000-1.571	0.008	0.08	2125.0	2120.0	1641.37	44.5332	478.658	28.6451	-0.463394	0.185055	-0.05	0.0	0.498821	0.0	3.09391	0.0	0.0230788	0.0	0.0475436	0.00229252	0.03	0.0	1.492	0.0	5.0	0.0	1.733	0.0	0.0373972	0.000730345	1.04426e-05	0.00602457	0.222066	0.0112979	0.0347602	0.0	-0.00537756	0.0	-0.000153979	0.000782439	1.80759	0.0	0.956553	0.0289879	0.739479	0.165178	0.836154	0.197657	0.225222	0.140995	0.0332674	0.0121806	0.227417	0.0240207	0.0306979	0.0229334	-4614.59	4.0	7.27795e-05	-16368.3	4.0	4.74595e-07	1.0	1062.66	39.611	578.713	31.3735	0.352579	0.0165482	998.38	13.404	
0.0-2.4	6.5-10.0	0.0-100.0	0.000-1.571	0.016	0.136	32566.0	32506.0	16892.3	180.198	15614.0	176.438	-0.0664616	0.0323827	-0.05	0.0	0.387134	0.0425246	3.09224	0.00034081	0.0498055	0.00225976	0.0258912	0.000728801	0.03	0.0	1.492	0.0	5.0	0.0	1.733	0.0	0.0370291	0.000800398	7.98293e-05	0.000176368	0.254931	0.00494047	0.239612	0.0894154	0.0062101	0.00335034	0.00270547	0.000342017	1.68288	0.117187	0.914502	0.00840341	0.535542	0.0351208	0.929384	0.0202951	0.539353	0.0280473	0.0575535	0.00562937	0.191779	0.0081518	0.285329	0.0551676	-49158.4	4.0	2.9921e-07	-323386.0	7.0	8.53808e-05	1.0	12609.8	159.304	4282.53	96.8023	0.25352	0.00505227	1146.53	44.1053	
0.0-2.4	6.5-10.0	10.0-60.0	0.000-0.393	0.016	0.128	5499.0	5490.0	2954.2	61.8891	2535.8	58.4118	-0.0860097	0.0778286	-0.05	0.0	0.387134	0.0	3.09224	0.0	0.0498055	0.0	0.025971	0.0	0.03	0.0	1.492	0.0	5.0	0.0	1.733	0.0	0.0370634	0.0	8.49577e-05	0.000305158	0.23469	0.0112199	0.239612	0.0	0.0062101	0.0	0.00262123	0.000775325	1.68288	0.0	0.846896	0.0180049	0.412318	0.15512	0.764151	0.186548	0.314413	0.193073	0.0234112	0.00833057	0.174516	0.0208692	0.0733481	0.0304969	-8964.57	4.0	4.11118e-07	-45014.6	3.0	6.45595e-07	1.0	2231.07	58.602	723.127	38.4586	0.244779	0.0119658	1106.33	5.2401	
0.0-2.4	6.5-10.0	10.0-60.0	0.000-1.571	0.016	0.128	19039.0	18985.0	10924.4	119.054	8059.29	106.343	-0.122647	0.0437851	-0.05	0.0	0.387134	0.0	3.09224	0.0	0.0498055	0.0	0.025971	0.000467975	0.03	0.0	1.492	0.0	5.0	0.0	1.733	0.0	0.0370634	0.000100485	7.85463e-05	0.00017624	0.244495	0.00592751	0.239612	0.0	0.0062101	0.0	0.00207706	0.000427412	1.68288	0.0	0.881176	0.010337	0.496057	0.0330518	0.940477	0.0160813	0.491526	0.0358715	0.046813	0.00463588	0.20705	0.0106025	0.340913	0.0661449	-30912.8	4.0	1.89958e-05	-180366.0	4.0	9.53804e-05	1.0	8131.21	112.151	2793.22	75.1804	0.255686	0.00629251	1126.51	3.07418	
0.0-2.4	6.5-10.0	10.0-60.0	0.393-0.785	0.016	0.128	5007.0	4989.0	2853.88	60.1814	2135.11	53.8795	-0.143204	0.0850523	-0.05	0.0	0.387134	0.0	3.09224	0.0	0.0498055	0.0	0.025971	0.0	0.03	0.0	1.492	0.0	5.0	0.0	1.733	0.0	0.0370634	0.0	1.37048e-05	0.000223793	0.245143	0.0119578	0.239612	0.0	0.0062101	0.0	0.00298475	0.000924477	1.68288	0.0	0.965888	0.0231703	0.451742	0.0594069	0.905898	0.0666428	0.442948	0.076846	0.0389751	0.00913663	0.203088	0.0199659	0.184944	0.0787852	-8111.54	4.0	4.26913e-08	-40710.5	3.0	3.78636e-06	1.0	2165.47	57.8307	688.406	38.339	0.241218	0.0124337	1178.13	7.22221	
0.0-2.4	6.5-10.0	10.0-60.0	0.785-1.178	0.016	0.152	4374.0	4372.0	2607.95	57.1721	1764.03	49.2426	-0.0941749	0.0936921	-0.05	0.0	0.387134	0.0	3.09224	0.0	0.0498055	0.0	0.025971	0.0	0.03	0.0	1.492	0.0	5.0	0.0	1.733	0.0	0.0370634	0.0	6.88744e-05	0.000959106	0.258449	0.0127821	0.239612	0.0	0.0062101	0.0	0.000719889	0.000842052	1.68288	0.0	0.863837	0.0198533	1.0	6.60976	0.411007	0.00646639	0.579259	0.00406329	0.163057	9.46591	0.290679	0.00371141	0.083852	0.00124394	-7286.32	4.0	2.71933e-05	-35280.0	3.0	2.60084e-06	1.0	1926.79	53.5541	681.159	36.1503	0.261186	0.0126238	1116.25	5.8413	
0.0-2.4	6.5-10.0	10.0-60.0	1.178-1.571	0.016	0.136	4157.0	4153.0	2511.62	56.0419	1641.37	47.6485	-0.193405	0.0971843	-0.05	0.0	0.387134	0.0	3.09224	0.0	0.0498055	0.0	0.025971	0.0	0.03	0.0	1.492	0.0	5.0	0.0	1.733	0.0	0.0370634	0.0	0.000177731	0.000547176	0.244992	0.0116401	0.239612	0.0	0.0062101	0.0	0.000658734	0.000893111	1.68288	0.0	0.832553	0.0223023	0.512741	0.0448612	0.897818	0.032946	0.479419	0.045517	0.0570055	0.00771691	0.25665	0.0292604	0.50309	0.12095	-6634.08	4.0	6.22315e-05	-33331.5	3.0	4.1286e-06	1.0	1807.74	52.657	703.879	37.3151	0.280249	0.0134769	1098.03	6.42916	
0.0-2.4	6.5-30.0	0.0-10.0	0.000-0.393	0.008	0.16	4157.0	4155.0	1925.76	51.2947	2229.46	54.1739	0.0562887	0.0826302	-0.05	0.0	0.409916	0.0	3.09268	0.0	0.0477327	0.0	0.0250685	0.0	0.03	0.0	1.492	0.0	5.0	0.0	1.733	0.0	0.0361218	0.0	1.26048e-05	0.000103248	0.210554	0.0108566	0.192669	0.0	0.00388019	0.0	0.00276983	0.000953687	1.71096	0.0	1.00574	0.0239659	0.999885	19.6295	0.343483	0.243834	0.651725	0.139282	0.00745698	3.41104e-09	0.212386	0.0701969	0.113404	0.0491345	-5979.2	4.0	3.01336e-08	-32462.3	3.0	2.8566e-05	1.0	1318.96	47.5686	606.792	35.9129	0.315093	0.0166534	1175.01	8.2806	
0.0-2.4	6.5-30.0	0.0-10.0	0.000-1.571	0.008	0.184	15868.0	15868.0	7457.66	102.377	8411.19	106.931	-0.0712553	0.0425759	-0.05	0.0	0.409916	0.0	3.09268	0.0	0.0477327	0.0	0.0250685	0.000629805	0.03	0.0	1.492	0.0	5.0	0.0	1.733	0.0	0.0361218	0.000128958	3.80561e-05	6.9663e-05	0.225907	0.00630259	0.192669	0.0	0.00388019	0.0	0.00122386	0.000480707	1.71096	0.0	0.951695	0.0129601	0.820188	0.0790427	0.468163	0.0858384	0.469045	0.0524292	0.139709	0.0296433	0.213917	0.0132949	0.0610509	0.0130939	-22640.7	4.0	1.64202e-06	-145422.0	4.0	5.03869e-05	1.0	5277.06	95.2388	2180.6	68.6925	0.292398	0.0082904	1138.08	4.37476	
0.0-2.4	6.5-30.0	0.0-10.0	0.393-0.785	0.016	0.145	4162.0	4149.0	1843.85	50.5112	2305.38	54.8883	-0.360326	0.0815958	-0.05	0.0	0.409916	0.0	3.09268	0.0	0.0477327	0.0	0.0250685	0.0	0.03	0.0	1.492	0.0	5.0	0.0	1.733	0.0	0.0361218	0.0	1.59709e-05	0.00459193	0.26178	0.0134057	0.192669	0.0	0.00388019	0.0	0.00128726	0.000983198	1.71096	0.0	0.973427	0.0271039	0.712289	0.0660506	0.833949	0.179595	0.492839	0.0407099	0.0727598	0.0252681	0.154595	0.0125158	0.155479	0.0532987	-5423.27	4.0	1.22121e-05	-32283.9	3.0	4.4855e-05	1.0	1244.74	45.9787	599.113	34.9381	0.324924	0.0167276	1152.83	9.23832	
0.0-2.4	6.5-30.0	0.0-10.0	0.785-1.178	0.016	0.128	3955.0	3948.0	1922.99	50.5152	2025.11	51.5147	0.178664	0.086789	-0.05	0.0	0.409916	0.0	3.09268	0.0	0.0477327	0.0	0.0250685	0.0	0.03	0.0	1.492	0.0	5.0	0.0	1.733	0.0	0.0361218	0.0	1.21148e-05	0.0045937	0.246087	0.0136881	0.192669	0.0	0.00388019	0.0	0.0025638	0.000976101	1.71096	0.0	0.960676	0.0266774	0.487987	0.00286444	1.0	1.85829	0.399004	0.00331417	0.0573936	0.000453593	0.157051	0.0010647	0.110217	10.2341	-5789.66	4.0	3.19779e-05	-30826.7	3.0	1.90684e-05	1.0	1402.69	47.5061	520.3	32.9531	0.270568	0.0155929	1144.16	9.0418	
0.0-2.4	6.5-30.0	0.0-10.0	1.178-1.571	0.016	0.152	3592.0	3577.0	1744.12	48.2372	1832.61	49.1467	-0.145631	0.0913066	-0.05	0.0	0.409916	0.0	3.09268	0.0	0.0477327	0.0	0.0250685	0.0	0.03	0.0	1.492	0.0	5.0	0.0	1.733	0.0	0.0361218	0.0	1.3619e-05	0.00459301	0.191437	0.0125061	0.192669	0.0	0.00388019	0.0	0.00202125	0.000971436	1.71096	0.0	0.936549	0.0260937	0.527234	2.06385	0.480643	0.72173	0.397865	0.802855	0.00774636	1.9441e-08	0.35486	0.0389902	0.0817019	0.0128581	-5449.61	4.0	6.75823e-09	-27552.6	3.0	2.481e-05	1.0	1301.08	46.7892	443.04	32.319	0.254019	0.0171469	1127.89	8.74621	
0.0-2.4	6.5-30.0	0.0-100.0	0.000-1.571	0.008	0.136	41860.0	41797.0	23665.5	198.035	18131.3	183.524	-0.149272	0.030128	-0.05	0.0	0.409916	0.0326811	3.09268	0.000275756	0.0477327	0.00140682	0.0249977	0.000620638	0.03	0.0	1.492	0.0	5.0	0.0	1.733	0.0	0.0360928	0.000549182	3.37928e-05	7.02542e-05	0.245118	0.00377036	0.192669	0.0807587	0.00388019	0.00252376	0.00173819	0.000267143	1.71096	0.124629	0.918585	0.00711101	0.595271	0.0298027	0.941998	0.0180629	0.501376	0.023763	0.0572523	0.00523884	0.190469	0.0063108	0.280529	0.0588277	-67281.7	4.0	4.58352e-08	-429882.0	7.0	2.54103e-05	1.0	17025.5	175.575	6639.99	116.688	0.280577	0.00433581	1115.9	42.0183	
0.0-2.4	6.5-30.0	10.0-20.0	0.000-0.393	0.016	0.152	2873.0	2866.0	1515.75	44.4893	1350.17	42.5873	0.152704	0.106454	-0.05	0.0	0.409916	0.0	3.09268	0.0	0.0477327	0.0	0.0252761	0.0	0.03	0.0	1.492	0.0	5.0	0.0	1.733	0.0	0.0362071	0.0	1.22174e-05	0.000115125	0.266789	0.0145043	0.192669	0.0	0.00388019	0.0	-0.00123637	0.00107083	1.71096	0.0	0.944923	0.0256131	0.801406	0.900088	0.744032	0.227374	0.593644	0.27545	0.0162	0.0315509	0.156749	0.0215675	0.132992	0.0464798	-4292.67	4.0	2.3981e-05	-21610.1	3.0	1.98982e-05	1.0	1007.11	39.9682	508.646	30.7662	0.335573	0.0177477	1133.52	8.61889	
0.0-2.4	6.5-30.0	10.0-20.0	0.000-1.571	0.008	0.128	10082.0	10051.0	5454.54	85.1696	4596.0	79.9703	-0.135009	0.0578029	-0.05	0.0	0.409916	0.0	3.09268	0.0	0.0477327	0.0	0.0252761	0.000719062	0.03	0.0	1.492	0.0	5.0	0.0	1.733	0.0	0.036207	0.000148104	3.69757e-05	6.79802e-05	0.249877	0.00786936	0.192669	0.0	0.00388019	0.0	0.00199802	0.00058347	1.71096	0.0	0.942052	0.0154038	0.484864	0.0876709	0.880452	0.0266273	0.395016	0.0906801	0.0360325	0.00687404	0.172656	0.0143782	0.301813	0.0450014	-15239.4	4.0	2.86993e-05	-88615.1	4.0	2.43031e-05	1.0	3843.56	78.4056	1610.98	56.3772	0.295347	0.00924996	1131.59	5.1765	
0.0-2.4	6.5-30.0	10.0-20.0	0.393-0.785	0.008	0.128	2556.0	2546.0	1351.62	41.9322	1194.32	40.0128	-0.128579	0.113299	-0.05	0.0	0.409916	0.0	3.09268	0.0	0.0477327	0.0	0.0252761	0.0	0.03	0.0	1.492	0.0	5.0	0.0	1.733	0.0	0.0362071	0.0	1.64982e-05	0.00459169	0.249704	0.0175688	0.192669	0.0	0.00388019	0.0	0.00234728	0.00118812	1.71096	0.0	0.945708	0.0324434	0.469502	0.107233	0.888848	0.058202	0.183603	0.129637	0.0376124	0.00827364	0.138902	0.0141059	0.184669	0.0512807	-3943.24	4.0	3.1914e-07	-18903.3	3.0	1.465e-06	1.0	1034.55	40.2507	317.078	26.2064	0.234591	0.0179711	1134.05	10.9213	
0.0-2.4	6.5-30.0	10.0-20.0	0.785-1.178	0.008	0.152	2440.0	2438.0	1324.64	41.3144	1113.32	38.6719	-0.170708	0.117407	-0.05	0.0	0.409916	0.0	3.09268	0.0	0.0477327	0.0	0.0252761	0.0	0.03	0.0	1.492	0.0	5.0	0.0	1.733	0.0	0.0362071	0.0	2.75139e-05	0.00458662	0.263671	0.0184516	0.192669	0.0	0.00388019	0.0	0.000285143	0.00111425	1.71096	0.0	0.943132	0.0290838	0.999011	2.2599	0.417305	1.02839	0.571971	0.771026	0.00941377	3.51369	0.401383	0.0524891	0.0935886	0.0170368	-3664.86	4.0	1.02719e-07	-18046.4	3.0	8.90411e-06	1.0	948.143	38.1357	376.497	26.7905	0.284226	0.0181785	1132.31	9.77865	
0.0-2.4	6.5-30.0	10.0-20.0	1.178-1.571	0.008	0.12	2211.0	2203.0	1255.63	39.8604	947.286	35.7843	-0.536041	0.128596	-0.05	0.0	0.409916	0.0	3.09268	0.0	0.0477327	0.0	0.0252761	0.0	0.03	0.0	1.492	0.0	5.0	0.0	1.733	0.0	0.0362071	0.0	2.02273e-05	0.00458997	0.215476	0.0131938	0.192669	0.0	0.00388019	0.0	0.00106212	0.00130958	1.71096	0.0	0.931958	0.0359974	0.573137	0.0708834	0.831551	0.0674385	0.438428	0.0783373	0.0513842	0.0127723	0.142958	0.0189544	0.353758	0.0857099	-3397.39	4.0	8.82339e-07	-16176.3	3.0	6.55828e-06	1.0	825.678	37.2432	429.955	29.7711	0.342421	0.0210714	1124.82	12.0394	
0.0-2.4	6.5-30.0	10.0-30.0	0.000-0.393	0.008	0.128	4853.0	4848.0	2668.51	58.4815	2179.42	54.1387	0.0409887	0.0838643	-0.05	0.0	0.409916	0.0	3.09268	0.0	0.0477327	0.0	0.0245054	0.0	0.03	0.0	1.492	0.0	5.0	0.0	1.733	0.0	0.0358931	0.0	1.2601e-05	0.000103615	0.269215	0.0118748	0.192669	0.0	0.00388019	0.0	0.00153001	0.000773646	1.71096	0.0	0.897197	0.0190684	0.517087	0.301348	0.697127	0.211344	0.388838	0.243628	0.0215663	0.0132513	0.15926	0.0219238	0.0853722	0.0300318	-7829.61	4.0	2.33737e-06	-39297.6	3.0	2.19644e-05	1.0	1901.71	53.4822	766.797	37.4937	0.28735	0.0125602	1101.77	6.26808	
0.0-2.4	6.5-30.0	10.0-30.0	0.000-1.571	0.008	0.128	17064.0	17017.0	9716.46	111.997	7300.55	100.634	-0.140266	0.045934	-0.05	0.0	0.409916	0.0	3.09268	0.0	0.0477327	0.0	0.0245054	0.000497966	0.03	0.0	1.492	0.0	5.0	0.0	1.733	0.0	0.035893	0.000100308	3.69757e-05	6.79802e-05	0.251233	0.00596695	0.192669	0.0	0.00388019	0.0	0.00207845	0.000417188	1.71096	0.0	0.908447	0.0110344	0.491182	0.0566493	0.920655	0.0182292	0.410609	0.0593597	0.0390547	0.00487072	0.179041	0.00889	0.277372	0.0420906	-27600.2	4.0	2.9894e-06	-159908.0	4.0	3.39036e-07	1.0	6958.84	103.403	2757.62	72.5863	0.283809	0.0067161	1109.18	3.6481	
0.0-2.4	6.5-30.0	10.0-30.0	0.393-0.785	0.008	0.128	4414.0	4394.0	2467.62	55.855	1926.35	50.7794	-0.147928	0.0893405	-0.05	0.0	0.409916	0.0	3.09268	0.0	0.0477327	0.0	0.0245054	0.0	0.03	0.0	1.492	0.0	5.0	0.0	1.733	0.0	0.0358931	0.0	1.64982e-05	0.00459169	0.238557	0.0115038	0.192669	0.0	0.00388019	0.0	0.00273046	0.000850552	1.71096	0.0	0.929061	0.0234059	0.474614	0.0967731	0.913764	0.044527	0.308725	0.114529	0.0351166	0.00757449	0.156335	0.0122894	0.177068	0.0469665	-7182.34	4.0	1.55469e-06	-35291.8	3.0	8.85811e-06	1.0	1805.45	52.8141	662.17	36.6592	0.268344	0.0135576	1122.88	7.8173	
0.0-2.4	6.5-30.0	10.0-30.0	0.785-1.178	0.008	0.152	3983.0	3981.0	2334.46	53.9673	1646.5	47.166	-0.226265	0.0968736	-0.05	0.0	0.409916	0.0	3.09268	0.0	0.0477327	0.0	0.0245054	0.0	0.03	0.0	1.492	0.0	5.0	0.0	1.733	0.0	0.0358931	0.0	2.75139e-05	0.00458662	0.276451	0.0136666	0.192669	0.0	0.00388019	0.0	6.45765e-05	0.000823926	1.71096	0.0	0.904922	0.0214627	1.0	0.928561	0.432477	0.113786	0.53131	0.0862925	0.123554	40.5356	0.30618	0.0398324	0.0813565	0.018347	-6462.39	4.0	7.28327e-08	-31737.2	3.0	9.75602e-06	1.0	1672.99	49.5869	661.474	34.5962	0.283352	0.0132935	1106.85	7.08314	
0.0-2.4	6.5-30.0	10.0-30.0	1.178-1.571	0.008	0.145	3812.0	3810.0	2245.89	53.0056	1564.08	46.1283	-0.294814	0.0995256	-0.05	0.0	0.409916	0.0	3.09268	0.0	0.0477327	0.0	0.0245054	0.0	0.03	0.0	1.492	0.0	5.0	0.0	1.733	0.0	0.0358931	0.0	1.49137e-05	0.00459242	0.215628	0.0104894	0.192669	0.0	0.00388019	0.0	0.000602036	0.000896651	1.71096	0.0	0.890622	0.0247878	0.539989	0.0501852	0.896142	0.0367776	0.448914	0.0558787	0.0482281	0.00776496	0.192261	0.0187134	0.3951	0.0876145	-6207.76	4.0	6.91602e-07	-30204.8	3.0	5.10335e-06	1.0	1551.23	49.7867	694.653	37.5118	0.3093	0.0150228	1097.45	8.12024	
0.0-2.4	6.5-30.0	10.0-60.0	0.000-0.393	0.016	0.128	7059.0	7035.0	4099.62	71.6201	2935.38	62.9703	-0.0956326	0.0724519	-0.05	0.0	0.409916	0.0	3.09268	0.0	0.0477327	0.0	0.0251812	0.0	0.03	0.0	1.492	0.0	5.0	0.0	1.733	0.0	0.036168	0.0	1.21948e-05	0.000116701	0.237279	0.00886899	0.192669	0.0	0.00388019	0.0	-0.000277579	0.0006094	1.71096	0.0	0.837287	0.0153518	0.856847	0.0615127	0.408852	0.0895182	0.235588	0.153906	0.108745	0.0298324	0.180236	0.0127719	0.028513	0.00705582	-12092.7	4.0	1.198e-06	-60035.7	3.0	9.32238e-07	1.0	2955.22	66.9315	1144.4	47.0547	0.279149	0.0103903	1063.01	4.8811	
0.0-2.4	6.5-30.0	10.0-60.0	0.000-1.571	0.008	0.128	24982.0	24926.0	15356.2	138.71	9569.87	115.992	-0.215171	0.0402834	-0.05	0.0	0.409916	0.0	3.09268	0.0	0.0477327	0.0	0.0251812	0.000393389	0.03	0.0	1.492	0.0	5.0	0.0	1.733	0.0	0.036168	8.08087e-05	3.69757e-05	6.79802e-05	0.240291	0.00464287	0.192669	0.0	0.00388019	0.0	-0.00033087	0.000329868	1.71096	0.0	0.858034	0.00873024	0.933587	0.0173833	0.369904	0.0298688	0.279817	0.0562247	0.265257	0.0494544	0.239809	0.00902282	0.044257	0.00413285	-42937.8	4.0	9.13108e-06	-245629.0	4.0	3.32072e-07	1.0	11026.1	129.609	4330.05	91.6995	0.281975	0.00540107	1076.29	2.80947	
0.0-2.4	6.5-30.0	10.0-60.0	0.393-0.785	0.008	0.128	6530.0	6510.0	3982.79	69.9835	2527.19	58.669	-0.252352	0.0783858	-0.05	0.0	0.409916	0.0	3.09268	0.0	0.0477327	0.0	0.0251812	0.0	0.03	0.0	1.492	0.0	5.0	0.0	1.733	0.0	0.036168	0.0	1.64982e-05	0.00459169	0.241778	0.00936996	0.192669	0.0	0.00388019	0.0	0.00179901	0.00068057	1.71096	0.0	0.929709	0.0189809	0.49138	0.0795174	0.942088	0.0385754	0.334057	0.0928522	0.0395306	0.0069175	0.182854	0.0125965	0.194264	0.0753566	-11215.4	4.0	3.84321e-06	-55388.8	3.0	1.64883e-05	1.0	2943.1	66.4129	1039.69	45.4974	0.261045	0.0104622	1123.32	6.34138	
0.0-2.4	6.5-30.0	10.0-60.0	0.785-1.178	0.008	0.152	5787.0	5785.0	3673.44	66.9005	2111.53	53.9812	-0.211316	0.0858898	-0.05	0.0	0.409916	0.0	3.09268	0.0	0.0477327	0.0	0.0251812	0.0	0.03	0.0	1.492	0.0	5.0	0.0	1.733	0.0	0.036168	0.0	2.75139e-05	0.00458662	0.249985	0.0100196	0.192669	0.0	0.00388019	0.0	0.00150774	0.000664574	1.71096	0.0	0.870955	0.0172558	0.419144	0.407643	0.626158	0.225295	0.20352	0.658639	0.00994452	0.0201976	0.302659	0.0260471	0.0800784	0.0118681	-10140.0	4.0	4.3007e-08	-48752.8	3.0	1.39611e-05	1.0	2654.95	62.1706	1018.49	43.259	0.277257	0.0106387	1084.63	5.59331	
0.0-2.4	6.5-30.0	10.0-60.0	1.178-1.571	0.008	0.152	5605.0	5603.0	3589.93	66.1498	2012.97	52.9027	-0.34874	0.0881175	-0.05	0.0	0.409916	0.0	3.09268	0.0	0.0477327	0.0	0.0251812	0.0	0.03	0.0	1.492	0.0	5.0	0.0	1.733	0.0	0.036168	0.0	1.96612e-05	0.00459023	0.24191	0.00911278	0.192669	0.0	0.00388019	0.0	0.00101573	0.000712304	1.71096	0.0	0.879068	0.0192385	0.562333	0.039685	0.925155	0.0226903	0.412443	0.0480453	0.0521951	0.00655079	0.21126	0.0193455	0.5421	0.118385	-9473.99	4.0	8.01377e-07	-47056.7	3.0	3.17576e-05	1.0	2505.44	61.4707	1084.49	45.2398	0.302092	0.0113058	1089.9	6.26363	
0.0-2.4	6.5-30.0	20.0-30.0	0.000-0.393	0.016	0.105	1979.0	1969.0	1144.39	37.8321	824.6	33.3387	-0.126497	0.136574	-0.05	0.0	0.409916	0.0	3.09268	0.0	0.0477327	0.0	0.0235765	0.0	0.03	0.0	1.492	0.0	5.0	0.0	1.733	0.0	0.035524	0.0	1.20125e-05	0.000129932	0.27277	0.0204644	0.192669	0.0	0.00388019	0.0	0.00309748	0.00113045	1.71096	0.0	0.87907	0.0278917	0.527283	0.151561	0.817612	0.777486	0.403974	0.146803	0.0525754	0.0150764	0.141048	0.0258873	0.041952	0.0493339	-3515.79	4.0	1.602e-05	-14304.0	3.0	3.25826e-06	1.0	882.713	35.4004	261.68	21.8283	0.228663	0.0175123	1089.9	9.08095	
0.0-2.4	6.5-30.0	20.0-30.0	0.000-1.571	0.008	0.152	6982.0	6982.0	4264.04	72.8522	2717.76	61.3311	-0.154578	0.0754472	-0.05	0.0	0.409916	0.0	3.09268	0.0	0.0477327	0.0	0.0235765	0.00069121	0.03	0.0	1.492	0.0	5.0	0.0	1.733	0.0	0.035524	0.000135348	1.79985e-05	0.004591	0.253579	0.00918442	0.192669	0.0	0.00388019	0.0	0.00243909	0.000593656	1.71096	0.0	0.861264	0.0157046	0.481014	0.0552335	0.987845	0.0134865	0.400029	0.0681392	0.0420722	0.00533426	0.176267	0.0109939	0.316742	0.188086	-12400.6	4.0	7.28399e-06	-59952.6	4.0	1.96382e-05	1.0	3120.42	67.4885	1143.62	45.7623	0.268202	0.00970473	1078.37	5.06311	
0.0-2.4	6.5-30.0	20.0-30.0	0.393-0.785	0.016	0.145	1858.0	1850.0	1106.04	36.7816	743.793	31.4735	-0.178632	0.143948	-0.05	0.0	0.409916	0.0	3.09268	0.0	0.0477327	0.0	0.0235765	0.0	0.03	0.0	1.492	0.0	5.0	0.0	1.733	0.0	0.035524	0.0	1.59709e-05	0.00459193	0.228887	0.0152625	0.192669	0.0	0.00388019	0.0	0.00280922	0.00121681	1.71096	0.0	0.903781	0.0331287	0.595582	0.169223	0.976018	0.0270473	0.546588	0.129109	0.0425414	0.0147151	0.178723	0.0217822	0.44643	0.332699	-3212.63	4.0	6.54352e-05	-13408.2	3.0	9.46459e-05	1.0	765.951	34.1847	340.091	25.4497	0.307485	0.0206128	1106.1	10.9268	
0.0-2.4	6.5-30.0	20.0-30.0	0.785-1.178	0.016	0.12	1542.0	1532.0	999.417	34.5224	532.498	26.9224	-0.340928	0.17135	-0.05	0.0	0.409916	0.0	3.09268	0.0	0.0477327	0.0	0.0235765	0.0	0.03	0.0	1.492	0.0	5.0	0.0	1.733	0.0	0.035524	0.0	1.13479e-05	0.00459405	0.298874	0.0205781	0.192669	0.0	0.00388019	0.0	1.65854e-05	0.00119475	1.71096	0.0	0.813364	0.0313399	0.836357	0.226696	0.455251	0.235135	0.105651	0.506557	0.0826873	0.0645119	0.143324	0.0212704	0.0238686	0.0327719	-2807.37	4.0	3.29614e-06	-10957.4	3.0	6.00114e-05	1.0	712.19	31.2695	287.227	21.7029	0.287394	0.0193136	1047.91	9.8193	
0.0-2.4	6.5-30.0	20.0-30.0	1.178-1.571	0.008	0.128	1601.0	1597.0	989.424	34.904	607.478	28.9199	0.0445148	0.159347	-0.05	0.0	0.409916	0.0	3.09268	0.0	0.0477327	0.0	0.0235765	0.0	0.03	0.0	1.492	0.0	5.0	0.0	1.733	0.0	0.035524	0.0	3.66622e-05	0.000202958	0.214731	0.0171292	0.192669	0.0	0.00388019	0.0	-0.00078061	0.00121409	1.71096	0.0	0.793648	0.0347376	0.580216	0.107248	0.492911	0.129236	0.113507	0.140298	0.0414559	0.0116985	0.300474	0.0423707	0.0327213	0.0109812	-2814.37	4.0	2.29056e-05	-11365.1	3.0	3.40305e-05	1.0	720.816	33.0785	268.608	23.1814	0.271479	0.0213824	1035.63	10.7459	
0.0-2.4	6.5-30.0	30.0-60.0	0.000-0.393	0.016	0.12	2205.0	2197.0	1436.18	41.3654	760.775	32.1836	-0.493916	0.1441	-0.05	0.0	0.409916	0.0	3.09268	0.0	0.0477327	0.0	0.0261844	0.0	0.03	0.0	1.492	0.0	5.0	0.0	1.733	0.0	0.036586	0.0	1.21545e-05	0.000118996	0.183615	0.0119316	0.192669	0.0	0.00388019	0.0	0.000354831	0.000933222	1.71096	0.0	0.75829	0.0245222	0.66481	0.29608	0.618302	0.306856	0.196781	0.221507	0.0381925	0.0209721	0.214233	0.0234157	0.020006	0.0735821	-4342.99	4.0	1.8547e-06	-16493.0	3.0	5.88425e-06	1.0	1055.19	39.7555	380.994	27.8792	0.265283	0.0178451	1014.02	7.40236	
0.0-2.4	6.5-30.0	30.0-60.0	0.000-1.571	0.008	0.145	7918.0	7914.0	5635.49	81.6812	2279.2	57.5811	-0.466229	0.0837134	-0.05	0.0	0.409916	0.0	3.09268	0.0	0.0477327	0.0	0.0261844	0.00063556	0.03	0.0	1.492	0.0	5.0	0.0	1.733	0.0	0.036586	0.000134205	3.69686e-05	0.0287936	0.227793	0.00735345	0.192669	0.0	0.00388019	0.0	0.000232029	0.000537071	1.71096	0.0	0.815933	0.0142667	0.72727	0.123792	0.527438	0.105355	0.148647	0.059049	0.0522006	0.0122233	0.272481	0.019018	0.0410977	0.00919876	-15472.7	4.0	1.14086e-06	-70335.7	4.0	6.47254e-05	1.0	4110.01	77.2056	1525.49	53.8601	0.270693	0.00871485	1049.52	4.47721	
0.0-2.4	6.5-30.0	30.0-60.0	0.393-0.785	0.016	0.096	2115.0	2097.0	1496.95	41.815	600.002	29.1822	-0.599829	0.163693	-0.05	0.0	0.409916	0.0	3.09268	0.0	0.0477327	0.0	0.0261844	0.0	0.03	0.0	1.492	0.0	5.0	0.0	1.733	0.0	0.036586	0.0	1.00324e-05	0.000766952	0.238807	0.0162001	0.192669	0.0	0.00388019	0.0	-0.00155122	0.001128	1.71096	0.0	0.88121	0.0321383	0.830422	0.906085	0.357489	0.297862	0.064752	0.0887527	0.0369209	0.0419275	0.291027	0.0407184	0.04532	0.00909783	-4076.35	4.0	3.82913e-05	-15866.2	3.0	4.47225e-06	1.0	1120.78	40.1658	376.172	27.2685	0.251293	0.0168093	1091.3	10.4756	
0.0-2.4	6.5-30.0	30.0-60.0	0.785-1.178	0.008	0.12	1803.0	1799.0	1337.62	39.385	461.371	25.9807	-0.18637	0.185859	-0.05	0.0	0.409916	0.0	3.09268	0.0	0.0477327	0.0	0.0261844	0.0	0.03	0.0	1.492	0.0	5.0	0.0	1.733	0.0	0.036586	0.0	1.26912e-05	0.00459344	0.197582	0.0131773	0.192669	0.0	0.00388019	0.0	0.000527663	0.00113943	1.71096	0.0	0.825204	0.0282287	0.883864	0.255736	0.543218	0.265238	0.248956	0.0827513	0.0671587	0.0432923	0.242369	0.0393177	0.0585184	0.0235686	-3735.09	4.0	1.92199e-06	-13431.0	3.0	1.54353e-06	1.0	972.833	38.0918	364.785	27.3104	0.272712	0.0187719	1055.36	8.90995	
0.0-2.4	6.5-30.0	30.0-60.0	1.178-1.571	0.008	0.105	1792.0	1785.0	1337.67	39.3694	447.308	25.6832	-0.532185	0.189438	-0.05	0.0	0.409916	0.0	3.09268	0.0	0.0477327	0.0	0.0261844	0.0	0.03	0.0	1.492	0.0	5.0	0.0	1.733	0.0	0.036586	0.0	4.85093e-05	0.000406753	0.281283	0.0167636	0.192669	0.0	0.00388019	0.0	0.00148875	0.0011787	1.71096	0.0	0.847968	0.0305879	0.67158	0.108045	0.601616	0.165417	0.172155	0.10788	0.0472034	0.0305099	0.376236	0.0565699	0.0653627	0.0248807	-3338.22	4.0	1.50731e-05	-13314.0	3.0	1.15421e-06	1.0	936.034	36.0556	401.635	26.0921	0.30025	0.0173891	1069.83	9.78673	
0.0-2.4	6.5-8.0	0.0-100.0	0.000-1.571	0.016	0.136	20551.0	20503.0	9399.38	137.705	11103.9	143.738	-0.0336075	0.0402396	-0.05	0.0	0.56309	0.075359	3.09036	0.000501148	0.0279188	0.00136854	0.0584254	0.00653512	0.03	0.0	1.492	0.0	5.0	0.0	1.733	0.0	0.0439353	0.00222259	1.09347e-05	0.000200957	0.245499	0.00704825	0.305289	0.105534	0.0099999	0.0123306	0.00248986	0.000485515	1.67893	0.121704	0.892541	0.0110463	0.508955	0.0422249	0.89497	0.0313436	0.572284	0.0324673	0.06121	0.0075957	0.169059	0.0101872	0.262974	0.0440515	-28790.9	4.0	8.01624e-06	-192214.0	7.0	3.77816e-05	1.0	7301.35	124.906	2098.04	71.4438	0.22321	0.00686149	1189.11	52.0517	
0.0-2.4	6.5-8.0	10.0-60.0	0.000-0.393	0.016	0.128	3402.0	3396.0	1623.56	47.743	1772.6	49.2783	-0.145743	0.0932961	-0.05	0.0	0.56309	0.0	3.09036	0.0	0.0279188	0.0	0.059352	0.0	0.03	0.0	1.492	0.0	5.0	0.0	1.733	0.0	0.0444746	0.0	0.000280358	0.0026809	0.258282	0.017678	0.305289	0.0	0.0099999	0.0	0.000816006	0.0011262	1.67893	0.0	0.888138	0.0236606	0.541963	0.760858	0.746055	0.281351	0.606931	0.331302	0.0156603	0.014138	0.186975	0.0268961	0.107679	0.04198	-5020.83	4.0	3.20825e-06	-25816.1	3.0	1.64106e-05	1.0	1250.36	45.2699	373.198	28.5984	0.229864	0.0162661	1186.82	6.1503	
0.0-2.4	6.5-8.0	10.0-60.0	0.000-1.571	0.016	0.128	11745.0	11700.0	6147.58	111.811	5552.62	109.1	-0.0594043	0.0529876	-0.05	0.0	0.56309	0.0	3.09036	0.0	0.0279188	0.0	0.059352	0.00333589	0.03	0.0	1.492	0.0	5.0	0.0	1.733	0.0	0.0444746	0.000972517	7.52817e-05	0.000340218	0.24685	0.0086358	0.305289	0.0	0.0099999	0.0	0.0012647	0.000618653	1.67893	0.0	0.886316	0.013628	0.50714	0.0796382	0.868729	0.0404935	0.617369	0.052667	0.0515467	0.011164	0.219592	0.0154012	0.276787	0.0499836	-17647.5	4.0	9.65552e-06	-104211.0	4.0	5.23368e-05	1.0	4719.25	100.316	1428.34	58.0597	0.232341	0.00844617	1185.87	3.53799	
0.0-2.4	6.5-8.0	10.0-60.0	0.393-0.785	0.016	0.128	3058.0	3040.0	1592.26	46.5059	1447.74	44.9253	-0.022495	0.103527	-0.05	0.0	0.56309	0.0	3.09036	0.0	0.0279188	0.0	0.059352	0.0	0.03	0.0	1.492	0.0	5.0	0.0	1.733	0.0	0.0444746	0.0	3.68991e-05	0.00458231	0.232706	0.0169275	0.305289	0.0	0.0099999	0.0	0.00177853	0.00135669	1.67893	0.0	0.974941	0.0294715	0.445916	0.225687	0.745833	0.22737	0.547953	0.162846	0.038737	0.0220972	0.177873	0.0355241	0.127787	0.0580741	-4712.76	4.0	0.00013704	-22967.7	3.0	1.03704e-09	1.0	1261.15	45.4936	331.108	28.3967	0.207948	0.0167681	1233.24	8.09296	
0.0-2.4	6.5-8.0	10.0-60.0	0.785-1.178	0.016	0.152	2692.0	2690.0	1497.06	44.5062	1192.93	40.9477	0.0649484	0.114266	-0.05	0.0	0.56309	0.0	3.09036	0.0	0.0279188	0.0	0.059352	0.0	0.03	0.0	1.492	0.0	5.0	0.0	1.733	0.0	0.0444746	0.0	0.000162346	0.00052087	0.205455	0.0163722	0.305289	0.0	0.0099999	0.0	-0.000424201	0.00119645	1.67893	0.0	0.827075	0.0256361	0.999983	1.55196	0.301457	0.054632	0.572249	0.0378206	0.111007	2.77113	0.386381	0.0432805	0.0881837	0.0107414	-4285.21	4.0	3.43106e-05	-20144.0	3.0	4.13479e-06	1.0	1152.06	43.3996	345.0	28.5601	0.230452	0.0178048	1155.75	6.37243	
0.0-2.4	6.5-8.0	10.0-60.0	1.178-1.571	0.024	0.136	2591.0	2585.0	1437.37	43.6744	1147.63	40.2202	-0.106521	0.116385	-0.05	0.0	0.56309	0.0	3.09036	0.0	0.0279188	0.0	0.059352	0.0	0.03	0.0	1.492	0.0	5.0	0.0	1.733	0.0	0.0444746	0.0	1.00919e-05	0.00212113	0.284507	0.0177701	0.305289	0.0	0.0099999	0.0	0.000967281	0.00123588	1.67893	0.0	0.801723	0.0297197	0.406703	0.0656705	0.813151	0.0671085	0.556911	0.056375	0.0537485	0.0102795	0.270853	0.0381639	0.394123	0.0832277	-3727.04	4.0	1.24446e-06	-19238.4	3.0	6.60223e-07	1.0	1041.96	40.335	395.41	27.7293	0.275093	0.0173869	1143.28	7.2392	
0.0-2.4	8.0-10.0	0.0-100.0	0.000-1.571	0.016	0.184	12014.0	12014.0	7594.88	105.989	4419.14	89.7592	-0.182306	0.0607809	-0.05	0.0	0.461172	0.0493493	3.09318	0.000452219	0.045793	0.00193352	0.0222811	0.0010474	0.03	0.0	1.492	0.0	5.0	0.0	1.733	0.0	0.0351365	0.000827942	8.20597e-05	0.000220638	0.263145	0.00693274	0.223696	0.161641	0.000490403	0.00440363	0.00269194	0.000501291	1.60773	0.189769	0.901421	0.0135326	0.578736	0.0617323	0.978835	0.0126483	0.465325	0.0554327	0.0476225	0.0064429	0.232423	0.0117013	0.369443	0.17759	-20821.2	4.0	2.03457e-06	-110256.0	7.0	1.37538e-06	1.0	5409.81	94.1726	2185.07	64.021	0.287703	0.00741189	1099.55	72.2769	
0.0-2.4	8.0-10.0	10.0-60.0	0.000-0.393	0.016	0.145	2097.0	2095.0	1353.58	40.2406	741.418	31.7356	0.0193065	0.144273	-0.05	0.0	0.461172	0.0	3.09318	0.0	0.045793	0.0	0.0233347	0.0	0.03	0.0	1.492	0.0	5.0	0.0	1.733	0.0	0.0355031	0.0	8.51781e-05	0.000319537	0.204737	0.0134548	0.223696	0.0	0.000490403	0.0	0.00145003	0.00112222	1.60773	0.0	0.829785	0.0283276	0.567878	0.0120056	0.999997	2.68812	0.321816	0.014709	0.0418717	0.00158993	0.15576	0.00410486	0.0200001	20.6463	-4006.33	4.0	3.16665e-08	-15618.9	3.0	2.06642e-06	1.0	995.661	38.2637	357.916	26.4796	0.264422	0.0179137	1054.86	8.64933	
0.0-2.4	8.0-10.0	10.0-60.0	0.000-1.571	0.016	0.145	7294.0	7292.0	4876.7	76.5403	2414.84	58.2798	-0.310445	0.0804573	-0.05	0.0	0.461172	0.0	3.09318	0.0	0.045793	0.0	0.0233347	0.000712339	0.03	0.0	1.492	0.0	5.0	0.0	1.733	0.0	0.0355031	0.000126137	8.96232e-05	0.000224682	0.239425	0.00803601	0.223696	0.0	0.000490403	0.0	0.00183891	0.000614687	1.60773	0.0	0.835588	0.0164995	0.570884	0.0900029	0.74942	0.164525	0.247271	0.0960142	0.0427811	0.00690523	0.231376	0.016425	0.0426419	0.0135465	-13481.8	4.0	1.58288e-07	-63750.2	4.0	5.66101e-05	1.0	3492.23	71.3232	1384.47	50.5462	0.283894	0.00935822	1058.41	5.05605	
0.0-2.4	8.0-10.0	10.0-60.0	0.393-0.785	0.016	0.12	1948.0	1947.0	1289.19	39.1005	657.804	29.9575	-0.425647	0.154205	-0.05	0.0	0.461172	0.0	3.09318	0.0	0.045793	0.0	0.0233347	0.0	0.03	0.0	1.492	0.0	5.0	0.0	1.733	0.0	0.0355031	0.0	0.000180866	0.000958622	0.251565	0.0163579	0.223696	0.0	0.000490403	0.0	0.00135384	0.00125826	1.60773	0.0	0.868008	0.0384277	0.669585	0.110943	0.684236	0.245012	0.23019	0.172012	0.0422838	0.0127456	0.249477	0.030069	0.0364941	0.0166471	-3494.57	4.0	4.52894e-07	-14440.6	3.0	6.83741e-06	1.0	916.479	36.6168	372.707	26.3805	0.289103	0.0184891	1078.47	12.005	
0.0-2.4	8.0-10.0	10.0-60.0	0.785-1.178	0.016	0.112	1682.0	1677.0	1140.0	36.7369	536.966	27.3251	-0.441598	0.171412	-0.05	0.0	0.461172	0.0	3.09318	0.0	0.045793	0.0	0.0233347	0.0	0.03	0.0	1.492	0.0	5.0	0.0	1.733	0.0	0.0355031	0.0	0.000152887	0.000500196	0.30825	0.0192094	0.223696	0.0	0.000490403	0.0	0.00211362	0.00123595	1.60773	0.0	0.880505	0.0328868	0.694092	1.23374	0.999999	1.55535	0.58743	0.840627	0.0515395	0.119233	0.173835	0.0861645	0.0202499	89.2598	-3053.68	4.0	5.66989e-06	-12222.9	3.0	1.15016e-05	1.0	789.037	32.9729	350.958	23.845	0.307859	0.0184143	1086.31	10.3467	
0.0-2.4	8.0-10.0	10.0-60.0	1.178-1.571	0.008	0.12	1565.0	1563.0	1095.68	35.821	467.321	25.5885	-0.475669	0.184012	-0.05	0.0	0.461172	0.0	3.09318	0.0	0.045793	0.0	0.0233347	0.0	0.03	0.0	1.492	0.0	5.0	0.0	1.733	0.0	0.0355031	0.0	0.000146321	0.00058429	0.195505	0.0137902	0.223696	0.0	0.000490403	0.0	-0.00102235	0.00136101	1.60773	0.0	0.8178	0.0353254	0.79874	0.160879	0.526055	0.190607	0.218102	0.117084	0.0583657	0.0276195	0.351868	0.0522851	0.0597672	0.0192546	-2976.65	4.0	1.93107e-07	-11345.7	3.0	6.0841e-06	1.0	771.506	34.5698	324.175	25.9076	0.295866	0.0215762	1047.57	10.7042	
1.2-1.6	6.5-30.0	0.0-100.0	0.000-1.571	0.008	0.136	10754.0	10738.0	5693.41	107.774	5044.72	104.594	-0.0536614	0.0585969	-0.05	0.0	0.483754	0.100512	3.09139	0.000695636	0.0456288	0.0029678	0.0315785	0.00156242	0.03	0.0	1.492	0.0	5.0	0.0	1.733	0.0	0.0390124	0.00114003	2.31047e-05	0.000294422	0.221134	0.00730466	0.103775	0.0507441	0.00999984	0.0195355	0.00159764	0.000528126	2.09199	0.256609	0.949763	0.0138042	0.745216	0.0914925	0.47681	0.10003	0.347007	0.0955284	0.10121	0.0202525	0.210154	0.0140399	0.0412466	0.0107754	-16510.6	4.0	9.88423e-05	-94872.5	7.0	4.78786e-06	1.0	4126.16	94.8479	1567.25	61.446	0.275274	0.00945117	1123.66	46.6958	
1.2-1.6	6.5-30.0	10.0-60.0	0.000-0.393	0.016	0.12	1875.0	1871.0	1024.82	36.2786	846.177	33.7266	0.0422063	0.134542	-0.05	0.0	0.483754	0.0	3.09139	0.0	0.0456288	0.0	0.0313601	0.0	0.03	0.0	1.492	0.0	5.0	0.0	1.733	0.0	0.0389214	0.0	3.25785e-05	0.00458429	0.206126	0.0169998	0.103775	0.0	0.00999984	0.0	0.000211777	0.00127794	2.09199	0.0	0.972858	0.0315795	0.873631	0.0739124	0.320246	0.0626588	3.52792e-05	0.741079	0.144488	0.0616829	0.172443	0.023472	0.0236072	0.00862382	-3073.79	4.0	4.11382e-05	-13328.8	3.0	2.58403e-06	1.0	769.248	35.4231	255.568	24.3945	0.249379	0.0221063	1141.23	12.0634	
1.2-1.6	6.5-30.0	10.0-60.0	0.000-1.571	0.008	0.128	6336.0	6326.0	3691.61	69.5715	2634.47	61.5075	-0.214376	0.0766495	-0.05	0.0	0.483754	0.0	3.09139	0.0	0.0456288	0.0	0.0313601	0.00126259	0.03	0.0	1.492	0.0	5.0	0.0	1.733	0.0	0.0389214	0.000262591	2.94195e-05	0.000284662	0.211255	0.00890824	0.103775	0.0	0.00999984	0.0	0.00185131	0.000684318	2.09199	0.0	0.997854	0.0175648	0.654763	0.0838216	0.647154	0.313403	0.379327	0.329943	0.0811963	0.0143503	0.208777	0.0156839	0.022862	0.0737713	-10486.7	4.0	1.12815e-05	-53075.8	4.0	2.75903e-06	1.0	2723.17	66.9092	968.436	46.6492	0.262335	0.0116293	1160.41	6.76841	
1.2-1.6	6.5-30.0	10.0-60.0	0.393-0.785	0.008	0.112	1676.0	1665.0	919.301	34.4337	745.637	31.8122	-0.336664	0.144017	-0.05	0.0	0.483754	0.0	3.09139	0.0	0.0456288	0.0	0.0313601	0.0	0.03	0.0	1.492	0.0	5.0	0.0	1.733	0.0	0.0389214	0.0	1.71581e-05	0.00459138	0.187194	0.0159341	0.103775	0.0	0.00999984	0.0	0.00172838	0.00148431	2.09199	0.0	1.12473	0.0359599	0.71079	0.137823	0.999909	1.20707	0.712141	0.062137	0.10855	0.0402534	0.258468	0.0353716	0.0310759	1.99483	-2635.08	4.0	0.000108845	-11666.1	3.0	8.46378e-06	1.0	658.59	34.2603	260.711	25.7022	0.283597	0.0258618	1260.12	14.3827	
1.2-1.6	6.5-30.0	10.0-60.0	0.785-1.178	0.008	0.128	1431.0	1429.0	875.722	33.0206	553.246	27.712	-0.437856	0.16833	-0.05	0.0	0.483754	0.0	3.09139	0.0	0.0456288	0.0	0.0313601	0.0	0.03	0.0	1.492	0.0	5.0	0.0	1.733	0.0	0.0389214	0.0	7.39757e-05	0.000766255	0.194627	0.0175917	0.103775	0.0	0.00999984	0.0	0.000544822	0.00129632	2.09199	0.0	0.925545	0.0338494	0.600062	0.0261971	0.999996	2.1041	0.429821	0.0272258	0.0582216	0.00484452	0.151283	0.00806448	0.051248	12.1417	-2584.18	4.0	2.13542e-06	-9925.82	3.0	1.01628e-05	1.0	671.207	32.5068	204.515	21.8085	0.233538	0.0232946	1105.4	12.7004	
1.2-1.6	6.5-30.0	10.0-60.0	1.178-1.571	0.008	0.128	1352.0	1350.0	869.91	32.6602	480.01	26.0158	-0.256352	0.180267	-0.05	0.0	0.483754	0.0	3.09139	0.0	0.0456288	0.0	0.0313601	0.0	0.03	0.0	1.492	0.0	5.0	0.0	1.733	0.0	0.0389214	0.0	0.000198875	0.00213097	0.241413	0.0193758	0.103775	0.0	0.00999984	0.0	0.00381869	0.00142855	2.09199	0.0	0.985828	0.0370694	0.546068	0.129331	0.999999	5.99048	0.448892	0.140212	0.0782655	0.0302254	0.267884	0.0707768	0.0201025	26.6992	-2236.08	4.0	4.51953e-05	-9369.01	3.0	5.10535e-06	1.0	621.303	30.7588	248.607	22.1156	0.285784	0.0230477	1151.16	14.2255	
1.2-2.4	6.5-30.0	0.0-100.0	0.000-1.571	0.008	0.136	24317.0	24255.0	12649.6	163.017	11604.2	159.739	-0.232767	0.0390441	-0.05	0.0	0.571754	0.0669459	3.09127	0.000514399	0.0526497	0.00183373	0.0312543	0.00179909	0.03	0.0	1.492	0.0	5.0	0.0	1.733	0.0	0.0447574	0.000950395	3.57977e-05	0.000122825	0.207127	0.00499829	0.162	0.0758409	0.00567672	0.00416199	0.00206078	0.000376025	1.80204	0.164543	0.926737	0.00914472	0.773588	0.0607008	0.528642	0.0817152	0.43703	0.0673617	0.106889	0.0159076	0.189301	0.00900747	0.0431275	0.0103527	-36880.3	4.0	4.13944e-05	-232925.0	7.0	0.000126432	1.0	9548.5	147.308	3101.11	90.3038	0.245155	0.00640171	1116.15	46.0372	
1.2-2.4	6.5-30.0	10.0-60.0	0.000-0.393	0.016	0.128	4243.0	4234.0	2237.08	54.5226	1996.76	52.271	-0.19841	0.0878648	-0.05	0.0	0.571754	0.0	3.09127	0.0	0.0526497	0.0	0.0308329	0.0	0.03	0.0	1.492	0.0	5.0	0.0	1.733	0.0	0.044632	0.0	6.81256e-05	0.000214927	0.19842	0.0117075	0.162	0.0	0.00567672	0.0	0.000992164	0.00080788	1.80204	0.0	0.887422	0.0179538	0.796027	0.0485839	0.999997	0.617313	0.61701	0.0372513	0.0955039	0.0189974	0.146382	0.01106	0.0200263	0.453124	-6951.65	4.0	9.1554e-05	-33341.1	3.0	3.7094e-05	1.0	1729.56	53.6303	507.52	35.3881	0.226868	0.0148211	1089.04	6.12995	
1.2-2.4	6.5-30.0	10.0-60.0	0.000-1.571	0.008	0.16	14467.0	14464.0	8249.43	104.993	6214.81	94.8093	-0.337136	0.0500976	-0.05	0.0	0.571754	0.0	3.09127	0.0	0.0526497	0.0	0.0308329	0.000997185	0.03	0.0	1.492	0.0	5.0	0.0	1.733	0.0	0.044632	0.000147505	2.84753e-05	0.00013348	0.195557	0.00578541	0.162	0.0	0.00567672	0.0	0.00311705	0.000471555	1.80204	0.0	0.925109	0.0112356	0.567719	0.0422709	0.89041	0.0512902	0.502993	0.0432791	0.0408707	0.00718622	0.176109	0.0100802	0.172557	0.0464534	-23546.1	4.0	0.000103119	-132462.0	4.0	1.14447e-05	1.0	6205.0	102.634	2044.42	70.5268	0.247826	0.00794619	1115.01	3.90592	
1.2-2.4	6.5-30.0	10.0-60.0	0.393-0.785	0.016	0.128	3708.0	3679.0	2080.61	51.9568	1598.18	47.0849	-0.411576	0.0988911	-0.05	0.0	0.571754	0.0	3.09127	0.0	0.0526497	0.0	0.0308329	0.0	0.03	0.0	1.492	0.0	5.0	0.0	1.733	0.0	0.044632	0.0	2.93303e-05	0.000179133	0.173999	0.0106248	0.162	0.0	0.00567672	0.0	0.00256952	0.00105844	1.80204	0.0	1.0536	0.0244341	0.812565	0.077703	1.0	0.00281028	0.696484	0.0406294	0.131679	0.0431323	0.207762	0.0188137	4.97888	1.13494	-5882.65	4.0	4.4236e-06	-28649.6	3.0	4.55426e-05	1.0	1536.99	53.044	543.616	39.0487	0.261278	0.0175973	1206.78	8.9384	
1.2-2.4	6.5-30.0	10.0-60.0	0.785-1.178	0.016	0.152	3330.0	3323.0	1954.53	50.2176	1368.38	43.9947	-0.382255	0.107024	-0.05	0.0	0.571754	0.0	3.09127	0.0	0.0526497	0.0	0.0308329	0.0	0.03	0.0	1.492	0.0	5.0	0.0	1.733	0.0	0.044632	0.0	0.000107249	0.000427742	0.194062	0.0119092	0.162	0.0	0.00567672	0.0	0.00128311	0.00100028	1.80204	0.0	0.925104	0.0238667	0.725769	0.0962621	0.618699	0.232789	0.34847	0.185899	0.0835126	0.0206766	0.155203	0.0181814	0.0350389	0.022762	-5496.26	4.0	8.10002e-07	-25611.1	3.0	3.28033e-05	1.0	1489.83	49.637	464.697	33.7811	0.237754	0.016168	1115.01	8.29696	
1.2-2.4	6.5-30.0	10.0-60.0	1.178-1.571	0.008	0.152	3185.0	3183.0	1968.58	49.9433	1214.25	41.7143	-0.397689	0.113792	-0.05	0.0	0.571754	0.0	3.09127	0.0	0.0526497	0.0	0.0308329	0.0	0.03	0.0	1.492	0.0	5.0	0.0	1.733	0.0	0.044632	0.0	0.000157903	0.000565848	0.210532	0.0118025	0.162	0.0	0.00567672	0.0	0.00238329	0.000974922	1.80204	0.0	0.84016	0.0254989	0.661057	0.0735347	0.39234	0.0588066	0.000150353	0.858282	0.0669128	0.0151101	0.230703	0.022806	0.02	0.00790117	-5237.26	4.0	8.72839e-08	-24541.6	3.0	2.08878e-05	1.0	1412.38	48.2383	556.196	35.2432	0.282537	0.0164052	1057.16	8.49094	
1.6-2.4	3.0-6.5	0.0-100.0	0.000-1.571	0.032	0.136	215096.0	207598.0	34371.9	360.535	173226.0	518.473	0.155617	0.00943833	-0.05	0.0	1.22023e-10	0.0184363	3.08985	0.000528103	0.0399846	0.0530221	0.0502622	0.00064543	0.03	0.0	1.86	0.0	5.0	0.0	1.38	0.0	0.0502622	0.000333735	1.41936e-05	0.00459275	0.226588	0.00573682	0.342453	0.252255	0.0157318	0.00949993	0.00569123	0.000247045	1.52985	0.175655	0.919384	0.00337061	0.999939	0.00813102	0.783351	0.00924661	0.780479	0.00495427	0.0102589	0.95249	0.114739	0.00297675	0.227428	0.00671067	-204372.0	4.0	5.60368e-05	-2364850.0	7.0	0.000153823	1.0	29819.4	354.511	4552.54	173.567	0.132449	0.0048548	1165.03	90.0609	
1.6-2.4	3.0-6.5	10.0-60.0	0.000-0.393	0.024	0.176	27000.0	26865.0	5986.13	117.281	20879.1	169.195	-0.0208642	0.0269346	-0.05	0.0	1.22023e-10	0.0	3.08985	0.0	0.0399846	0.0	0.0535551	0.0	0.03	0.0	1.86	0.0	5.0	0.0	1.38	0.0	0.0535551	0.0	9.26481e-05	0.000607196	0.24352	0.0166166	0.342453	0.0	0.0157318	0.0	0.00584445	0.000675018	1.52985	0.0	0.856525	0.00948228	0.901869	0.12767	0.209693	0.653905	0.100331	5.32602	0.32381	0.488096	0.152395	0.088432	0.0200005	0.169204	-27278.3	4.0	2.31516e-07	-251800.0	3.0	5.90522e-06	1.0	5397.19	121.535	588.932	61.0115	0.0983829	0.0100082	1133.09	2.3566	
1.6-2.4	3.0-6.5	10.0-60.0	0.000-1.571	0.024	0.136	96228.0	93392.0	20191.9	251.63	73200.2	341.053	0.0981655	0.0143852	-0.05	0.0	1.22023e-10	0.0	3.08985	0.0	0.0399846	0.0	0.0535551	0.000696759	0.03	0.0	1.86	0.0	5.0	0.0	1.38	0.0	0.0535551	0.000348379	1.41936e-05	0.00459275	0.23202	0.00716517	0.342453	0.0	0.0157318	0.0	0.00540447	0.000360339	1.52985	0.0	0.916702	0.00495536	0.999999	0.0235659	0.733052	0.00156571	0.769623	0.000504655	0.130239	1.479	0.119222	0.000272241	0.167499	0.000622859	-96300.1	4.0	2.65586e-05	-991360.0	4.0	2.00109e-05	1.0	17507.7	247.809	2684.27	122.173	0.132938	0.00581938	1163.64	1.28346	
1.6-2.4	3.0-6.5	10.0-60.0	0.393-0.785	0.032	0.192	24834.0	24776.0	4866.09	110.642	19910.1	165.116	-0.0955943	0.0275789	-0.05	0.0	1.22023e-10	0.0	3.08985	0.0	0.0399846	0.0	0.0535551	0.0	0.03	0.0	1.86	0.0	5.0	0.0	1.38	0.0	0.0535551	0.0	0.000122183	0.000722923	0.223079	0.0106609	0.342453	0.0	0.0157318	0.0	-0.00503743	0.00070266	1.52985	0.0	0.825693	0.010009	1.0	3.51808	0.842394	0.00106519	0.433438	0.00189594	0.0421058	45.0235	0.0500001	1.84612e-05	0.206959	0.000955744	-24184.2	4.0	1.01398e-06	-229835.0	3.0	1.45971e-06	1.0	3773.14	110.104	1092.95	73.3511	0.224605	0.0141825	1117.94	2.43046	
1.6-2.4	3.0-6.5	10.0-60.0	0.785-1.178	0.032	0.192	22778.0	22737.0	4617.82	106.03	18120.3	157.248	0.00458016	0.0288814	-0.05	0.0	1.22023e-10	0.0	3.08985	0.0	0.0399846	0.0	0.0535551	0.0	0.03	0.0	1.86	0.0	5.0	0.0	1.38	0.0	0.0535551	0.0	3.95245e-05	0.0045811	0.200702	0.012767	0.342453	0.0	0.0157318	0.0	0.00666128	0.000743294	1.52985	0.0	0.913595	0.0100868	1.0	8.41198	0.67842	0.00508584	0.774992	0.0025809	0.0087397	10.8159	0.11584	0.0012629	0.175955	0.00149293	-22876.0	4.0	1.00249e-05	-209070.0	3.0	0.000101532	1.0	3863.73	110.349	754.086	67.8688	0.163299	0.0142108	1162.03	2.60727	
1.6-2.4	3.0-6.5	10.0-60.0	1.178-1.571	0.024	0.16	21615.0	21463.0	4869.42	106.095	16593.5	151.535	0.228585	0.030228	-0.05	0.0	1.22023e-10	0.0	3.08985	0.0	0.0399846	0.0	0.0535551	0.0	0.03	0.0	1.86	0.0	5.0	0.0	1.38	0.0	0.0535551	0.0	2.20625e-05	0.000302496	0.253645	0.0172112	0.342453	0.0	0.0157318	0.0	0.00696529	0.000767307	1.52985	0.0	0.969412	0.0104179	0.551053	12.8298	0.833313	4.00709	0.758402	5.19108	0.00723249	1.59006e-06	0.147602	0.095776	0.218639	0.234062	-21999.1	4.0	6.50494e-07	-196416.0	3.0	4.51922e-07	1.0	4327.52	107.137	541.898	52.2258	0.111286	0.0104476	1191.4	2.78694	
1.6-2.4	6.5-30.0	0.0-100.0	0.000-1.571	0.008	0.152	13562.0	13551.0	6946.92	126.529	6603.61	124.983	-0.38526	0.0518788	-0.05	0.0	0.69414	0.096517	3.09108	0.000765015	0.0560567	0.00248155	0.0299462	0.00405231	0.03	0.0	1.492	0.0	5.0	0.0	1.733	0.0	0.0495532	0.00151168	2.77437e-05	0.00458652	0.192861	0.00688136	0.211707	0.175346	0.00199102	0.00574194	0.00260883	0.000538464	1.6767	0.235346	0.92961	0.0122215	0.917591	0.117304	0.588801	0.152658	0.604709	0.0366593	0.185409	0.115205	0.176637	0.0124684	0.0733342	0.0289348	-20432.7	4.0	6.23558e-07	-121776.0	7.0	4.16248e-05	1.0	5426.02	116.084	1520.9	66.9019	0.218931	0.00876613	1129.78	84.2058	
1.6-2.4	6.5-30.0	10.0-60.0	0.000-0.393	0.016	0.128	2368.0	2362.0	1209.54	40.5883	1152.35	39.878	-0.385847	0.116304	-0.05	0.0	0.69414	0.0	3.09108	0.0	0.0560567	0.0	0.0293654	0.0	0.03	0.0	1.492	0.0	5.0	0.0	1.733	0.0	0.0494468	0.0	1.09841e-05	0.00459422	0.186858	0.0153602	0.211707	0.0	0.00199102	0.0	0.00256108	0.00101934	1.6767	0.0	0.79824	0.0214982	0.83915	0.0613479	0.999997	0.449529	0.752609	0.0340565	0.120046	0.0391013	0.1617	0.0182799	0.0265942	3.13286	-3918.74	4.0	2.26382e-06	-17111.8	3.0	9.59466e-06	1.0	944.511	39.842	265.029	25.7279	0.219115	0.0199596	1047.6	6.45651	
1.6-2.4	6.5-30.0	10.0-60.0	0.000-1.571	0.016	0.16	8131.0	8122.0	4537.14	78.2296	3584.97	71.887	-0.445381	0.0662143	-0.05	0.0	0.69414	0.0	3.09108	0.0	0.0560567	0.0	0.0293654	0.00174879	0.03	0.0	1.492	0.0	5.0	0.0	1.733	0.0	0.0494468	0.000158828	7.1128e-05	0.0211424	0.179362	0.00745966	0.211707	0.0	0.00199102	0.0	0.00273371	0.000659684	1.6767	0.0	0.882198	0.014711	0.790292	0.0861739	0.880588	0.0462631	0.634513	0.0429993	0.0375735	0.0141644	0.155112	0.0105628	0.217708	0.0498048	-13100.4	4.0	2.36576e-07	-69356.1	4.0	2.4616e-06	1.0	3438.22	78.1153	1098.92	54.2832	0.242206	0.0112117	1099.4	4.65274	
1.6-2.4	6.5-30.0	10.0-60.0	0.393-0.785	0.016	0.12	2032.0	2002.0	1152.82	38.6157	849.132	34.4605	-0.468936	0.136054	-0.05	0.0	0.69414	0.0	3.09108	0.0	0.0560567	0.0	0.0293654	0.0	0.03	0.0	1.492	0.0	5.0	0.0	1.733	0.0	0.0494468	0.0	7.78825e-05	0.000273021	0.147293	0.0129708	0.211707	0.0	0.00199102	0.0	0.0029008	0.00152712	1.6767	0.0	0.923444	0.0344982	0.952847	0.0487673	0.388674	0.119408	0.312082	0.183496	0.211761	0.157631	0.186189	0.0227113	0.0361572	0.0118121	-3292.69	4.0	6.87119e-06	-14360.1	3.0	6.11409e-06	1.0	858.545	41.5485	294.278	31.5658	0.255267	0.0260119	1125.79	11.1534	
1.6-2.4	6.5-30.0	10.0-60.0	0.785-1.178	0.016	0.145	1898.0	1894.0	1080.1	37.7602	813.636	34.0495	-0.373667	0.138697	-0.05	0.0	0.69414	0.0	3.09108	0.0	0.0560567	0.0	0.0293654	0.0	0.03	0.0	1.492	0.0	5.0	0.0	1.733	0.0	0.0494468	0.0	0.000193155	0.0006043	0.195385	0.0164792	0.211707	0.0	0.00199102	0.0	0.00189808	0.00151785	1.6767	0.0	0.945179	0.0333405	1.0	0.188113	0.526139	0.141439	0.487283	0.0946658	0.0593819	0.0109464	0.148497	0.0226047	0.0814421	0.0244341	-2938.22	4.0	1.00067e-07	-13432.7	3.0	7.80728e-05	1.0	824.756	37.6309	255.342	25.7761	0.236406	0.0223878	1139.92	10.8961	
1.6-2.4	6.5-30.0	10.0-60.0	1.178-1.571	0.008	0.152	1832.0	1830.0	1094.43	37.6327	735.496	32.5165	-0.515107	0.146562	-0.05	0.0	0.69414	0.0	3.09108	0.0	0.0560567	0.0	0.0293654	0.0	0.03	0.0	1.492	0.0	5.0	0.0	1.733	0.0	0.0494468	0.0	0.000179578	0.000851436	0.187153	0.0147413	0.211707	0.0	0.00199102	0.0	0.00147168	0.00135648	1.6767	0.0	0.859221	0.0326776	0.999916	1.20204	0.775051	3.89802	0.675427	1.81901	0.00740901	10.8599	0.188513	0.0881847	0.020001	0.207073	-3005.61	4.0	1.45763e-06	-12991.5	3.0	8.88096e-06	1.0	796.379	37.0711	298.047	27.0076	0.272332	0.0228316	1084.96	10.1999	
