rap0.0-1.2_pT6.5-30.0_cent10.0-60.0
1855.61
11070.9 7130.1 1890.44 1717.58
123.609 93.4248 46.784 44.2205
904.344
6466.9 3379.52 929.555 733.432
103.306 70.5527 35.0412 31.1658
1250.78
7509.78 4891.8 1366.29 1157.26
107.184 82.7122 42.4857 39.2779
604.83
3561.16 2238.29 524.157 560.322
77.7099 59.9421 28.8101 29.3794
0.325947
0.321668 0.313922 0.277267 0.326228
0.00603087 0.00733192 0.0136077 0.0149011
rap0.0-2.4_pT10.0-30.0_cent10.0-60.0
4430.88
1631.93 2901.13 6959.61 4546.41
43.4173 59.1305 93.9377 74.15
1554.22
784.032 914.936 2331.57 1394.69
32.2049 38.8618 64.7791 48.4418
3010.64
1091.0 1983.22 4560.77 3042.64
38.8884 53.237 83.5755 66.5588
1420.25
540.932 917.909 2398.84 1503.77
29.6128 39.3736 65.1436 50.6858
0.320533
0.331468 0.316397 0.34468 0.33076
0.0158589 0.0119419 0.00812218 0.00975645
rap0.0-2.4_pT6.5-10.0_cent10.0-60.0
1641.37
2533.67 16892.3 2954.2 10924.4
56.4739 180.198 61.8891 119.054
478.658
772.42 15614.0 2535.8 8059.29
37.79 176.438 58.4118 106.343
1062.66
1554.84 12609.8 2231.07 8131.21
49.4292 159.304 58.602 112.151
578.713
978.83 4282.53 723.127 2793.22
41.451 96.8023 38.4586 75.1804
0.352579
0.386329 0.25352 0.244779 0.255686
0.0139105 0.00505227 0.0119658 0.00629251
rap0.0-2.4_pT6.5-30.0_cent0.0-10.0
2607.95
2853.88 2511.62 1925.76 7457.66
60.1814 56.0419 51.2947 102.377
1764.03
2135.11 1641.37 2229.46 8411.19
53.8795 47.6485 54.1739 106.931
1926.79
2165.47 1807.74 1318.96 5277.06
57.8307 52.657 47.5686 95.2388
681.159
688.406 703.879 606.792 2180.6
38.339 37.3151 35.9129 68.6925
0.261186
0.241218 0.280249 0.315093 0.292398
0.0124337 0.0134769 0.0166534 0.0082904
rap0.0-2.4_pT6.5-30.0_cent10.0-20.0
1922.99
1843.85 1744.12 23665.5 1515.75
50.5112 48.2372 198.035 44.4893
2025.11
2305.38 1832.61 18131.3 1350.17
54.8883 49.1467 183.524 42.5873
1402.69
1244.74 1301.08 17025.5 1007.11
45.9787 46.7892 175.575 39.9682
520.3
599.113 443.04 6639.99 508.646
34.9381 32.319 116.688 30.7662
0.270568
0.324924 0.254019 0.280577 0.335573
0.0167276 0.0171469 0.00433581 0.0177477
rap0.0-2.4_pT6.5-30.0_cent10.0-30.0
1351.62
5454.54 1324.64 1255.63 2668.51
85.1696 41.3144 39.8604 58.4815
1194.32
4596.0 1113.32 947.286 2179.42
79.9703 38.6719 35.7843 54.1387
1034.55
3843.56 948.143 825.678 1901.71
78.4056 38.1357 37.2432 53.4822
317.078
1610.98 376.497 429.955 766.797
56.3772 26.7905 29.7711 37.4937
0.234591
0.295347 0.284226 0.342421 0.28735
0.00924996 0.0181785 0.0210714 0.0125602
rap0.0-2.4_pT6.5-30.0_cent10.0-60.0
2467.62
9716.46 2334.46 2245.89 4099.62
111.997 53.9673 53.0056 71.6201
1926.35
7300.55 1646.5 1564.08 2935.38
100.634 47.166 46.1283 62.9703
1805.45
6958.84 1672.99 1551.23 2955.22
103.403 49.5869 49.7867 66.9315
662.17
2757.62 661.474 694.653 1144.4
72.5863 34.5962 37.5118 47.0547
0.268344
0.283809 0.283352 0.3093 0.279149
0.0067161 0.0132935 0.0150228 0.0103903
rap0.0-2.4_pT6.5-30.0_cent20.0-30.0
3982.79
15356.2 3673.44 3589.93 1144.39
138.71 66.9005 66.1498 37.8321
2527.19
9569.87 2111.53 2012.97 824.6
115.992 53.9812 52.9027 33.3387
2943.1
11026.1 2654.95 2505.44 882.713
129.609 62.1706 61.4707 35.4004
1039.69
4330.05 1018.49 1084.49 261.68
91.6995 43.259 45.2398 21.8283
0.261045
0.281975 0.277257 0.302092 0.228663
0.00540107 0.0106387 0.0113058 0.0175123
rap0.0-2.4_pT6.5-30.0_cent30.0-60.0
1106.04
4264.04 999.417 989.424 1436.18
72.8522 34.5224 34.904 41.3654
743.793
2717.76 532.498 607.478 760.775
61.3311 26.9224 28.9199 32.1836
765.951
3120.42 712.19 720.816 1055.19
67.4885 31.2695 33.0785 39.7555
340.091
1143.62 287.227 268.608 380.994
45.7623 21.7029 23.1814 27.8792
0.307485
0.268202 0.287394 0.271479 0.265283
0.00970473 0.0193136 0.0213824 0.0178451
rap0.0-2.4_pT6.5-8.0_cent0.0-100.0
1496.95
5635.49 1337.62 1337.67 9399.38
81.6812 39.385 39.3694 137.705
600.002
2279.2 461.371 447.308 11103.9
57.5811 25.9807 25.6832 143.738
1120.78
4110.01 972.833 936.034 7301.35
77.2056 38.0918 36.0556 124.906
376.172
1525.49 364.785 401.635 2098.04
53.8601 27.3104 26.0921 71.4438
0.251293
0.270693 0.272712 0.30025 0.22321
0.00871485 0.0187719 0.0173891 0.00686149
rap0.0-2.4_pT6.5-8.0_cent10.0-60.0
6147.58
1623.56 1592.26 1497.06 1437.37
47.743 46.5059 44.5062 43.6744
5552.62
1772.6 1447.74 1192.93 1147.63
49.2783 44.9253 40.9477 40.2202
4719.25
1250.36 1261.15 1152.06 1041.96
45.2699 45.4936 43.3996 40.335
1428.34
373.198 331.108 345.0 395.41
28.5984 28.3967 28.5601 27.7293
0.232341
0.229864 0.207948 0.230452 0.275093
0.0162661 0.0167681 0.0178048 0.0173869
rap0.0-2.4_pT8.0-10.0_cent10.0-60.0
1353.58
7594.88 4876.7 1289.19 1140.0
105.989 76.5403 39.1005 36.7369
741.418
4419.14 2414.84 657.804 536.966
89.7592 58.2798 29.9575 27.3251
995.661
5409.81 3492.23 916.479 789.037
94.1726 71.3232 36.6168 32.9729
357.916
2185.07 1384.47 372.707 350.958
64.021 50.5462 26.3805 23.845
0.264422
0.287703 0.283894 0.289103 0.307859
0.00741189 0.00935822 0.0184891 0.0184143
rap1.2-1.6_pT6.5-30.0_cent10.0-60.0
5693.41
1095.68 1024.82 3691.61 919.301
35.821 36.2786 69.5715 34.4337
5044.72
467.321 846.177 2634.47 745.637
25.5885 33.7266 61.5075 31.8122
4126.16
771.506 769.248 2723.17 658.59
34.5698 35.4231 66.9092 34.2603
1567.25
324.175 255.568 968.436 260.711
25.9076 24.3945 46.6492 25.7022
0.275274
0.295866 0.249379 0.262335 0.283597
0.0215762 0.0221063 0.0116293 0.0258618
rap1.2-2.4_pT6.5-30.0_cent10.0-60.0
869.91
875.722 12649.6 2237.08 8249.43
33.0206 163.017 54.5226 104.993
480.01
553.246 11604.2 1996.76 6214.81
27.712 159.739 52.271 94.8093
621.303
671.207 9548.5 1729.56 6205.0
32.5068 147.308 53.6303 102.634
248.607
204.515 3101.11 507.52 2044.42
21.8085 90.3038 35.3881 70.5268
0.285784
0.233538 0.245155 0.226868 0.247826
0.0232946 0.00640171 0.0148211 0.00794619
rap1.6-2.4_pT3.0-6.5_cent10.0-60.0
1954.53
2080.61 1968.58 34371.9 5986.13
51.9568 49.9433 360.535 117.281
1368.38
1598.18 1214.25 173226.0 20879.1
47.0849 41.7143 518.473 169.195
1489.83
1536.99 1412.38 29819.4 5397.19
53.044 48.2383 354.511 121.535
464.697
543.616 556.196 4552.54 588.932
39.0487 35.2432 173.567 61.0115
0.237754
0.261278 0.282537 0.132449 0.0983829
0.0175973 0.0164052 0.0048548 0.0100082
rap1.6-2.4_pT6.5-30.0_cent0.0-100.0
4866.09
20191.9 4617.82 4869.42 6946.92
251.63 106.03 106.095 126.529
19910.1
73200.2 18120.3 16593.5 6603.61
341.053 157.248 151.535 124.983
3773.14
17507.7 3863.73 4327.52 5426.02
247.809 110.349 107.137 116.084
1092.95
2684.27 754.086 541.898 1520.9
122.173 67.8688 52.2258 66.9019
0.224605
0.132938 0.163299 0.111286 0.218931
0.00581938 0.0142108 0.0104476 0.00876613
rap1.6-2.4_pT6.5-30.0_cent10.0-60.0
4537.14
1209.54 1152.82 1080.1 1094.43
40.5883 38.6157 37.7602 37.6327
3584.97
1152.35 849.132 813.636 735.496
39.878 34.4605 34.0495 32.5165
3438.22
944.511 858.545 824.756 796.379
39.842 41.5485 37.6309 37.0711
1098.92
265.029 294.278 255.342 298.047
25.7279 31.5658 25.7761 27.0076
0.242206
0.219115 0.255267 0.236406 0.272332
0.0199596 0.0260119 0.0223878 0.0228316
