weightedEff_TnPAtRD_3DEff_RapPtEffMap2
rap	pT	cent	dPhi	ctauErrMin	ctauErrMax	NoCutEntry	CutEntry	NSig	NSigErr	NBkg	NBkgErr	coefExp	coefExpErr	coefPol1	coefPol1Err	coeffGaus	coeffGausErr	meanSig1	meanSig1Err	sigmaSig1	sigmaSig1Err	sigmaSig2	sigmaSig2Err	sigmaSig3	sigmaSig3Err	alpha	alphaErr	enne	enneErr	enneW	enneWErr	sigWidth	sigWidthErr	Gmc	GmcErr	bTau	bTauErr	fracRes	fracResErr	meanResSigW	meanResSigWErr	meanResSigN	meanResSigNErr	sigmaResSigW	sigmaResSigWErr	sigmaResSigN	sigmaResSigNErr	fpm	fpmErr	fLiving	fLivingErr	fbkgCtTot	fbkgCtTotErr	lambdam	lambdamErr	lambdap	lambdapErr	lambdasym	lambdasymErr	NLL	nFitPar	EDM	NLLMass	nFitParMass	EDMMass	Prob	PROMPT	PROMPTErr	NON-PROMPT	NON-PROMPTErr	Bfraction	BfractionErr	Resolution	ResolutionErr	
0.0-0.4	6.5-30.0	0.0-100.0	0.000-1.571	0.016	0.064	4299.0	4264.0	2843.74	59.6097	1420.24	46.1334	-0.152164	0.105896	-0.05	0.0	0.357957	0.0933021	3.09389	0.000441928	0.0211095	0.00172592	0.0174098	0.000954738	0.03	0.0	1.492	0.0	5.0	0.0	1.733	0.0	0.0188179	0.000481336	1.00026e-05	0.00176926	0.197685	0.00815196	0.694775	0.303579	-0.00218903	0.0024479	0.000850149	0.00138839	1.32766	0.111972	0.662443	0.0343828	0.664233	0.0875935	0.758884	0.21685	0.352682	0.0605495	0.0502382	0.019495	0.185955	0.020912	0.0780461	0.0220181	-9281.24	4.0	3.71333e-05	-36167.9	7.0	1.67148e-06	1.0	1945.82	54.335	897.924	40.533	0.315754	0.0126235	1165.59	96.9646	
0.0-1.2	6.5-30.0	0.0-10.0	0.000-1.571	0.008	0.088	6183.0	6180.0	3302.26	68.2803	2877.5	65.0921	0.0255154	0.0728349	-0.05	0.0	0.553244	0.0	3.09283	0.0	0.0205128	0.0	0.0376808	0.00184525	0.03	0.0	1.492	0.0	5.0	0.0	1.733	0.0	0.0294468	0.000527446	1.12992e-05	0.000388937	0.172224	0.00702292	0.282557	0.0	0.00228371	0.0	-0.000130856	0.000737996	1.58042	0.0	0.852199	0.02192	0.719501	0.0741168	0.528893	0.141382	0.283492	0.187913	0.102398	0.0188094	0.146619	0.0124959	0.03398	0.0165339	-11029.6	4.0	7.06627e-07	-51993.6	4.0	2.97862e-05	1.0	2280.8	63.795	1021.46	47.8731	0.30932	0.01301	1107.61	6.04998	
0.0-1.2	6.5-30.0	0.0-100.0	0.000-1.571	0.008	0.105	16447.0	16443.0	10309.4	119.431	6133.68	100.435	0.0096027	0.0524436	-0.05	0.0	0.553244	0.0584635	3.09283	0.000309754	0.0205128	0.000695828	0.0356009	0.00218893	0.03	0.0	1.492	0.0	5.0	0.0	1.733	0.0	0.028267	0.000768369	1.16782e-05	0.000130175	0.193377	0.00457573	0.282557	0.19576	0.00228371	0.00264771	-0.000437119	0.000396023	1.58042	0.170805	0.83754	0.0115006	0.603935	0.035368	0.966445	0.0142717	0.425405	0.0340364	0.0575944	0.00587692	0.143518	0.00647862	0.360224	0.087789	-33008.9	4.0	4.67756e-07	-157636.0	7.0	5.6433e-06	1.0	7426.75	109.741	2882.64	75.868	0.279613	0.00660788	1099.55	87.2055	
0.0-1.2	6.5-30.0	10.0-20.0	0.000-1.571	0.008	0.088	3815.0	3813.0	2335.37	54.4398	1477.42	45.8878	0.0272252	0.101861	-0.05	0.0	0.553244	0.0	3.09283	0.0	0.0205128	0.0	0.0336983	0.00172177	0.03	0.0	1.492	0.0	5.0	0.0	1.733	0.0	0.0272051	0.000476402	1.12992e-05	0.000388937	0.208199	0.0099584	0.282557	0.0	0.00228371	0.0	-0.00136504	0.000847453	1.58042	0.0	0.825099	0.0253592	0.498316	0.09683	0.917291	0.0323123	0.308949	0.114506	0.0399716	0.00924094	0.140656	0.0155934	0.331608	0.08487	-7302.29	4.0	5.40128e-07	-30924.1	4.0	1.99722e-05	1.0	1628.12	49.9504	707.246	36.4199	0.302841	0.0139055	1092.78	6.86855	
0.0-1.2	6.5-30.0	20.0-30.0	0.000-1.571	0.008	0.105	2798.0	2796.0	1841.16	47.8136	954.611	37.4101	0.257701	0.127502	-0.05	0.0	0.553244	0.0	3.09283	0.0	0.0205128	0.0	0.033627	0.00199195	0.03	0.0	1.492	0.0	5.0	0.0	1.733	0.0	0.0271656	0.000550792	1.16782e-05	0.000130175	0.21167	0.0120106	0.282557	0.0	0.00228371	0.0	0.00128188	0.000893914	1.58042	0.0	0.814364	0.0259304	0.501405	0.00147577	1.0	21.2921	0.362561	0.00172998	0.044953	0.000193452	0.164643	0.000577919	0.0367342	63.7602	-5903.36	4.0	3.01954e-07	-22071.8	4.0	4.62468e-05	1.0	1360.24	44.4227	480.921	29.6908	0.261206	0.0146301	1086.99	6.96882	
0.0-1.2	6.5-30.0	30.0-40.0	0.000-1.571	0.008	0.064	1717.0	1716.0	1233.69	38.7072	482.315	27.3281	-0.44285	0.181472	-0.05	0.0	0.553244	0.0	3.09283	0.0	0.0205128	0.0	0.0386239	0.00259132	0.03	0.0	1.492	0.0	5.0	0.0	1.733	0.0	0.0299877	0.000745545	1.32366e-05	0.000329048	0.18155	0.0125374	0.282557	0.0	0.00228371	0.0	-0.00190164	0.00113268	1.58042	0.0	0.820528	0.029623	0.589085	0.0913801	0.999991	0.846846	0.431613	0.0796094	0.0681766	0.014725	0.1568	0.0203488	0.0669348	4.05256	-3949.84	4.0	6.81274e-05	-12895.3	4.0	1.01133e-06	1.0	912.839	36.3643	320.855	24.565	0.260077	0.0181629	1090.31	7.99703	
0.0-1.2	6.5-30.0	40.0-50.0	0.000-1.571	0.016	0.048	985.0	971.0	770.33	30.4454	200.677	18.9007	-0.374706	0.283324	-0.05	0.0	0.553244	0.0	3.09283	0.0	0.0205128	0.0	0.0388925	0.00388918	0.03	0.0	1.492	0.0	5.0	0.0	1.733	0.0	0.0301424	0.00112095	1.43354e-05	8.22848e-05	0.205361	0.0182559	0.282557	0.0	0.00228371	0.0	-0.00263986	0.00144936	1.58042	0.0	0.82295	0.0415429	0.617382	0.281217	0.830553	0.796132	3.61946e-07	0.749422	0.0127856	0.011366	0.225394	0.0370643	0.02	0.0629738	-2369.02	4.0	1.64483e-05	-6926.17	4.0	4.70932e-07	1.0	578.032	28.6017	192.298	18.8126	0.249631	0.0223398	1091.62	11.2345	
0.0-1.2	6.5-30.0	50.0-100.0	0.000-1.571	0.008	0.056	947.0	945.0	825.105	30.185	119.916	14.3508	-0.167894	0.369393	-0.05	0.0	0.553244	0.0	3.09283	0.0	0.0205128	0.0	0.034487	0.00242905	0.03	0.0	1.492	0.0	5.0	0.0	1.733	0.0	0.0276431	0.000676932	1.34486e-05	0.000306561	0.200494	0.0184178	0.282557	0.0	0.00228371	0.0	0.000547179	0.00119321	1.58042	0.0	0.753727	0.0365242	0.935983	10.8762	0.999996	0.428705	0.350772	7.55064	0.0070777	1.13195e-06	0.180895	0.065579	0.0211591	86.7661	-2730.47	4.0	9.99981e-06	-6965.33	4.0	2.01365e-06	1.0	645.509	29.0511	179.596	18.1515	0.217665	0.0205073	1055.15	9.35921	
0.0-2.4	10.0-13.0	0.0-100.0	0.000-1.571	0.016	0.136	5711.0	5710.0	4234.23	73.4542	1475.86	51.3525	-0.475004	0.108818	-0.05	0.0	0.32841	0.0754494	3.09255	0.000624215	0.0209864	0.00211954	0.0412184	0.00225247	0.03	0.0	1.492	0.0	5.0	0.0	1.733	0.0	0.0358558	0.00111168	1.25623e-05	9.06713e-05	0.188472	0.0067278	0.0553227	0.0789039	0.000211463	0.0144846	-0.000125348	0.00055925	2.09405	0.553677	0.911671	0.016563	0.647555	0.0546755	0.79055	0.190278	0.185805	0.12401	0.0316844	0.0163292	0.172864	0.0165755	0.082773	0.0304355	-12136.1	4.0	4.59324e-05	-49225.6	7.0	1.81181e-05	1.0	2984.88	68.6234	1249.35	49.9766	0.29506	0.0106353	1013.78	76.3687	
0.0-2.4	10.0-30.0	0.0-100.0	0.000-1.571	0.008	0.136	8875.0	8874.0	6657.57	92.0991	2216.77	63.5674	-0.476524	0.0893709	-0.05	0.0	0.393476	0.0598372	3.09306	0.000488305	0.0219367	0.00150478	0.0435212	0.00209002	0.03	0.0	1.492	0.0	5.0	0.0	1.733	0.0	0.0365809	0.000966425	1.01973e-05	0.00191321	0.179333	0.00495728	0.0473596	0.058793	-0.000901407	0.00750486	-0.000716558	0.000426558	2.0393	0.463163	0.937516	0.0135426	0.829105	0.0807181	0.831192	0.171329	0.315958	0.0911155	0.0668775	0.0144533	0.178256	0.0105694	0.0354941	0.0226754	-19239.9	4.0	2.00576e-05	-80618.4	7.0	6.2117e-05	1.0	4520.72	85.5776	2136.85	65.4697	0.320965	0.00877441	1016.99	52.5928	
0.0-2.4	11.0-13.0	0.0-100.0	0.000-1.571	0.016	0.105	2960.0	2959.0	2247.13	53.0784	711.891	35.8041	-0.633284	0.159273	-0.05	0.0	0.422928	0.100734	3.09323	0.000866694	0.0223709	0.00243253	0.0462266	0.00436405	0.03	0.0	1.492	0.0	5.0	0.0	1.733	0.0	0.0380105	0.00190058	4.93653e-05	0.000238442	0.201572	0.00942582	0.0327913	0.0389773	-0.000379609	0.0145213	0.000190948	0.000770791	2.53147	0.73527	0.937787	0.0236609	0.786765	0.0788246	0.620684	0.0641298	2.4342e-06	0.0886272	0.0752562	0.0190372	0.174587	0.0146747	0.0200001	0.0143139	-6274.47	4.0	2.59426e-05	-23659.0	7.0	2.12968e-05	1.0	1535.71	49.0289	711.413	37.0185	0.316588	0.0146787	1029.92	61.0155	
0.0-2.4	13.0-16.0	0.0-100.0	0.000-1.571	0.008	0.08	1900.0	1895.0	1488.54	43.5158	406.503	28.4869	-0.303666	0.212632	-0.05	0.0	0.564657	0.10448	3.09379	0.00103022	0.0248303	0.00270364	0.0560695	0.0068902	0.03	0.0	1.492	0.0	5.0	0.0	1.733	0.0	0.0414339	0.00262043	1.00002e-05	0.000966722	0.188595	0.0114911	0.0326157	0.0670782	-0.00999634	0.0183094	0.00148815	0.000930185	1.86063	0.773549	1.00671	0.0300901	0.908336	0.172163	0.714363	0.241644	0.115238	0.0662085	0.0448102	0.0207543	0.158144	0.0200446	0.0412947	0.0117042	-4303.25	4.0	4.76024e-06	-14405.3	7.0	2.1167e-05	1.0	1052.73	40.9831	435.809	29.9134	0.292776	0.018182	1045.63	47.3523	
0.0-2.4	13.0-30.0	0.0-100.0	0.000-1.571	0.008	0.088	3164.0	3160.0	2426.96	55.29	733.169	36.9176	-0.472916	0.155431	-0.05	0.0	0.486069	0.0844636	3.09402	0.000783799	0.0230038	0.00200425	0.0479624	0.00394937	0.03	0.0	1.492	0.0	5.0	0.0	1.733	0.0	0.0379402	0.00164466	2.15179e-05	0.00010364	0.167496	0.00726207	0.0338914	0.121367	-0.00541255	0.0157198	-0.000567549	0.00066249	1.81351	1.0114	0.965511	0.02349	0.840588	0.140339	0.912907	0.718535	0.380589	0.0775315	0.0425465	0.0133229	0.188606	0.018616	0.0417294	0.0285412	-7120.04	4.0	2.73825e-06	-25584.5	7.0	7.50214e-05	1.0	1542.83	50.6753	884.13	41.6928	0.364295	0.0150413	1006.02	78.2612	
0.0-2.4	16.0-30.0	0.0-100.0	0.000-1.571	0.008	0.064	1263.0	1261.0	943.989	34.1182	317.024	23.1746	-0.696419	0.234842	-0.05	0.0	0.222301	0.177963	3.09475	0.00132669	0.0186949	0.00512639	0.035016	0.00444976	0.03	0.0	1.492	0.0	5.0	0.0	1.733	0.0	0.0321131	0.00226819	5.46616e-05	1.05755	0.158823	0.0099153	0.461092	0.573416	0.00155876	0.00498774	-0.003326	0.001234	1.33655	0.440517	0.743085	0.0432668	0.70394	0.802783	0.957446	0.0953486	0.388938	0.640095	0.00707037	0.0128981	0.231449	0.0280654	0.0590095	0.0537034	-2838.19	4.0	1.47751e-06	-9028.96	7.0	2.03028e-05	1.0	549.538	29.1508	394.451	25.6618	0.417855	0.0226034	1058.89	210.755	
0.0-2.4	6.5-30.0	0.0-10.0	0.000-1.571	0.008	0.184	15593.0	15593.0	7239.83	101.051	8354.19	106.421	-0.0630558	0.0427016	-0.05	0.0	0.433248	0.0	3.09278	0.0	0.0478326	0.0	0.0246723	0.000658571	0.03	0.0	1.492	0.0	5.0	0.0	1.733	0.0	0.0365547	0.00012596	3.80561e-05	6.9663e-05	0.191622	0.00589913	0.192669	0.0	0.00388019	0.0	0.00116607	0.000487354	1.71096	0.0	0.971249	0.0130797	0.917767	0.169809	0.382881	0.13998	0.514112	0.0440126	0.127915	0.0583637	0.184043	0.0156286	0.0775704	0.0165445	-23337.4	4.0	9.81508e-06	-142484.0	4.0	7.93985e-05	1.0	5295.33	97.3979	1944.5	68.9941	0.268584	0.00876147	1151.34	4.45396	
0.0-2.4	6.5-30.0	0.0-100.0	0.000-1.571	0.008	0.136	40904.0	40837.0	22882.2	196.208	17954.7	183.058	-0.141267	0.0300821	-0.05	0.0	0.433248	0.0320823	3.09278	0.000282996	0.0478326	0.00143332	0.0245171	0.000603919	0.03	0.0	1.492	0.0	5.0	0.0	1.733	0.0	0.0364955	0.000562366	3.37928e-05	7.02542e-05	0.193222	0.00329042	0.192669	0.0807587	0.00388019	0.00252376	0.00123182	0.000270161	1.71096	0.124629	0.914637	0.00715688	0.609777	0.0280757	0.963021	0.0181052	0.49808	0.0232193	0.0611779	0.00550857	0.152075	0.00464589	0.262519	0.0650444	-69494.7	4.0	7.76917e-07	-418611.0	7.0	1.4823e-05	1.0	16922.2	180.301	5959.95	118.597	0.260463	0.00467705	1113.28	42.2353	
0.0-2.4	6.5-30.0	0.0-5.0	0.000-1.571	0.008	0.184	8506.0	8506.0	3896.2	74.4982	4610.52	79.1462	0.0238009	0.0574209	-0.05	0.0	0.433248	0.0	3.09278	0.0	0.0478326	0.0	0.0236528	0.000906112	0.03	0.0	1.492	0.0	5.0	0.0	1.733	0.0	0.0361708	0.000167907	3.80561e-05	6.9663e-05	0.196616	0.00842333	0.192669	0.0	0.00388019	0.0	0.00313725	0.000681994	1.71096	0.0	1.04152	0.0185131	0.688469	0.0107354	0.999998	39.3196	0.63602	0.00686099	0.0906694	0.00262595	0.151842	0.003045	0.0989217	128.426	-12550.6	4.0	3.53564e-05	-72527.3	4.0	6.31798e-05	1.0	2880.23	71.9166	1015.98	50.1643	0.260761	0.0118706	1199.91	6.48664	
0.0-2.4	6.5-30.0	10.0-15.0	0.000-1.571	0.008	0.152	5448.0	5446.0	2797.38	61.5221	2648.32	60.2977	-0.125016	0.0760143	-0.05	0.0	0.433248	0.0	3.09278	0.0	0.0478326	0.0	0.0240918	0.000957533	0.03	0.0	1.492	0.0	5.0	0.0	1.733	0.0	0.0363346	0.000179914	1.79985e-05	0.004591	0.197576	0.00919353	0.192669	0.0	0.00388019	0.0	0.00372068	0.000781838	1.71096	0.0	0.911328	0.0207203	0.412967	0.0467142	0.863937	0.0535118	0.287112	0.0786819	0.0304479	0.00571476	0.130289	0.013857	0.158	0.0385442	-8684.88	4.0	5.71348e-05	-44439.0	4.0	2.00812e-05	1.0	2028.33	58.5854	769.052	41.5741	0.274919	0.0135763	1111.09	6.86032	
0.0-2.4	6.5-30.0	10.0-20.0	0.000-1.571	0.008	0.128	9854.0	9823.0	5293.56	83.824	4528.86	79.1309	-0.133079	0.0582058	-0.05	0.0	0.433248	0.0	3.09278	0.0	0.0478326	0.0	0.0248287	0.000733699	0.03	0.0	1.492	0.0	5.0	0.0	1.733	0.0	0.0366147	0.000140987	3.69757e-05	6.79802e-05	0.193804	0.00658011	0.192669	0.0	0.00388019	0.0	0.00111304	0.000589455	1.71096	0.0	0.92778	0.0154862	0.509401	0.0951682	0.878248	0.0326755	0.372988	0.0932473	0.0356614	0.00732867	0.131102	0.00978803	0.223472	0.0353717	-15913.5	4.0	2.83625e-06	-86314.0	4.0	3.70762e-05	1.0	3803.88	80.5049	1489.68	58.3889	0.281414	0.01009	1122.03	5.169	
0.0-2.4	6.5-30.0	15.0-20.0	0.000-1.571	0.008	0.105	4405.0	4358.0	2491.56	56.7929	1866.33	50.9925	-0.113768	0.0907844	-0.05	0.0	0.433248	0.0	3.09278	0.0	0.0478326	0.0	0.0257951	0.00113991	0.03	0.0	1.492	0.0	5.0	0.0	1.733	0.0	0.0369914	0.000225253	3.69557e-05	0.0270354	0.190647	0.00939935	0.192669	0.0	0.00388019	0.0	-0.00258219	0.000893484	1.71096	0.0	0.948078	0.0231656	0.732614	0.0783042	0.87854	0.051542	0.493787	0.0578652	0.0588053	0.0186713	0.134553	0.0135217	0.300357	0.0725847	-7237.71	4.0	1.14511e-05	-34974.7	4.0	3.08496e-06	1.0	1770.54	55.2314	721.018	41.1323	0.289385	0.0151336	1135.64	7.80668	
0.0-2.4	6.5-30.0	20.0-25.0	0.000-1.571	0.008	0.145	3745.0	3745.0	2219.73	52.8591	1525.18	45.8209	-0.208599	0.100643	-0.05	0.0	0.433248	0.0	3.09278	0.0	0.0478326	0.0	0.0230561	0.00100427	0.03	0.0	1.492	0.0	5.0	0.0	1.733	0.0	0.0359517	0.000182506	3.69686e-05	0.0287936	0.204915	0.0113811	0.192669	0.0	0.00388019	0.0	0.00225348	0.000792349	1.71096	0.0	0.84283	0.0207672	0.4611	0.0405767	0.985489	0.0143592	0.348426	0.0743917	0.0430788	0.00555849	0.142609	0.0133573	0.410306	0.245469	-6933.94	4.0	1.62405e-05	-29693.7	4.0	3.81394e-06	1.0	1700.68	50.3472	519.053	32.3646	0.233836	0.0134752	1066.54	6.62461	
0.0-2.4	6.5-30.0	20.0-30.0	0.000-1.571	0.008	0.145	6832.0	6831.0	4135.13	71.8043	2695.68	60.9641	-0.139821	0.0756808	-0.05	0.0	0.433248	0.0	3.09278	0.0	0.0478326	0.0	0.0229284	0.000717255	0.03	0.0	1.492	0.0	5.0	0.0	1.733	0.0	0.0359054	0.000129793	3.69686e-05	0.0287936	0.206284	0.0081866	0.192669	0.0	0.00388019	0.0	0.00211276	0.00060013	1.71096	0.0	0.852288	0.0158599	0.48607	0.108711	0.792555	0.206325	0.352063	0.0950024	0.0387425	0.0104996	0.158482	0.0159281	0.0611284	0.0276579	-12684.9	4.0	1.0363e-06	-58436.4	4.0	1.7331e-05	1.0	3105.96	68.6338	1029.17	46.0562	0.248885	0.0102651	1072.59	5.08713	
0.0-2.4	6.5-30.0	25.0-30.0	0.000-1.571	0.016	0.136	3087.0	3072.0	1901.01	48.4342	1170.81	40.1973	-0.0498101	0.114755	-0.05	0.0	0.433248	0.0	3.09278	0.0	0.0478326	0.0	0.0226722	0.00101615	0.03	0.0	1.492	0.0	5.0	0.0	1.733	0.0	0.0358131	0.000182294	1.09746e-05	1.71091e-07	0.207846	0.0117969	0.192669	0.0	0.00388019	0.0	0.00114006	0.000921253	1.71096	0.0	0.876033	0.0243791	0.634456	0.182798	0.744204	3.84319	0.415644	3.44216	0.0542676	0.0352953	0.152685	0.0556498	0.02	3.24516	-5722.73	4.0	2.22906e-05	-23912.3	4.0	2.11315e-05	1.0	1391.53	46.5958	509.485	32.9046	0.268007	0.0159052	1087.93	7.92425	
0.0-2.4	6.5-30.0	30.0-35.0	0.000-1.571	0.016	0.128	2402.0	2393.0	1466.74	43.1214	926.096	36.3152	-0.288845	0.129579	-0.05	0.0	0.433248	0.0	3.09278	0.0	0.0478326	0.0	0.0247749	0.00135611	0.03	0.0	1.492	0.0	5.0	0.0	1.733	0.0	0.036594	0.000260171	2.18671e-05	0.00458922	0.177836	0.013362	0.192669	0.0	0.00388019	0.0	0.00126762	0.00107366	1.71096	0.0	0.903012	0.0270814	0.575123	0.101614	0.932606	0.69082	0.480332	0.260522	0.0553224	0.0175934	0.197429	0.0413412	0.0200001	4.1378	-4478.68	4.0	6.0725e-05	-17942.7	4.0	3.26445e-05	1.0	1130.75	42.3466	335.99	28.03	0.229072	0.0178844	1105.59	8.92874	
0.0-2.4	6.5-30.0	30.0-40.0	0.000-1.571	0.008	0.128	4121.0	4118.0	2701.64	57.4159	1416.02	44.8444	-0.305083	0.105107	-0.05	0.0	0.433248	0.0	3.09278	0.0	0.0478326	0.0	0.0246872	0.000925069	0.03	0.0	1.492	0.0	5.0	0.0	1.733	0.0	0.0365604	0.00017701	3.69757e-05	6.79802e-05	0.170149	0.00865611	0.192669	0.0	0.00388019	0.0	0.000881729	0.000771778	1.71096	0.0	0.843577	0.0195998	0.633094	0.0484124	0.70999	0.275563	0.327827	0.236351	0.0683416	0.0102873	0.187659	0.0162195	0.0200026	0.0247979	-8099.14	4.0	6.39881e-05	-33469.4	4.0	3.67032e-05	1.0	1999.65	56.5183	701.987	40.1359	0.259838	0.0137917	1067.02	6.25498	
0.0-2.4	6.5-30.0	35.0-40.0	0.000-1.571	0.008	0.12	1718.0	1718.0	1223.09	37.7878	494.851	26.4529	-0.33183	0.17849	-0.05	0.0	0.433248	0.0	3.09278	0.0	0.0478326	0.0	0.0246324	0.00128041	0.03	0.0	1.492	0.0	5.0	0.0	1.733	0.0	0.0365395	0.000244601	3.63218e-05	5.72307e-05	0.165035	0.0114237	0.192669	0.0	0.00388019	0.0	0.000729604	0.00110499	1.71096	0.0	0.791336	0.0279523	0.999981	0.729397	0.364148	0.0928357	0.409682	0.0633614	0.0746462	0.597433	0.215552	0.0384778	0.0790969	0.013596	-3611.36	4.0	1.23224e-06	-12674.4	4.0	4.7905e-06	1.0	863.697	37.0507	359.396	28.0	0.293842	0.0210158	1034.2	8.63366	
0.0-2.4	6.5-30.0	40.0-45.0	0.000-1.571	0.008	0.12	1312.0	1310.0	952.639	33.3021	357.308	22.6684	-0.456456	0.21115	-0.05	0.0	0.433248	0.0	3.09278	0.0	0.0478326	0.0	0.0226132	0.00133319	0.03	0.0	1.492	0.0	5.0	0.0	1.733	0.0	0.035792	0.000238688	3.63218e-05	5.72307e-05	0.194787	0.0167367	0.192669	0.0	0.00388019	0.0	-0.00110689	0.0013029	1.71096	0.0	0.84075	0.0356254	0.521747	0.0604083	0.979529	0.0152464	0.0833984	0.09832	0.0337378	0.0072136	0.163454	0.0229882	1.14039	0.825992	-2794.35	4.0	7.70602e-05	-9372.3	4.0	4.49933e-05	1.0	736.275	32.3874	216.365	21.0639	0.227121	0.0206364	1065.22	11.3504	
0.0-2.4	6.5-30.0	40.0-50.0	0.000-1.571	0.008	0.136	2325.0	2321.0	1702.77	44.4952	618.228	29.9218	-0.881593	0.163913	-0.05	0.0	0.433248	0.0	3.09278	0.0	0.0478326	0.0	0.0242726	0.00108833	0.03	0.0	1.492	0.0	5.0	0.0	1.733	0.0	0.0364028	0.00020564	3.37928e-05	7.02542e-05	0.201312	0.012315	0.192669	0.0	0.00388019	0.0	-0.00103669	0.00094052	1.71096	0.0	0.798359	0.0261549	0.479368	0.0967134	0.995544	0.0105906	0.00420389	0.979171	0.0273082	0.0112232	0.194287	0.0305963	1.16941	1.25544	-4834.16	4.0	8.78893e-07	-17913.0	4.0	4.98842e-08	1.0	1275.88	42.8516	426.888	29.1398	0.250702	0.0158096	1038.55	8.11605	
0.0-2.4	6.5-30.0	45.0-50.0	0.000-1.571	0.016	0.136	1012.0	1010.0	751.54	29.5317	258.612	19.4711	-1.50111	0.265837	-0.05	0.0	0.433248	0.0	3.09278	0.0	0.0478326	0.0	0.0268826	0.00198209	0.03	0.0	1.492	0.0	5.0	0.0	1.733	0.0	0.0374277	0.000403426	1.09746e-05	1.71091e-07	0.209796	0.0181308	0.192669	0.0	0.00388019	0.0	-0.00295261	0.00134885	1.71096	0.0	0.73388	0.0374899	0.834236	0.21177	0.590705	0.212962	4.0603e-06	0.727994	0.0310185	0.0230233	0.210962	0.0319247	0.0304672	0.0139165	-2049.12	4.0	4.48695e-05	-6948.38	4.0	3.66592e-05	1.0	539.227	28.2102	212.313	20.4071	0.282504	0.0247809	999.414	11.1126	
0.0-2.4	6.5-30.0	5.0-10.0	0.000-1.571	0.016	0.112	7087.0	7030.0	3319.91	68.0149	3710.39	70.8264	-0.152217	0.0641644	-0.05	0.0	0.433248	0.0	3.09278	0.0	0.0478326	0.0	0.0256765	0.000938286	0.03	0.0	1.492	0.0	5.0	0.0	1.733	0.0	0.0369446	0.000184792	1.59385e-05	0.00459194	0.192942	0.00860737	0.192669	0.0	0.00388019	0.0	0.000637122	0.000708753	1.71096	0.0	0.943879	0.0188383	0.5841	0.0431883	0.97161	0.0223712	0.483273	0.0441136	0.0733908	0.00901143	0.138136	0.0136208	0.374504	0.131503	-10709.7	4.0	4.78328e-06	-58690.5	4.0	1.47336e-05	1.0	2430.85	65.2395	889.062	45.9111	0.267797	0.0126942	1132.82	6.33607	
0.0-2.4	6.5-30.0	50.0-100.0	0.000-1.571	0.008	0.088	2177.0	2160.0	1796.3	44.8121	363.641	23.9907	-0.350057	0.212806	-0.05	0.0	0.433248	0.0	3.09278	0.0	0.0478326	0.0	0.0262085	0.00117996	0.03	0.0	1.492	0.0	5.0	0.0	1.733	0.0	0.0371557	0.000235855	3.69533e-05	0.0259228	0.19063	0.0125089	0.192669	0.0	0.00388019	0.0	0.00201733	0.000928236	1.71096	0.0	0.851602	0.0253423	0.953132	0.984926	0.999998	2.96513	0.430451	0.319044	0.0143139	0.86837	0.203594	0.0237572	0.0262283	1.78964	-5219.22	4.0	0.00014443	-16975.2	4.0	3.42662e-06	1.0	1405.31	44.2078	390.986	28.6425	0.217662	0.0149922	1072.15	8.12544	
0.0-2.4	6.5-30.0	50.0-55.0	0.000-1.571	0.016	0.08	777.0	762.0	624.935	26.5793	137.006	14.7839	-0.290658	0.344402	-0.05	0.0	0.433248	0.0	3.09278	0.0	0.0478326	0.0	0.0284651	0.0021918	0.03	0.0	1.492	0.0	5.0	0.0	1.733	0.0	0.0380851	0.000464219	1.13115e-05	2.82051e-05	0.163309	0.0194694	0.192669	0.0	0.00388019	0.0	0.00242433	0.00182892	1.71096	0.0	0.921465	0.0531216	0.562466	0.338066	0.825145	0.812128	0.000126318	0.969753	0.028511	0.0200316	0.194081	0.0424343	0.0248993	0.052686	-1816.87	4.0	5.44354e-05	-5156.87	4.0	1.86226e-05	1.0	493.201	27.3288	131.734	18.3913	0.210797	0.0280303	1117.82	17.6767	
0.0-2.4	6.5-30.0	50.0-60.0	0.000-1.571	0.016	0.08	1255.0	1235.0	1028.88	33.9969	206.059	18.2495	-0.29918	0.2827	-0.05	0.0	0.433248	0.0	3.09278	0.0	0.0478326	0.0	0.0282207	0.00164662	0.03	0.0	1.492	0.0	5.0	0.0	1.733	0.0	0.0379818	0.000346695	1.13115e-05	2.82051e-05	0.164334	0.0146114	0.192669	0.0	0.00388019	0.0	0.00271599	0.00133993	1.71096	0.0	0.874604	0.0371042	0.831018	0.801492	0.531003	0.810383	5.14236e-06	0.996843	0.0194151	0.0363145	0.245444	0.04299	0.0200001	0.130357	-2963.93	4.0	1.7535e-05	-8991.27	4.0	1.62101e-05	1.0	795.436	34.3625	233.441	23.4407	0.226889	0.0215139	1087.0	12.0511	
0.0-2.4	6.5-30.0	55.0-60.0	0.000-1.571	0.016	0.073	477.0	471.0	402.74	21.142	68.2467	10.6059	-0.328086	0.492577	-0.05	0.0	0.433248	0.0	3.09278	0.0	0.0478326	0.0	0.0276713	0.00250969	0.03	0.0	1.492	0.0	5.0	0.0	1.733	0.0	0.037752	0.000521283	3.69173e-05	0.0282483	0.167544	0.0220245	0.192669	0.0	0.00388019	0.0	0.00410099	0.00189465	1.71096	0.0	0.792501	0.0502852	0.650078	0.823892	0.679436	0.838299	0.0199125	0.623642	0.00712797	0.0382354	0.337493	0.102238	0.02	0.145501	-1150.98	4.0	4.32373e-07	-3001.81	4.0	1.6229e-05	1.0	301.85	20.7633	100.89	14.4249	0.250508	0.0333154	1034.92	15.5437	
0.0-2.4	6.5-30.0	60.0-100.0	0.000-1.571	0.008	0.088	922.0	915.0	756.232	29.0012	158.727	15.6075	-0.422833	0.320373	-0.05	0.0	0.433248	0.0	3.09278	0.0	0.0478326	0.0	0.0228772	0.00163651	0.03	0.0	1.492	0.0	5.0	0.0	1.733	0.0	0.0358869	0.00029563	3.69533e-05	0.0259228	0.229243	0.0224825	0.192669	0.0	0.00388019	0.0	0.00186494	0.00127424	1.71096	0.0	0.781016	0.0336185	0.827878	0.0206218	1.0	13.3478	0.242911	0.0248605	0.0484915	0.00638863	0.172294	0.0067967	0.0609069	120.301	-2240.32	4.0	2.92151e-07	-6425.44	4.0	2.47223e-06	1.0	597.994	27.9875	158.238	17.1526	0.209245	0.0212147	1027.85	10.3117	
0.0-2.4	6.5-30.0	60.0-70.0	0.000-1.571	0.008	0.088	603.0	598.0	499.913	23.4675	98.1535	12.2053	-0.556267	0.408415	-0.05	0.0	0.433248	0.0	3.09278	0.0	0.0478326	0.0	0.021577	0.00198811	0.03	0.0	1.492	0.0	5.0	0.0	1.733	0.0	0.0354276	0.000343125	3.69533e-05	0.0259228	0.251334	0.0295448	0.192669	0.0	0.00388019	0.0	0.00211735	0.00156671	1.71096	0.0	0.787754	0.0410169	0.999952	0.742234	0.999991	0.867897	0.499434	0.0636516	0.00724964	0.737911	0.189226	0.025122	0.0206598	2.7693	-1486.09	4.0	0.000119536	-3966.95	4.0	1.33655e-05	1.0	393.406	22.4146	106.507	13.6512	0.213052	0.0254098	1031.99	12.6386	
0.0-2.4	6.5-30.0	70.0-100.0	0.000-1.571	0.016	0.073	318.0	315.0	254.265	16.9747	60.7357	9.728	-0.218441	0.510282	-0.05	0.0	0.433248	0.0	3.09278	0.0	0.0478326	0.0	0.0247521	0.00309947	0.03	0.0	1.492	0.0	5.0	0.0	1.733	0.0	0.0365853	0.000594231	3.69173e-05	0.0282483	0.182249	0.0318951	0.192669	0.0	0.00388019	0.0	0.00166595	0.00232968	1.71096	0.0	0.823928	0.0621309	0.757847	0.06534	0.999999	4.72848	1.13727e-06	0.0562961	0.0469603	0.0191763	0.147431	0.0183374	0.0709163	31.5348	-751.053	4.0	4.74065e-08	-1856.1	4.0	6.18836e-06	1.0	201.266	16.6925	52.9987	10.5175	0.208439	0.0389533	1054.55	19.5953	
0.0-2.4	6.5-7.5	0.0-100.0	0.000-1.571	0.024	0.136	15000.0	14944.0	6357.93	113.411	8585.79	122.748	-0.00185815	0.0425035	-0.05	0.0	0.655969	0.0312082	3.08971	0.0006273	0.03	0.00506327	0.07	0.0117157	0.03	0.0	1.492	0.0	5.0	0.0	1.733	0.0	0.0477088	0.00320338	8.01189e-05	0.000324225	0.201662	0.00792781	0.280575	0.122818	0.00999999	0.00282967	0.00264862	0.000578691	1.74302	0.169292	0.926443	0.012703	0.518394	0.0394999	0.95132	0.030826	0.596194	0.0340694	0.0691693	0.00806261	0.135657	0.00914405	0.274322	0.0764841	-21347.2	4.0	2.75168e-05	-134678.0	7.0	9.96993e-05	1.0	5126.93	106.962	1230.99	59.6614	0.193616	0.00872512	1212.4	65.0049	
0.0-2.4	6.5-8.0	0.0-100.0	0.000-1.571	0.016	0.136	20383.0	20331.0	9265.63	138.213	11065.3	144.553	-0.0424963	0.0399034	-0.05	0.0	0.57769	0.0685715	3.09063	0.000503708	0.0278455	0.00135094	0.0607687	0.00657577	0.03	0.0	1.492	0.0	5.0	0.0	1.733	0.0	0.0448045	0.0022026	1.09347e-05	0.000200957	0.207572	0.00642851	0.305289	0.105534	0.0099999	0.0123306	0.00179875	0.000488589	1.67893	0.121704	0.890035	0.0110806	0.545271	0.0374328	0.938336	0.0395987	0.56347	0.0299744	0.0673138	0.00830463	0.13761	0.00709283	0.229063	0.060779	-29807.3	4.0	1.87892e-05	-190340.0	7.0	5.98926e-06	1.0	7336.51	128.393	1929.12	73.0512	0.208202	0.00724664	1187.8	52.1945	
0.0-2.4	7.5-8.5	0.0-100.0	0.000-1.571	0.016	0.184	9515.0	9515.0	5428.23	92.1318	4087.33	84.5377	-0.157662	0.0647464	-0.05	0.0	0.427154	0.0802554	3.09148	0.000595669	0.0235649	0.0018716	0.0478419	0.00351421	0.03	0.0	1.492	0.0	5.0	0.0	1.733	0.0	0.0393492	0.0015285	8.69412e-05	0.000593911	0.20126	0.00760601	0.237323	0.116681	0.00999998	0.0164187	0.00179678	0.000613104	1.6166	0.148916	0.879864	0.0158721	0.50712	0.0522383	0.928982	0.0394196	0.421541	0.053026	0.0504938	0.00698651	0.15633	0.010139	0.2165	0.0695557	-15999.5	4.0	2.52904e-05	-83620.6	7.0	0.000101847	1.0	4149.06	87.4435	1279.17	56.2018	0.235652	0.00954988	1100.3	55.4531	
0.0-2.4	8.0-10.0	0.0-100.0	0.000-1.571	0.016	0.184	11644.0	11644.0	7303.83	104.908	4340.39	89.6185	-0.168729	0.0611322	-0.05	0.0	0.468482	0.0486695	3.09287	0.000468605	0.0465946	0.00206936	0.0224472	0.00102356	0.03	0.0	1.492	0.0	5.0	0.0	1.733	0.0	0.0358458	0.000863866	8.20597e-05	0.000220638	0.194134	0.0057636	0.223696	0.161641	0.000490403	0.00440363	0.00183454	0.000509364	1.60773	0.189769	0.903594	0.0136139	0.631564	0.117937	0.99997	4.53794	0.515345	0.352556	0.0606192	0.0162792	0.181677	0.0132315	0.0201493	25.5701	-21466.1	4.0	3.44856e-05	-106301.0	7.0	2.77191e-05	1.0	5361.64	97.332	1942.19	65.7343	0.265914	0.00814932	1100.93	72.0585	
0.0-2.4	8.5-9.5	0.0-100.0	0.000-1.571	0.016	0.12	5545.0	5533.0	3520.07	71.7831	2013.1	60.3455	-0.182163	0.089475	-0.05	0.0	0.479606	0.0654196	3.09406	0.000663789	0.0460909	0.00279961	0.0222772	0.0013299	0.03	0.0	1.492	0.0	5.0	0.0	1.733	0.0	0.0357368	0.00116251	6.95629e-05	0.856416	0.193307	0.00763055	0.195184	0.13966	-0.00999942	0.0168092	0.00227088	0.000741339	1.55529	0.186244	0.909591	0.0198606	0.638431	0.120319	0.926521	0.755619	0.445738	0.100282	0.0482463	0.0110323	0.177898	0.0159846	0.0464272	0.0568245	-10142.9	4.0	1.41971e-05	-46505.2	7.0	3.78428e-05	1.0	2473.66	65.7462	1046.41	47.2579	0.29727	0.0119787	1066.77	58.8401	
0.0-2.4	9.5-11.0	0.0-100.0	0.000-1.571	0.016	0.136	4716.0	4713.0	3301.81	68.6079	1411.14	53.0371	-0.298482	0.109648	-0.05	0.0	0.385132	0.07592	3.0923	0.000686015	0.046911	0.00333979	0.0245881	0.0015746	0.03	0.0	1.492	0.0	5.0	0.0	1.733	0.0	0.0349181	0.00127098	1.00134e-05	0.000394123	0.194192	0.00863173	0.411649	0.288515	0.00222243	0.00388551	0.000440957	0.000764323	1.51563	0.180968	0.729643	0.0216695	0.645369	0.112666	0.969847	0.021251	0.325921	0.116137	0.042948	0.0128245	0.158878	0.0126586	0.362163	0.181323	-9754.79	4.0	1.61441e-05	-39429.8	7.0	1.9199e-06	1.0	2476.34	63.5589	825.471	41.0641	0.250006	0.0113	1121.98	124.177	
0.4-0.8	6.5-30.0	0.0-100.0	0.000-1.571	0.008	0.073	4709.0	4709.0	3099.16	64.2809	1609.74	51.4007	-0.0696834	0.099771	-0.05	0.0	0.740022	0.0706008	3.09345	0.000507567	0.021547	0.0008646	0.0381668	0.00405719	0.03	0.0	1.492	0.0	5.0	0.0	1.733	0.0	0.0268754	0.00102545	1.07909e-05	6.48731e-06	0.200698	0.00882345	0.164736	0.163076	-0.00113548	0.00593586	-0.00147871	0.000639923	1.82366	0.359661	0.909607	0.0191499	0.741923	0.0585331	0.941953	0.045892	0.477459	0.0499113	0.0694712	0.021326	0.148172	0.0125045	0.368832	0.158086	-10195.3	4.0	2.44161e-06	-39846.8	7.0	5.73092e-06	1.0	2257.95	59.1102	841.204	40.0636	0.27143	0.011637	1113.08	103.789	
0.8-1.2	6.5-30.0	0.0-100.0	0.000-1.571	0.008	0.105	7438.0	7434.0	4286.36	83.4742	3147.56	76.3467	0.103754	0.0757415	-0.05	0.0	0.395526	0.104632	3.09268	0.000619901	0.0355334	0.00323402	0.0288232	0.00218189	0.03	0.0	1.492	0.0	5.0	0.0	1.733	0.0	0.0316478	0.00100188	3.76156e-05	0.000218351	0.1903	0.00745696	0.510138	0.279061	0.00698866	0.00378923	-0.000535255	0.000719709	1.44442	0.131788	0.702721	0.0195349	0.526127	0.0475365	0.956085	0.0282539	0.44949	0.0473305	0.053936	0.00691049	0.134724	0.00977577	0.259321	0.0913039	-13715.9	4.0	0.000117392	-63999.7	7.0	6.58746e-06	1.0	3224.6	76.0317	1061.76	47.5907	0.247706	0.0100001	1142.9	106.13	
1.2-1.6	6.5-30.0	0.0-10.0	0.000-1.571	0.016	0.136	4069.0	4057.0	1736.27	51.0534	2320.63	56.4864	0.166887	0.0809605	-0.05	0.0	0.469058	0.0	3.09131	0.0	0.0458589	0.0	0.0324228	0.00179739	0.03	0.0	1.492	0.0	5.0	0.0	1.733	0.0	0.0393013	0.000393642	1.84654e-05	0.00459078	0.201363	0.0124804	0.103775	0.0	0.00999984	0.0	0.00137165	0.000876473	2.09199	0.0	0.882001	0.0237006	0.93959	0.0963385	0.255004	0.0629638	0.296332	0.0895352	0.174126	0.140283	0.186854	0.0207356	0.0549483	0.00797263	-5795.39	4.0	3.49481e-06	-31312.1	4.0	2.92726e-05	1.0	1252.79	48.7155	483.478	34.9046	0.278458	0.0183602	1073.01	8.7299	
1.2-1.6	6.5-30.0	0.0-100.0	0.000-1.571	0.008	0.136	10479.0	10464.0	5533.07	107.442	4930.95	104.471	-0.0112793	0.0594997	-0.05	0.0	0.469058	0.10385	3.09131	0.000707574	0.0458589	0.00319684	0.0315628	0.00154638	0.03	0.0	1.492	0.0	5.0	0.0	1.733	0.0	0.0389278	0.00119826	2.31047e-05	0.000294422	0.19082	0.00689141	0.103775	0.0507441	0.00999984	0.0195355	0.00167092	0.000531752	2.09199	0.256609	0.94888	0.0138418	0.723073	0.118348	0.470415	0.128259	0.363211	0.0928414	0.0890757	0.0191228	0.181532	0.014724	0.0438643	0.0121346	-16959.0	4.0	3.64539e-07	-92156.3	7.0	2.50341e-06	1.0	4123.38	97.1068	1409.69	61.3852	0.254775	0.00993008	1122.99	46.7406	
1.2-1.6	6.5-30.0	10.0-20.0	0.000-1.571	0.008	0.128	2480.0	2472.0	1274.68	42.7785	1197.46	41.8667	-0.129474	0.113195	-0.05	0.0	0.469058	0.0	3.09131	0.0	0.0458589	0.0	0.0354445	0.00247493	0.03	0.0	1.492	0.0	5.0	0.0	1.733	0.0	0.0406629	0.000572704	2.94195e-05	0.000284662	0.175326	0.0121026	0.103775	0.0	0.00999984	0.0	0.00265136	0.00120061	2.09199	0.0	1.05295	0.0301825	0.577872	0.0526208	0.999963	15.9369	0.610671	0.151382	0.0943213	0.0247782	0.149374	0.0315829	0.0229992	73.3195	-3855.25	4.0	0.000104417	-18108.6	4.0	3.01006e-05	1.0	899.142	41.5135	375.542	31.1716	0.294616	0.0223664	1203.25	11.8357	
1.2-1.6	6.5-30.0	20.0-30.0	0.000-1.571	0.016	0.105	1794.0	1785.0	1025.41	36.4041	759.494	32.5474	-0.019997	0.142234	-0.05	0.0	0.469058	0.0	3.09131	0.0	0.0458589	0.0	0.027054	0.00193597	0.03	0.0	1.492	0.0	5.0	0.0	1.733	0.0	0.0370817	0.000374963	1.01652e-05	0.000874629	0.196307	0.0162479	0.103775	0.0	0.00999984	0.0	-4.56096e-05	0.00119107	2.09199	0.0	0.956453	0.0285284	0.526585	0.363947	0.588497	0.730184	0.267519	0.252776	0.0281354	0.0115884	0.139551	0.0245993	0.0284992	0.0125074	-3266.33	4.0	3.05854e-05	-12734.9	4.0	6.70753e-06	1.0	781.936	35.3228	243.472	23.49	0.237439	0.0213006	1128.73	10.8327	
1.2-1.6	6.5-30.0	30.0-40.0	0.000-1.571	0.016	0.12	1036.0	1033.0	629.215	28.4967	403.624	24.2172	0.0338373	0.195364	-0.05	0.0	0.469058	0.0	3.09131	0.0	0.0458589	0.0	0.0304853	0.00299504	0.03	0.0	1.492	0.0	5.0	0.0	1.733	0.0	0.0384692	0.000630082	1.0296e-05	0.000975254	0.157193	0.0230201	0.103775	0.0	0.00999984	0.0	0.00468516	0.00155693	2.09199	0.0	0.89985	0.0405662	0.999997	0.200257	0.297102	0.0766089	0.288509	0.0788306	0.0736903	0.0109066	0.27115	0.0536926	0.0672152	0.0116274	-1921.87	4.0	2.94794e-06	-6841.89	4.0	4.73166e-05	1.0	510.892	29.9052	118.322	19.6893	0.188048	0.0301106	1086.22	15.0593	
1.2-1.6	6.5-30.0	40.0-50.0	0.000-1.571	0.016	0.064	561.0	551.0	410.748	21.8817	140.239	14.4324	-1.64187	0.370104	-0.05	0.0	0.469058	0.0	3.09131	0.0	0.0458589	0.0	0.0294826	0.00348514	0.03	0.0	1.492	0.0	5.0	0.0	1.733	0.0	0.038052	0.000716845	2.95545e-05	0.000300613	0.210855	0.0281693	0.103775	0.0	0.00999984	0.0	-0.00445004	0.00220992	2.09199	0.0	1.04519	0.0612226	1.0	0.0136388	1.0	0.101338	0.51985	0.102333	1.18166	0.515879	0.188637	0.0362919	0.076575	7.14633	-1126.45	4.0	2.52773e-05	-3455.11	4.0	1.45994e-05	1.0	315.334	21.7937	95.414	14.7852	0.232294	0.0338018	1197.17	23.9517	
1.2-1.6	6.5-30.0	50.0-100.0	0.000-1.571	0.016	0.073	536.0	531.0	435.02	21.9652	95.9434	11.9753	-0.993326	0.41766	-0.05	0.0	0.469058	0.0	3.09131	0.0	0.0458589	0.0	0.0296377	0.00262406	0.03	0.0	1.492	0.0	5.0	0.0	1.733	0.0	0.0381159	0.000541663	1.01642e-05	0.000817577	0.198012	0.0278301	0.103775	0.0	0.00999984	0.0	0.00561361	0.001997	2.09199	0.0	0.969771	0.0561996	0.766453	0.816058	0.59547	0.797702	3.28831e-06	0.783788	0.0250964	0.0472673	0.263162	0.0626909	0.0203348	0.355299	-1201.43	4.0	1.46117e-06	-3409.81	4.0	5.19199e-06	1.0	346.57	21.8075	88.45	13.7584	0.203324	0.0299144	1138.87	21.4445	
1.6-2.0	6.5-30.0	0.0-100.0	0.000-1.571	0.008	0.16	10363.0	10357.0	5273.54	110.634	5083.5	109.759	-0.362085	0.0607114	-0.05	0.0	0.516314	0.120417	3.09109	0.000848633	0.0554995	0.00337512	0.0339495	0.00317537	0.03	0.0	1.492	0.0	5.0	0.0	1.733	0.0	0.0463447	0.00172425	2.61437e-05	0.00458725	0.204699	0.00841102	0.462154	0.274076	0.00485629	0.00340939	0.00204972	0.000807967	1.4787	0.146906	0.863523	0.0182995	0.997834	0.121652	0.473172	0.0523985	0.617618	0.0267029	0.00714727	0.88405	0.188133	0.0131647	0.106056	0.0123421	-15309.9	4.0	4.81999e-06	-90315.2	7.0	5.83761e-05	1.0	4167.09	101.015	1106.45	55.6803	0.209812	0.00959716	1188.1	93.2901	
1.6-2.4	3.0-30.0	0.0-100.0	0.000-1.571	0.008	0.136	241672.0	233097.0	42646.8	1320.09	190450.0	1364.39	0.134254	0.00921245	-0.05	0.0	0.0411129	0.0831339	3.08951	0.000890198	0.0175327	0.00840788	0.0520557	0.00951764	0.03	0.0	1.89	0.0	5.0	0.0	1.44	0.0	0.0510982	0.00475063	1.05736e-05	6.47957e-05	0.214558	0.0044445	0.424086	0.192827	0.0067252	0.00270385	0.00670513	0.000256817	1.48829	0.109549	0.896528	0.00363912	1.0	0.00812531	0.791575	0.00804585	0.743058	0.00415544	0.00709388	5.35296e-10	0.125421	0.00239731	0.221221	0.00629627	-221723.0	4.0	7.29444e-06	-2684400.0	7.0	0.00876973	1.0	35832.7	1126.78	6814.13	289.618	0.15978	0.00465375	1184.16	64.448	
1.6-2.4	3.0-4.5	0.0-100.0	0.000-1.571	0.016	0.264	172982.0	172975.0	20757.2	308.64	152216.0	476.077	0.138633	0.00999282	-0.05	0.0	0.931789	0.0150406	3.08687	0.000755824	0.0526516	0.00109815	0.015505	0.00145285	0.03	0.0	1.86	0.0	5.0	0.0	1.38	0.0	0.0509853	0.000560571	8.85777e-05	0.0369611	0.230121	0.00826282	0.101357	0.069759	0.0499991	0.0925249	0.00282557	0.000249181	1.84755	0.275177	1.06305	0.00324103	1.0	0.0531146	0.833733	0.000133651	0.676924	0.000116802	0.235943	13.9092	0.0930121	4.01718e-05	0.351171	0.00020276	-143865.0	4.0	1.89115e-05	-1936060.0	7.0	0.00134077	1.0	17997.3	306.244	2759.9	154.461	0.132961	0.00717391	1166.84	40.6696	
1.6-2.4	3.0-5.5	0.0-100.0	0.000-1.571	0.016	0.264	210425.0	210413.0	29707.4	525.753	180705.0	512.451	0.0741729	0.00923424	-0.05	0.0	1.65333e-08	0.991952	3.0887	0.000448997	0.0468653	0.0517647	0.0498391	0.000916982	0.03	0.0	1.86	0.0	5.0	0.0	1.38	0.0	0.0498391	0.0015026	1.55371e-05	0.00459213	0.231501	0.00676465	0.125652	0.0884483	0.0251244	0.0167426	0.00655632	0.000222128	1.92178	0.271466	1.06236	0.00295915	1.0	0.00373745	0.813078	0.00666925	0.749741	0.0051025	0.0202811	0.000307797	0.113251	0.00263005	0.345664	0.00840564	-180487.0	4.0	2.58597e-05	-2397390.0	7.0	0.000171152	1.0	25545.4	484.852	4162.03	190.046	0.140101	0.00589722	1204.52	54.3908	
1.6-2.4	3.0-6.5	0.0-10.0	0.000-1.571	0.032	0.264	126850.0	126792.0	13849.9	250.942	112943.0	402.552	0.0685406	0.011515	-0.05	0.0	6.94809e-08	0.0	3.08987	0.0	0.0497542	0.0	0.0474316	0.000848465	0.03	0.0	1.86	0.0	5.0	0.0	1.38	0.0	0.0474316	0.000424233	1.3729e-05	0.00459296	0.229106	0.0106713	0.342453	0.0	0.0157318	0.0	0.0058097	0.000353625	1.52985	0.0	0.977134	0.00484971	1.0	0.0637523	0.800554	0.00025615	0.752851	0.000139115	0.286512	19.4931	0.124579	8.97215e-05	0.378385	0.000347319	-102852.0	4.0	1.22754e-05	-1379010.0	4.0	8.81219e-06	1.0	11978.8	251.383	1871.07	131.286	0.135096	0.00915773	1195.54	1.30318	
1.6-2.4	3.0-6.5	0.0-100.0	0.000-1.571	0.032	0.136	227696.0	219049.0	35542.2	361.721	183506.0	527.994	0.151602	0.00912493	-0.05	0.0	6.94809e-08	0.0110068	3.08987	0.000529348	0.0497542	0.093349	0.0507409	0.000529457	0.03	0.0	1.86	0.0	5.0	0.0	1.38	0.0	0.0507409	0.000264783	1.41936e-05	0.00459275	0.226354	0.00569821	0.342453	0.252255	0.0157318	0.00949993	0.00554428	0.000253959	1.52985	0.175655	0.95383	0.00350524	1.0	3.72326	0.780512	0.000766421	0.752335	0.000306413	0.16132	17.3457	0.122728	0.000168718	0.224966	0.000478375	-203112.0	4.0	5.15748e-05	-2506620.0	7.0	7.77956e-05	1.0	30721.8	360.176	4820.37	185.406	0.135624	0.00503059	1183.1	85.6086	
1.6-2.4	3.0-6.5	0.0-20.0	0.000-1.571	0.032	0.136	184826.0	177245.0	23680.2	315.403	153564.0	478.901	0.165789	0.00988679	-0.05	0.0	6.94809e-08	0.0	3.08987	0.0	0.0497542	0.0	0.0498739	0.000674445	0.03	0.0	1.86	0.0	5.0	0.0	1.38	0.0	0.0498739	0.000337222	1.41936e-05	0.00459275	0.219396	0.00739635	0.342453	0.0	0.0157318	0.0	0.00599564	0.000288502	1.52985	0.0	0.966741	0.0039755	1.0	0.00792191	0.795694	0.00866556	0.753165	0.00512682	0.111346	0.00400758	0.121673	0.0029269	0.241059	0.00720047	-160065.0	4.0	2.58642e-06	-1988670.0	4.0	5.45683e-05	1.0	20685.3	316.015	2994.9	159.841	0.126473	0.0065364	1189.97	1.06185	
1.6-2.4	3.0-6.5	10.0-20.0	0.000-1.571	0.032	0.136	57976.0	55847.0	9513.39	192.832	46333.4	272.023	0.104832	0.0180473	-0.05	0.0	6.94809e-08	0.0	3.08987	0.0	0.0497542	0.0	0.0545263	0.00115547	0.03	0.0	1.86	0.0	5.0	0.0	1.38	0.0	0.0545263	0.000577736	1.41936e-05	0.00459275	0.224059	0.0115923	0.342453	0.0	0.0157318	0.0	0.00684752	0.000494911	1.52985	0.0	0.95496	0.00677976	1.0	25.6835	0.737336	0.00432494	0.755603	0.0026221	0.0089952	28.1169	0.12038	0.00108013	0.162664	0.00179349	-54366.4	4.0	1.9044e-06	-562763.0	4.0	4.4011e-05	1.0	8453.2	191.219	1060.19	87.5684	0.111442	0.00892329	1183.7	1.79827	
1.6-2.4	3.0-6.5	20.0-30.0	0.000-1.571	0.032	0.192	23417.0	23381.0	4914.2	124.249	18467.0	170.103	-0.0346999	0.0286684	-0.05	0.0	6.94809e-08	0.0	3.08987	0.0	0.0497542	0.0	0.0551021	0.00140849	0.03	0.0	1.86	0.0	5.0	0.0	1.38	0.0	0.0551021	0.000704247	1.37746e-05	0.00459294	0.230369	0.0130548	0.342453	0.0	0.0157318	0.0	0.00272817	0.000745055	1.52985	0.0	0.922593	0.010091	0.94147	0.0450425	0.775039	0.0724494	0.73515	0.0148047	0.374312	0.101469	0.122339	0.0151304	0.172268	0.0520629	-22445.4	4.0	8.44028e-06	-215673.0	4.0	5.94292e-06	1.0	4123.77	121.746	790.434	65.9587	0.160847	0.0127911	1166.7	2.62351	
1.6-2.4	3.0-6.5	20.0-40.0	0.000-1.571	0.024	0.192	34700.0	34687.0	8039.1	152.077	26646.8	204.255	-0.00818921	0.0238714	-0.05	0.0	6.94809e-08	0.0	3.08987	0.0	0.0497542	0.0	0.0522431	0.00103077	0.03	0.0	1.86	0.0	5.0	0.0	1.38	0.0	0.0522431	0.000515383	1.37746e-05	0.00459294	0.23595	0.010535	0.342453	0.0	0.0157318	0.0	0.00305651	0.000603584	1.52985	0.0	0.920034	0.00834993	0.942798	0.0602331	0.793088	0.116182	0.739074	0.0129738	0.31803	0.119986	0.121672	0.0110098	0.172398	0.03129	-34206.7	4.0	1.57139e-05	-334202.0	4.0	8.20786e-05	1.0	6780.4	149.91	1258.7	81.1663	0.156573	0.0096522	1165.37	2.16731	
1.6-2.4	3.0-6.5	30.0-40.0	0.000-1.571	0.032	0.192	11282.0	11271.0	3112.27	86.8464	8158.8	112.192	0.0371825	0.0431578	-0.05	0.0	6.94809e-08	0.0	3.08987	0.0	0.0497542	0.0	0.0474811	0.00143942	0.03	0.0	1.86	0.0	5.0	0.0	1.38	0.0	0.0474811	0.000719709	1.37746e-05	0.00459294	0.244675	0.0177871	0.342453	0.0	0.0157318	0.0	0.00385598	0.00103768	1.52985	0.0	0.910474	0.0149056	1.0	0.0210979	0.709911	0.0501032	0.739352	0.0195468	0.045453	0.80457	0.118388	0.00955282	0.15476	0.0198972	-11761.2	4.0	1.13949e-06	-96366.7	4.0	3.57605e-06	1.0	2645.95	86.8415	466.319	47.5321	0.149832	0.014689	1160.42	3.84502	
1.6-2.4	3.0-6.5	40.0-100.0	0.000-1.571	0.024	0.145	8168.0	8113.0	3862.63	80.6416	4250.31	83.0092	0.164681	0.0606007	-0.05	0.0	6.94809e-08	0.0	3.08987	0.0	0.0497542	0.0	0.0518371	0.00103788	0.03	0.0	1.86	0.0	5.0	0.0	1.38	0.0	0.0518371	0.000518942	1.39771e-05	0.00459285	0.240185	0.0152703	0.342453	0.0	0.0157318	0.0	0.00502854	0.00110007	1.52985	0.0	0.836651	0.0156393	0.999965	0.677967	0.743086	0.0922528	0.75243	0.0420389	0.00782129	1.2365e-06	0.160362	0.0310284	0.216562	0.061766	-10021.3	4.0	4.54963e-06	-68090.3	4.0	9.86839e-06	1.0	3279.59	83.2922	583.039	48.9664	0.150944	0.012279	1123.28	3.82974	
1.6-2.4	3.0-6.5	40.0-50.0	0.000-1.571	0.032	0.145	4813.0	4777.0	1983.52	59.6668	2793.2	66.1031	0.145145	0.0743475	-0.05	0.0	6.94809e-08	0.0	3.08987	0.0	0.0497542	0.0	0.0503623	0.00144209	0.03	0.0	1.86	0.0	5.0	0.0	1.38	0.0	0.0503623	0.000721043	1.39771e-05	0.00459285	0.222742	0.016531	0.342453	0.0	0.0157318	0.0	0.00100335	0.00140666	1.52985	0.0	0.754053	0.0218321	0.910259	0.941322	0.841838	0.157712	0.442938	0.149759	0.0071249	1.50231	0.05	0.0041627	0.265056	0.0934382	-5620.79	4.0	2.02816e-06	-37287.6	4.0	6.80938e-05	1.0	1562.35	60.2013	421.17	39.6981	0.212334	0.0189673	1084.14	4.99238	
1.6-2.4	3.0-6.5	50.0-100.0	0.000-1.571	0.032	0.145	3355.0	3328.0	1881.08	54.1993	1446.59	50.0291	0.196838	0.104933	-0.05	0.0	6.94809e-08	0.0	3.08987	0.0	0.0497542	0.0	0.0538477	0.00155414	0.03	0.0	1.86	0.0	5.0	0.0	1.38	0.0	0.0538477	0.000777071	1.39771e-05	0.00459285	0.262651	0.0269638	0.342453	0.0	0.0157318	0.0	0.00335423	0.00173769	1.52985	0.0	0.885471	0.0229348	0.855734	0.00367248	1.0	10.8046	0.741681	0.00262678	0.245806	0.00563749	0.195116	0.00188247	0.0200004	36.3876	-4423.39	4.0	8.67464e-07	-25277.2	4.0	3.94682e-05	1.0	1658.04	56.4518	223.041	30.7548	0.118571	0.0159886	1147.63	5.8179	
1.6-2.4	4.5-5.5	0.0-100.0	0.000-1.571	0.032	0.192	37442.0	37391.0	7759.77	2680.83	29631.2	2659.25	-0.352507	0.15147	-0.05	0.0	0.136252	5.45977	3.09012	0.000982586	0.064541	0.351698	0.0475517	0.0422462	0.03	0.0	1.86	0.0	5.0	0.0	1.38	0.0	0.0502059	0.0626729	2.24592e-05	0.000300031	0.233184	0.0107214	0.168249	0.155208	0.013983	0.015875	0.0081728	0.000482573	1.94033	0.379566	1.06015	0.00733519	0.837736	0.0238962	0.758911	0.129419	0.77399	0.0372076	0.20599	0.0216756	0.179868	0.0072275	0.051699	0.0282907	-36785.3	4.0	5.54279e-08	-362741.0	7.0	0.000742982	1.0	6442.9	2227.31	1316.87	461.877	0.169704	0.0102704	1252.3	95.6574	
1.6-2.4	5.5-6.5	0.0-100.0	0.000-1.571	0.032	0.168	17271.0	17130.0	5342.59	110.442	11787.4	136.534	-0.464355	0.0368783	-0.05	0.0	0.026046	0.0277324	3.09387	0.00110713	0.0201603	0.0236707	0.0530531	0.00163454	0.03	0.0	1.86	0.0	5.0	0.0	1.38	0.0	0.0524586	0.000873707	1.49587e-05	0.00459239	0.22211	0.0119215	0.433295	0.409181	0.0163991	0.0173772	0.00404691	0.000779572	1.45247	0.191912	0.868823	0.0136211	1.0	0.0943981	0.362924	0.0415497	0.709564	0.0207544	0.00722811	0.000385869	0.215732	0.013937	0.100842	0.00830957	-19547.8	4.0	3.61148e-05	-153941.0	7.0	0.000505987	1.0	4558.59	107.748	783.999	54.698	0.146745	0.00977838	1158.4	130.537	
1.6-2.4	6.5-30.0	0.0-10.0	0.000-1.571	0.008	0.184	5340.0	5340.0	2256.38	59.3606	3083.33	65.9577	-0.346806	0.0708019	-0.05	0.0	0.689784	0.0	3.09112	0.0	0.056434	0.0	0.0305939	0.0026776	0.03	0.0	1.492	0.0	5.0	0.0	1.733	0.0	0.0498716	0.000254778	6.70809e-05	0.00017923	0.229806	0.015677	0.211707	0.0	0.00199102	0.0	0.00323925	0.000985009	1.6767	0.0	1.04719	0.0226835	0.992403	0.101063	0.342175	0.0628162	0.548531	0.0435062	0.270764	0.874472	0.207222	0.020304	0.0889198	0.013885	-6840.96	4.0	3.87234e-05	-42422.0	4.0	2.55114e-05	1.0	1838.64	58.2899	417.739	34.3331	0.185137	0.0144154	1208.15	7.7495	
1.6-2.4	6.5-30.0	0.0-100.0	0.000-1.571	0.008	0.152	13976.0	13963.0	7139.91	128.635	6822.49	127.357	-0.404951	0.0508771	-0.05	0.0	0.689784	0.0938049	3.09112	0.000756761	0.056434	0.00246203	0.0300647	0.00390767	0.03	0.0	1.492	0.0	5.0	0.0	1.733	0.0	0.0497717	0.00148863	2.77437e-05	0.00458652	0.196957	0.00672944	0.211707	0.175346	0.00199102	0.00574194	0.00260373	0.000544974	1.6767	0.235346	0.949497	0.0123424	1.0	0.665127	0.53386	0.0445743	0.619145	0.0214891	0.00762078	0.583129	0.181105	0.0100957	0.108901	0.0116514	-20444.5	4.0	3.0974e-05	-125853.0	7.0	6.84079e-05	1.0	5498.99	117.142	1640.92	69.145	0.229824	0.0087545	1142.74	81.9727	
1.6-2.4	6.5-30.0	10.0-20.0	0.000-1.571	0.016	0.152	3557.0	3553.0	1723.9	50.7169	1829.07	51.7413	-0.30487	0.0920262	-0.05	0.0	0.689784	0.0	3.09112	0.0	0.056434	0.0	0.0316605	0.00387224	0.03	0.0	1.492	0.0	5.0	0.0	1.733	0.0	0.0500777	0.000379726	4.73533e-05	0.0045775	0.180044	0.0122886	0.211707	0.0	0.00199102	0.0	0.00145948	0.0011525	1.6767	0.0	0.986422	0.024761	0.890373	0.00640882	0.999908	1.93379	0.638165	0.0058437	0.210294	0.00994381	0.135016	0.00204764	0.185363	4.73802	-5047.44	4.0	1.24623e-05	-27027.0	4.0	1.39048e-05	1.0	1304.08	51.0619	419.818	35.8876	0.243528	0.019546	1167.14	8.24836	
1.6-2.4	6.5-30.0	20.0-30.0	0.000-1.571	0.016	0.152	2239.0	2235.0	1249.04	40.5552	985.666	37.1679	-0.661232	0.127267	-0.05	0.0	0.689784	0.0	3.09112	0.0	0.056434	0.0	0.023906	0.00253244	0.03	0.0	1.492	0.0	5.0	0.0	1.733	0.0	0.0487248	0.000192721	4.73533e-05	0.0045775	0.2099	0.0159877	0.211707	0.0	0.00199102	0.0	0.00440475	0.00117647	1.6767	0.0	0.83915	0.0279176	0.741915	0.0948797	0.912422	0.089789	0.64535	0.0604858	0.0647605	0.0324509	0.145163	0.0205519	0.302003	0.158527	-3637.33	4.0	9.16761e-09	-16241.6	4.0	7.06988e-05	1.0	952.432	39.3741	296.61	26.2057	0.23747	0.0195125	1072.51	8.60945	
1.6-2.4	6.5-30.0	30.0-40.0	0.000-1.571	0.016	0.12	1366.0	1360.0	843.488	32.9522	516.437	27.5472	-0.487674	0.175213	-0.05	0.0	0.689784	0.0	3.09112	0.0	0.056434	0.0	0.0269145	0.0034592	0.03	0.0	1.492	0.0	5.0	0.0	1.733	0.0	0.0492091	0.000293461	7.78689e-05	0.00018502	0.163532	0.0138755	0.211707	0.0	0.00199102	0.0	0.00112706	0.00158996	1.6767	0.0	0.858391	0.0337924	1.0	0.0111517	1.0	0.0319338	0.739314	0.0398746	0.362943	0.539822	0.200584	0.0297305	0.170725	6.623	-2327.88	4.0	3.06359e-06	-9311.3	4.0	6.74621e-06	1.0	575.324	33.1701	268.164	26.5488	0.317923	0.0289209	1084.44	10.5428	
1.6-2.4	6.5-30.0	40.0-50.0	0.000-1.571	0.016	0.136	778.0	776.0	512.021	25.1321	263.952	19.5848	-0.881024	0.249242	-0.05	0.0	0.689784	0.0	3.09112	0.0	0.056434	0.0	0.0297169	0.00406154	0.03	0.0	1.492	0.0	5.0	0.0	1.733	0.0	0.0497068	0.000376627	8.26074e-05	0.000185856	0.174973	0.0199115	0.211707	0.0	0.00199102	0.0	0.000584501	0.00168038	1.6767	0.0	0.682911	0.0404626	0.589307	0.00589214	1.0	5.32224	0.395435	0.0064384	0.0374586	0.000782464	0.234365	0.00271456	0.03427	25.1756	-1386.85	4.0	3.66669e-05	-4927.38	4.0	1.10467e-06	1.0	373.777	24.5789	138.245	17.7081	0.269998	0.0319448	981.229	11.0995	
1.6-2.4	6.5-30.0	50.0-100.0	0.000-1.571	0.024	0.088	693.0	654.0	516.432	24.6519	137.603	15.1278	-0.253483	0.343404	-0.05	0.0	0.689784	0.0	3.09112	0.0	0.056434	0.0	0.0478528	0.00600425	0.03	0.0	1.492	0.0	5.0	0.0	1.733	0.0	0.0539183	0.000826541	6.88123e-05	0.774115	0.180324	0.0232291	0.211707	0.0	0.00199102	0.0	0.00696221	0.002104	1.6767	0.0	0.805614	0.0452193	0.687314	0.208686	0.906622	0.944041	0.272721	0.345095	0.0493181	0.0271464	0.204157	0.0503604	0.0364719	0.0780595	-1334.24	4.0	7.35687e-06	-4160.09	4.0	9.9004e-06	1.0	406.401	24.7948	110.031	16.3103	0.213061	0.0299002	1052.04	13.6482	
2.0-2.4	6.5-30.0	0.0-100.0	0.000-1.571	0.016	0.152	3613.0	3610.0	2060.29	68.0723	1549.83	64.1608	-0.41603	0.116433	-0.05	0.0	0.501269	0.159782	3.09137	0.00172781	0.0438904	0.00476118	0.08	0.325321	0.03	0.0	1.492	0.0	5.0	0.0	1.733	0.0	0.0644787	0.100693	5.32822e-05	0.000637972	0.187309	0.0114012	0.0616077	0.0610709	-0.00999984	0.0176827	0.00213368	0.000980931	2.16559	0.541582	0.944607	0.0205642	0.843811	0.00344497	0.999999	3.43645	0.622321	0.00273128	0.117823	0.00220862	0.163849	0.00115671	0.135629	25.7604	-5175.7	4.0	3.6752e-05	-27623.1	7.0	3.64956e-05	1.0	1501.14	61.9626	559.151	41.4815	0.271394	0.0180268	1061.24	64.9423	
