weightedEff_TnPAtRD3_4DEff_RapPtEffMap2_Ratio
rap	pT	cent	dPhi	ctauErrMin	ctauErrMax	NoCutEntry	CutEntry	NSig	NSigErr	NBkg	NBkgErr	coefExp	coefExpErr	coefPol1	coefPol1Err	coeffGaus	coeffGausErr	meanSig1	meanSig1Err	sigmaSig1	sigmaSig1Err	sigmaSig2	sigmaSig2Err	sigmaSig3	sigmaSig3Err	alpha	alphaErr	enne	enneErr	enneW	enneWErr	sigWidth	sigWidthErr	Gmc	GmcErr	bTau	bTauErr	fracRes	fracResErr	meanResSigW	meanResSigWErr	meanResSigN	meanResSigNErr	sigmaResSigW	sigmaResSigWErr	sigmaResSigN	sigmaResSigNErr	fpm	fpmErr	fLiving	fLivingErr	fbkgCtTot	fbkgCtTotErr	lambdam	lambdamErr	lambdap	lambdapErr	lambdasym	lambdasymErr	NLL	nFitPar	EDM	NLLMass	nFitParMass	EDMMass	Prob	PROMPT	PROMPTErr	NON-PROMPT	NON-PROMPTErr	Bfraction	BfractionErr	Resolution	ResolutionErr	
0.0-0.4	6.5-30.0	0.0-100.0	0.000-1.571	0.008	0.064	5599.0	5595.0	3713.3	67.9012	1881.73	52.7103	-0.193587	0.0915397	-0.05	0.0	0.534964	0.0773744	3.09279	0.000378065	0.019133	0.00107782	0.0188899	0.00148246	0.03	0.0	1.492	0.0	5.0	0.0	1.733	0.0	0.0190203	0.000448758	3.59557e-05	0.000193278	0.39258	0.0121325	0.709974	0.264125	-0.00206547	0.00229629	0.00222863	0.00130094	1.32298	0.0992276	0.673148	0.0332864	0.812732	0.0986708	0.600446	0.135655	0.350246	0.0464145	0.0705835	1.02402e-06	0.297943	0.0243348	0.0705278	0.0112412	-10369.0	4.0	2.58998e-05	-49064.0	7.0	9.92315e-06	1.0	2371.5	56.7138	1341.8	44.022	0.36135	0.00984307	1172.2	83.2299	
0.0-1.2	6.5-30.0	0.0-10.0	0.000-1.571	0.008	0.088	7982.0	7979.0	4218.7	77.2892	3760.08	74.2594	-0.00310764	0.0636967	-0.05	0.0	0.534259	0.0	3.09236	0.0	0.0202752	0.0	0.0360761	0.00154119	0.03	0.0	1.492	0.0	5.0	0.0	1.733	0.0	0.0287364	0.000450566	1.12992e-05	0.000388937	0.331936	0.0105642	0.282557	0.0	0.00228371	0.0	0.00176476	0.000681164	1.58042	0.0	0.938521	0.0204253	0.751014	0.359804	0.596926	0.510809	0.518506	0.0785581	0.0704682	1.27139e-11	0.262358	0.046237	0.100631	0.0426454	-12079.2	4.0	8.18577e-06	-69121.3	4.0	5.0744e-05	1.0	2827.34	66.3792	1391.36	48.7121	0.329808	0.00983957	1156.59	5.94556	
0.0-1.2	6.5-30.0	0.0-100.0	0.000-1.571	0.008	0.105	21291.0	21286.0	13219.5	134.887	8066.97	114.198	-0.0312215	0.0452603	-0.05	0.0	0.534259	0.0473882	3.09236	0.000269568	0.0202752	0.000562774	0.0343733	0.00162636	0.03	0.0	1.492	0.0	5.0	0.0	1.733	0.0	0.0277473	0.000583436	1.16782e-05	0.000130175	0.339409	0.00609822	0.282557	0.19576	0.00228371	0.00264771	0.000151736	0.000368198	1.58042	0.170805	0.878476	0.0107575	0.655342	0.0213485	0.919967	0.0148668	0.498168	0.0165916	0.0705903	1.09292e-08	0.245145	0.0102062	0.430195	0.0598627	-36145.6	4.0	1.81007e-06	-209366.0	7.0	5.19187e-05	1.0	8935.44	115.183	4284.05	82.8571	0.324071	0.00532457	1122.24	82.6412	
0.0-1.2	6.5-30.0	10.0-20.0	0.000-1.571	0.008	0.088	4998.0	4996.0	3013.06	61.9908	1982.73	53.0324	-0.0130768	0.0879317	-0.05	0.0	0.534259	0.0	3.09236	0.0	0.0202752	0.0	0.0333679	0.00143393	0.03	0.0	1.492	0.0	5.0	0.0	1.733	0.0	0.0271696	0.000410098	1.12992e-05	0.000388937	0.341675	0.0123312	0.282557	0.0	0.00228371	0.0	-0.00212668	0.000799016	1.58042	0.0	0.893934	0.0236421	0.69299	0.0602738	0.753182	0.0500879	0.509614	0.036643	0.0705068	6.35709e-07	0.264662	0.0270737	0.441891	0.0598629	-7766.58	4.0	7.22691e-07	-41760.8	4.0	1.4013e-05	1.0	1935.06	52.7586	1077.99	41.1139	0.357774	0.0114896	1130.96	6.7035	
0.0-1.2	6.5-30.0	20.0-30.0	0.000-1.571	0.008	0.105	3610.0	3607.0	2357.0	54.153	1249.78	42.7231	0.154013	0.111242	-0.05	0.0	0.534259	0.0	3.09236	0.0	0.0202752	0.0	0.0331978	0.00164777	0.03	0.0	1.492	0.0	5.0	0.0	1.733	0.0	0.0270724	0.000470536	1.16782e-05	0.000130175	0.357632	0.0153937	0.282557	0.0	0.00228371	0.0	0.000432645	0.000829243	1.58042	0.0	0.847318	0.0236972	0.664836	0.0226708	0.999915	9.96384	0.495911	0.0163252	0.0705171	3.95949e-09	0.220471	0.0115934	0.203075	53.7912	-6524.48	4.0	4.71193e-05	-29326.2	4.0	2.66647e-05	1.0	1616.86	47.0051	740.146	33.4468	0.31402	0.0122194	1104.91	6.51886	
0.0-1.2	6.5-30.0	30.0-40.0	0.000-1.571	0.008	0.064	2179.0	2177.0	1562.49	43.624	614.488	30.9034	-0.470895	0.161	-0.05	0.0	0.534259	0.0	3.09236	0.0	0.0202752	0.0	0.0372524	0.0022332	0.03	0.0	1.492	0.0	5.0	0.0	1.733	0.0	0.0294271	0.000658338	1.32366e-05	0.000329048	0.335338	0.0179429	0.282557	0.0	0.00228371	0.0	-0.00141581	0.00103493	1.58042	0.0	0.832511	0.0271743	0.591033	0.236738	0.999998	24.9821	0.425239	0.157494	0.0706369	0.0300447	0.210604	0.0304575	0.0717219	1.67868	-4477.25	4.0	6.71429e-05	-16894.8	4.0	1.30392e-06	1.0	1110.57	38.4497	451.921	26.0033	0.289231	0.0145518	1096.81	7.39902	
0.0-1.2	6.5-30.0	40.0-50.0	0.000-1.571	0.016	0.048	1294.0	1277.0	988.183	33.7831	288.751	21.0209	-0.218053	0.233626	-0.05	0.0	0.534259	0.0	3.09236	0.0	0.0202752	0.0	0.0339891	0.00245175	0.03	0.0	1.492	0.0	5.0	0.0	1.733	0.0	0.0275259	0.000704999	1.43354e-05	8.22848e-05	0.302782	0.0195382	0.282557	0.0	0.00228371	0.0	-0.00347376	0.00142754	1.58042	0.0	0.891866	0.041796	1.0	0.0241077	1.0	0.0138748	0.480384	0.0455199	0.0705267	3.68909e-06	0.522083	0.0593132	0.412717	2.57265	-2614.41	4.0	9.32348e-06	-9429.12	4.0	5.37055e-06	1.0	668.477	29.7877	319.706	22.0112	0.323529	0.0193343	1129.79	11.8357	
0.0-1.2	6.5-30.0	50.0-100.0	0.000-1.571	0.008	0.056	1225.0	1223.0	1072.24	34.277	150.944	15.9255	-0.400163	0.330193	-0.05	0.0	0.534259	0.0	3.09236	0.0	0.0202752	0.0	0.0323322	0.00190111	0.03	0.0	1.492	0.0	5.0	0.0	1.733	0.0	0.02658	0.00053852	1.34486e-05	0.000306561	0.376707	0.02401	0.282557	0.0	0.00228371	0.0	0.00122382	0.00110895	1.58042	0.0	0.750904	0.0337627	0.939887	0.729369	0.898668	0.643601	0.289765	0.363186	0.0704445	5.94619e-09	0.410024	0.0913245	0.0711373	3.78472	-3097.5	4.0	2.86827e-05	-9379.28	4.0	6.84213e-05	1.0	759.76	30.4017	312.476	20.8362	0.291425	0.0170537	1053.7	8.63101	
0.0-2.4	10.0-13.0	0.0-100.0	0.000-1.571	0.008	0.136	6574.0	6572.0	4865.68	78.5986	1706.41	54.9401	-0.613116	0.101262	-0.05	0.0	0.382038	0.0690502	3.09159	0.00056367	0.0214017	0.0016785	0.0423024	0.00235596	0.03	0.0	1.492	0.0	5.0	0.0	1.733	0.0	0.0357886	0.00109067	1.25623e-05	9.06713e-05	0.307993	0.00902763	0.0553454	0.0788853	0.000212513	0.0144851	7.14553e-05	0.00052643	2.09412	0.553674	0.941829	0.0156808	0.813178	0.207857	0.826885	0.796582	0.334574	0.143747	0.0705872	0.0815057	0.254247	0.0256051	0.0705566	0.149236	-12316.9	4.0	3.00297e-07	-57655.0	7.0	2.20876e-05	1.0	3259.52	68.5768	1606.16	51.0253	0.3301	0.00902988	1039.55	73.4992	
0.0-2.4	10.0-30.0	0.0-100.0	0.000-1.571	0.004	0.144	10081.0	10080.0	7532.76	97.726	2547.28	67.5624	-0.623459	0.0834349	-0.05	0.0	0.434197	0.0547908	3.09237	0.000447115	0.0220892	0.00123921	0.0444498	0.0021993	0.03	0.0	1.492	0.0	5.0	0.0	1.733	0.0	0.0364659	0.00095608	1.0177e-05	0.00195203	0.282018	0.00651574	0.0477214	0.0592155	-0.000892962	0.00748279	-0.000198923	0.000403882	2.03646	0.461587	0.959319	0.0129612	0.924825	21.5223	0.783241	8.0948	0.366611	0.525537	0.0712614	2.93528	0.258259	0.525244	0.0706105	2.78221e-07	-19358.8	4.0	6.64659e-06	-92918.5	7.0	6.07903e-06	1.0	4888.2	84.7686	2644.56	65.8873	0.351075	0.00746732	1036.48	51.236	
0.0-2.4	11.0-13.0	0.0-100.0	0.000-1.571	0.008	0.105	3440.0	3438.0	2606.47	57.2777	831.696	38.8036	-0.82285	0.147079	-0.05	0.0	0.482984	0.0817015	3.09158	0.000774422	0.0231913	0.0019071	0.0484265	0.00402912	0.03	0.0	1.492	0.0	5.0	0.0	1.733	0.0	0.0383697	0.00165261	4.93653e-05	0.000238442	0.338642	0.012766	0.0328637	0.0389686	-0.000371389	0.0145275	0.00155693	0.000724676	2.53131	0.734887	0.988798	0.0224533	0.782986	0.696717	0.959782	2.77594	0.370705	1.26774	0.0705318	1.77055e-07	0.282322	0.196438	0.0706009	14.1757	-6231.25	4.0	7.25845e-05	-28031.3	7.0	5.94558e-05	1.0	1666.31	48.6806	940.154	38.1548	0.3607	0.0123068	1075.25	57.6896	
0.0-2.4	13.0-16.0	0.0-100.0	0.000-1.571	0.008	0.08	2114.0	2109.0	1659.04	45.6663	450.023	29.6058	-0.426286	0.199963	-0.05	0.0	0.536922	0.0874363	3.09383	0.000943841	0.0234262	0.00234205	0.054434	0.00545343	0.03	0.0	1.492	0.0	5.0	0.0	1.733	0.0	0.0408262	0.002153	1.00002e-05	0.000966722	0.290196	0.0146256	0.0326157	0.0670782	-0.00999634	0.0183094	0.00196993	0.000881362	1.86063	0.773549	1.02162	0.028789	0.873947	2.00697	0.914546	9.75945	0.231021	0.987915	0.0704742	6.96818e-09	0.197019	0.205403	0.0706954	7.55136e-07	-4297.92	4.0	1.05214e-06	-16273.7	7.0	2.62636e-05	1.0	1113.56	40.1934	545.478	30.0237	0.328791	0.0156715	1059.52	46.2167	
0.0-2.4	13.0-30.0	0.0-100.0	0.000-1.571	0.008	0.105	3507.0	3507.0	2672.44	58.0066	834.66	39.0759	-0.645636	0.145606	-0.05	0.0	0.509591	0.0749644	3.09388	0.00072807	0.0228386	0.00168363	0.0486502	0.00398261	0.03	0.0	1.492	0.0	5.0	0.0	1.733	0.0	0.0377694	0.00157731	2.10356e-05	0.0045896	0.23966	0.00900113	0.0347602	0.122355	-0.00537756	0.015369	-0.000267025	0.00063371	1.80759	0.989032	0.981525	0.022598	0.902625	0.146383	0.97182	0.773816	0.413953	0.109833	0.0707063	1.03366e-06	0.255401	0.0335436	0.0704612	3.10035	-7071.84	4.0	0.000111164	-28748.6	7.0	1.49313e-05	1.0	1625.07	49.7774	1047.36	41.838	0.391914	0.0131426	1021.51	76.1245	
0.0-2.4	16.0-30.0	0.0-100.0	0.000-1.571	0.008	0.064	1392.0	1391.0	1018.83	35.7171	372.175	25.0801	-0.874462	0.218515	-0.05	0.0	0.245043	0.19172	3.09431	0.0012683	0.0200355	0.004099	0.0341174	0.00469151	0.03	0.0	1.492	0.0	5.0	0.0	1.733	0.0	0.0312592	0.00228184	5.46616e-05	1.05755	0.19933	0.0111896	0.461092	0.573416	0.00155876	0.00498774	9.89448e-05	0.00124915	1.33655	0.440517	0.783117	0.0443643	0.978745	0.0313238	1.0	0.00639301	0.523923	0.0402936	0.070444	0.0874939	0.316086	0.0322165	3.78932	1.79757	-2806.46	4.0	10.0527	-10071.6	7.0	7.16439e-07	1.0	569.717	28.8174	449.117	26.066	0.440815	0.0203896	1074.33	201.352	
0.0-2.4	6.5-30.0	0.0-10.0	0.000-1.571	0.008	0.184	19106.0	19106.0	8884.21	111.838	10223.0	117.669	-0.113594	0.0386212	-0.05	0.0	0.412716	0.0	3.09244	0.0	0.047755	0.0	0.0244992	0.000569789	0.03	0.0	1.492	0.0	5.0	0.0	1.733	0.0	0.0359682	0.000113963	3.80561e-05	6.9663e-05	0.300166	0.00739011	0.19482	0.0	0.00388614	0.0	0.00186261	0.000449701	1.71004	0.0	0.9966	0.0121174	0.887813	0.154461	0.434904	0.105286	0.537149	0.0517083	0.0706558	0.877219	0.251724	0.0234525	0.0939834	0.0393957	-25621.1	4.0	3.67846e-07	-178551.0	4.0	8.4206e-05	1.0	6330.98	101.439	2553.23	70.5083	0.28739	0.00706382	1170.22	4.15459	
0.0-2.4	6.5-30.0	0.0-100.0	0.000-1.571	0.004	0.128	49784.0	49685.0	27861.7	214.933	21822.3	200.39	-0.183844	0.027355	-0.05	0.0	0.412716	0.0291712	3.09244	0.000251339	0.047755	0.00129917	0.0244589	0.000556398	0.03	0.0	1.492	0.0	5.0	0.0	1.733	0.0	0.035952	0.00050559	3.69757e-05	6.79802e-05	0.294384	0.00403664	0.19482	0.0809237	0.00388614	0.00250476	0.00161985	0.000250922	1.71004	0.123875	0.94245	0.00665618	0.647896	0.0156512	0.942134	0.0108773	0.543266	0.0117295	0.070592	1.82498e-07	0.21641	0.00581203	0.353583	0.0451735	-75785.7	4.0	6.89496e-06	-519302.0	7.0	0.000152666	1.0	19884.6	187.302	7977.05	123.849	0.286309	0.00385759	1133.52	40.7046	
0.0-2.4	6.5-30.0	0.0-5.0	0.000-1.571	0.008	0.184	10458.0	10458.0	4856.48	82.8643	5602.21	87.2467	-0.00815843	0.0521147	-0.05	0.0	0.412716	0.0	3.09244	0.0	0.047755	0.0	0.0237852	0.000776333	0.03	0.0	1.492	0.0	5.0	0.0	1.733	0.0	0.0356856	0.000151942	3.80561e-05	6.9663e-05	0.334033	0.0109112	0.19482	0.0	0.00388614	0.0	0.00355456	0.000628743	1.71004	0.0	1.062	0.0171209	0.710559	0.0381169	0.999992	0.0735014	0.637819	0.0248322	0.103345	0.0114425	0.1846	0.00927264	0.161986	2.29482	-13839.1	4.0	3.72585e-07	-91451.9	4.0	4.89578e-05	1.0	3472.42	74.8242	1384.07	51.4392	0.284994	0.00940963	1215.66	6.02149	
0.0-2.4	6.5-30.0	10.0-15.0	0.000-1.571	0.008	0.152	6604.0	6601.0	3382.76	67.7713	3217.92	66.5432	-0.177407	0.0690102	-0.05	0.0	0.412716	0.0	3.09244	0.0	0.047755	0.0	0.0242263	0.000848413	0.03	0.0	1.492	0.0	5.0	0.0	1.733	0.0	0.0358595	0.00016831	1.79985e-05	0.004591	0.288481	0.0109837	0.19482	0.0	0.00388614	0.0	0.00179988	0.000722259	1.71004	0.0	0.955238	0.0185735	0.667992	0.22203	0.842204	0.305243	0.552323	0.177598	0.0704648	0.139626	0.175032	0.0117458	0.171204	0.0350828	-9553.92	4.0	0.000154559	-55131.5	4.0	1.95515e-05	1.0	2357.67	61.2395	1025.09	44.0563	0.303033	0.0115222	1142.11	6.25404	
0.0-2.4	6.5-30.0	10.0-20.0	0.000-1.571	0.008	0.16	12046.0	12044.0	6450.86	92.7064	5592.45	87.9545	-0.177418	0.0524069	-0.05	0.0	0.412716	0.0	3.09244	0.0	0.047755	0.0	0.0246342	0.00065208	0.03	0.0	1.492	0.0	5.0	0.0	1.733	0.0	0.0360223	0.000130944	1.00282e-05	0.000232918	0.288668	0.00795997	0.19482	0.0	0.00388614	0.0	0.000202973	0.000541456	1.71004	0.0	0.964482	0.0139043	0.701712	0.0351832	0.817086	0.0319557	0.551744	0.0299894	0.0706777	1.30725e-09	0.18104	0.0146769	0.385726	0.0411923	-17199.5	4.0	1.76764e-07	-108268.0	4.0	4.08352e-05	1.0	4444.06	83.6828	2006.8	61.2834	0.311091	0.0083823	1148.35	4.70145	
0.0-2.4	6.5-30.0	15.0-20.0	0.000-1.571	0.008	0.16	5442.0	5442.0	3065.84	63.1714	2376.37	57.4532	-0.176743	0.0804797	-0.05	0.0	0.412716	0.0	3.09244	0.0	0.047755	0.0	0.0251611	0.00100738	0.03	0.0	1.492	0.0	5.0	0.0	1.733	0.0	0.0362355	0.000205402	1.00282e-05	0.000232918	0.294653	0.0114856	0.19482	0.0	0.00388614	0.0	-0.00218074	0.000810687	1.71004	0.0	0.960831	0.0207758	0.791031	0.0909367	0.710184	0.0528579	0.529012	0.0535096	0.0704661	0.0268257	0.167171	0.0322442	0.461519	0.0499532	-7696.49	4.0	6.34505e-05	-44844.8	4.0	6.2271e-05	1.0	2080.0	56.8317	985.831	42.4926	0.321554	0.0121738	1145.88	7.0134	
0.0-2.4	6.5-30.0	20.0-25.0	0.000-1.571	0.008	0.145	4463.0	4463.0	2651.09	57.7183	1811.75	49.9217	-0.257728	0.0924405	-0.05	0.0	0.412716	0.0	3.09244	0.0	0.047755	0.0	0.0234396	0.000879595	0.03	0.0	1.492	0.0	5.0	0.0	1.733	0.0	0.0355511	0.000170294	3.69686e-05	0.0287936	0.291562	0.0132114	0.19482	0.0	0.00388614	0.0	0.00074746	0.000745324	1.71004	0.0	0.889267	0.0193785	0.64272	0.0517954	0.983643	0.0136537	0.55878	0.0409012	0.0705676	5.41984e-07	0.195743	0.0155007	0.492111	0.265794	-7588.52	4.0	1.32056e-05	-36195.0	4.0	9.17671e-06	1.0	1949.51	52.6613	701.578	34.7136	0.264637	0.0117584	1098.38	6.31632	
0.0-2.4	6.5-30.0	20.0-30.0	0.000-1.571	0.008	0.152	8211.0	8211.0	5010.34	78.9534	3200.4	66.5137	-0.174165	0.0695234	-0.05	0.0	0.412716	0.0	3.09244	0.0	0.047755	0.0	0.0234307	0.000628013	0.03	0.0	1.492	0.0	5.0	0.0	1.733	0.0	0.0355476	0.000121552	1.79985e-05	0.004591	0.311305	0.00992155	0.19482	0.0	0.00388614	0.0	0.000891401	0.000559789	1.71004	0.0	0.897256	0.0146029	0.675814	0.0365813	0.9918	0.00794448	0.566503	0.0276993	0.0704439	8.79995e-10	0.186575	0.0104266	0.478298	0.283006	-13894.7	4.0	7.78505e-05	-71831.9	4.0	2.92694e-05	1.0	3603.16	71.602	1407.17	48.9357	0.280854	0.00870667	1103.6	4.77979	
0.0-2.4	6.5-30.0	25.0-30.0	0.000-1.571	0.008	0.136	3747.0	3742.0	2354.29	53.8132	1387.55	43.9242	-0.0641324	0.105548	-0.05	0.0	0.412716	0.0	3.09244	0.0	0.047755	0.0	0.0234187	0.000895532	0.03	0.0	1.492	0.0	5.0	0.0	1.733	0.0	0.035543	0.000173264	3.37928e-05	7.02542e-05	0.332751	0.0146966	0.19482	0.0	0.00388614	0.0	0.00205848	3.82597e-08	1.71004	0.0	0.914903	0.0221602	0.734462	0.00868664	1.0	0.761965	0.598071	0.00619234	0.0704413	2.22156e-08	0.178231	0.00293135	0.148373	3.51948	-6307.05	4.0	1.4926	-29925.9	4.0	2.31847e-05	1.0	1654.15	47.9629	700.137	33.5703	0.297388	0.0125347	1115.2	7.31912	
0.0-2.4	6.5-30.0	30.0-35.0	0.000-1.571	0.008	0.128	2864.0	2862.0	1744.96	47.0398	1116.75	39.8064	-0.293345	0.118035	-0.05	0.0	0.412716	0.0	3.09244	0.0	0.047755	0.0	0.024777	0.00120366	0.03	0.0	1.492	0.0	5.0	0.0	1.733	0.0	0.0360797	0.000242722	3.69757e-05	6.79802e-05	0.275551	0.0170048	0.19482	0.0	0.00388614	0.0	0.00146469	0.000972089	1.71004	0.0	0.91396	0.0248758	0.642856	30.31	1.0	7074.41	0.530083	22.5958	0.0705636	1.75312e-05	0.257395	11.0023	0.0704668	324070.0	-4928.96	4.0	3.97481e-07	-21971.1	4.0	3.3495e-05	1.0	1332.14	44.0079	412.821	27.7655	0.236579	0.0145778	1114.58	8.21215	
0.0-2.4	6.5-30.0	30.0-40.0	0.000-1.571	0.008	0.128	4943.0	4940.0	3226.1	62.7229	1713.49	49.2098	-0.313844	0.0955654	-0.05	0.0	0.412716	0.0	3.09244	0.0	0.047755	0.0	0.0242722	0.000803151	0.03	0.0	1.492	0.0	5.0	0.0	1.733	0.0	0.0358777	0.000159551	3.69757e-05	6.79802e-05	0.269126	0.011291	0.19482	0.0	0.00388614	0.0	0.00114405	0.000705651	1.71004	0.0	0.858129	0.017929	0.72077	0.0793384	0.699317	0.168694	0.448837	0.0454097	0.0706313	9.39161e-08	0.274999	0.025982	0.0705224	8.23551e-08	-8871.26	4.0	1.59141e-05	-41067.1	4.0	4.39119e-05	1.0	2354.81	58.2017	871.295	39.7281	0.270077	0.011139	1078.25	5.7445	
0.0-2.4	6.5-30.0	35.0-40.0	0.000-1.571	0.008	0.12	2078.0	2078.0	1476.7	41.4954	601.468	29.0994	-0.348842	0.161931	-0.05	0.0	0.412716	0.0	3.09244	0.0	0.047755	0.0	0.0236576	0.00109132	0.03	0.0	1.492	0.0	5.0	0.0	1.733	0.0	0.0356358	0.000212743	3.63218e-05	5.72307e-05	0.264966	0.0150172	0.19482	0.0	0.00388614	0.0	0.00114665	0.00102025	1.71004	0.0	0.807615	0.0257047	0.999878	0.81557	0.383607	0.0743515	0.400225	0.0558881	0.085282	2.7422e-06	0.316049	0.0462501	0.0810066	0.0126481	-3964.04	4.0	2.59468e-06	-15752.7	4.0	5.13826e-05	1.0	1019.88	37.9909	456.819	28.0494	0.309352	0.0168888	1046.36	7.98727	
0.0-2.4	6.5-30.0	40.0-45.0	0.000-1.571	0.008	0.12	1585.0	1584.0	1138.5	36.4232	445.434	25.1718	-0.355623	0.188492	-0.05	0.0	0.412716	0.0	3.09244	0.0	0.047755	0.0	0.0233457	0.00116824	0.03	0.0	1.492	0.0	5.0	0.0	1.733	0.0	0.0355148	0.000225501	3.63218e-05	5.72307e-05	0.25812	0.0186959	0.19482	0.0	0.00388614	0.0	-0.00160226	0.00121898	1.71004	0.0	0.873405	0.0321193	0.767407	0.848716	0.999801	0.0174828	0.373523	0.685631	0.0704464	1.14322e-08	0.419158	0.065304	0.291721	2.62983	-3011.89	4.0	0.000265932	-11612.1	4.0	4.2196e-06	1.0	849.587	34.0806	288.916	22.5424	0.253768	0.0180591	1088.08	10.3797	
0.0-2.4	6.5-30.0	40.0-50.0	0.000-1.571	0.008	0.136	2842.0	2839.0	2078.1	49.0656	760.85	33.0188	-0.890451	0.147797	-0.05	0.0	0.412716	0.0	3.09244	0.0	0.047755	0.0	0.0249891	0.000934514	0.03	0.0	1.492	0.0	5.0	0.0	1.733	0.0	0.0361656	0.000189609	3.37928e-05	7.02542e-05	0.275469	0.0133446	0.19482	0.0	0.00388614	0.0	-0.00281015	0.000907659	1.71004	0.0	0.85309	0.0247233	0.997654	0.945768	0.751494	0.0647251	0.417191	0.0320652	0.118663	0.793843	0.392176	0.0213017	0.0705741	5.08352e-08	-5255.69	4.0	1.39485e-06	-22488.8	4.0	1.01046e-06	1.0	1462.96	44.9228	615.138	32.1849	0.29601	0.013821	1075.03	7.89852	
0.0-2.4	6.5-30.0	45.0-50.0	0.000-1.571	0.008	0.136	1256.0	1254.0	943.376	32.8965	310.581	21.1991	-1.71465	0.248007	-0.05	0.0	0.412716	0.0	3.09244	0.0	0.047755	0.0	0.0273871	0.00163148	0.03	0.0	1.492	0.0	5.0	0.0	1.733	0.0	0.0371713	0.000352969	3.37928e-05	7.02542e-05	0.29195	0.019026	0.19482	0.0	0.00388614	0.0	-0.00365099	0.00132868	1.71004	0.0	0.806939	0.0381938	0.927861	1.04784	0.999957	0.67267	0.432865	0.450405	0.0704605	1.04832	0.271205	0.0398006	0.0706937	8.39038e-06	-2262.28	4.0	1.47338e-06	-8933.07	4.0	3.93844e-06	1.0	618.109	29.3729	325.267	22.9529	0.344791	0.0211523	1045.94	11.8629	
0.0-2.4	6.5-30.0	5.0-10.0	0.000-1.571	0.008	0.112	8647.0	8609.0	4028.0	75.0169	4581.4	78.6177	-0.226482	0.0578004	-0.05	0.0	0.412716	0.0	3.09244	0.0	0.047755	0.0	0.0252945	0.000821021	0.03	0.0	1.492	0.0	5.0	0.0	1.733	0.0	0.03629	0.000168039	3.69703e-05	0.0265992	0.260616	0.00978952	0.19482	0.0	0.00388614	0.0	0.00129272	0.000655719	1.71004	0.0	0.98823	0.0174953	0.614952	0.106974	0.977122	0.702963	0.553296	0.117482	0.0910563	0.00889796	0.232941	0.0635996	0.0706873	2.02969e-06	-11782.8	4.0	1.23488e-07	-73600.0	4.0	2.12646e-05	1.0	2860.17	68.512	1167.84	48.2652	0.28993	0.0106968	1164.49	5.97732	
0.0-2.4	6.5-30.0	50.0-100.0	0.000-1.571	0.008	0.088	2635.0	2617.0	2179.79	49.2561	437.136	26.1456	-0.565462	0.195191	-0.05	0.0	0.412716	0.0	3.09244	0.0	0.047755	0.0	0.0249045	0.0009785	0.03	0.0	1.492	0.0	5.0	0.0	1.733	0.0	0.0361313	0.00019805	3.69533e-05	0.0259228	0.317774	0.0158717	0.19482	0.0	0.00388614	0.0	0.00248975	0.000868643	1.71004	0.0	0.86594	0.0237517	0.999978	0.0373093	0.999967	0.00779735	0.422732	0.0447157	0.0707402	6.38111e-09	0.255432	0.0237739	0.528042	3.59256	-5753.37	4.0	5.27704e-07	-21135.5	4.0	3.02561e-06	1.0	1627.65	45.6047	552.143	29.7106	0.253301	0.0123699	1083.27	7.6438	
0.0-2.4	6.5-30.0	50.0-55.0	0.000-1.571	0.008	0.08	916.0	906.0	742.986	28.9092	163.16	15.9979	-0.386605	0.316343	-0.05	0.0	0.412716	0.0	3.09244	0.0	0.047755	0.0	0.027031	0.00173893	0.03	0.0	1.492	0.0	5.0	0.0	1.733	0.0	0.037018	0.000372863	1.00002e-05	2.73951e-05	0.225574	0.0219414	0.19482	0.0	0.00388614	0.0	0.00134213	0.00171931	1.71004	0.0	0.99372	0.0506567	1.0	0.0687355	0.999529	0.11964	0.495029	0.0762507	0.0750028	0.304667	0.218937	0.0370192	0.0708698	3.09581	-2058.93	4.0	7.75064e-05	-6307.57	4.0	9.05316e-05	1.0	575.454	28.2438	167.532	18.4083	0.225485	0.0231707	1168.25	17.3472	
0.0-2.4	6.5-30.0	50.0-60.0	0.000-1.571	0.008	0.08	1485.0	1472.0	1218.95	36.9713	253.113	20.0274	-0.514394	0.256107	-0.05	0.0	0.412716	0.0	3.09244	0.0	0.047755	0.0	0.0271278	0.00137529	0.03	0.0	1.492	0.0	5.0	0.0	1.733	0.0	0.0370595	0.000295615	1.00002e-05	2.73951e-05	0.214105	0.0157515	0.19482	0.0	0.00388614	0.0	0.0025936	0.00124914	1.71004	0.0	0.913469	0.03467	1.0	0.0643718	1.0	0.0745588	0.494003	0.0570172	0.0711871	0.00907887	0.298747	0.0395325	0.0706447	4.55367e-05	-3332.37	4.0	1.4437e-06	-10980.4	4.0	4.6629e-05	1.0	923.414	35.8025	295.533	24.0362	0.242449	0.0182964	1114.25	11.4427	
0.0-2.4	6.5-30.0	55.0-60.0	0.000-1.571	0.008	0.073	569.0	563.0	474.37	22.9804	88.6434	11.9321	-0.763988	0.439032	-0.05	0.0	0.412716	0.0	3.09244	0.0	0.047755	0.0	0.0271512	0.00221756	0.03	0.0	1.492	0.0	5.0	0.0	1.733	0.0	0.0370696	0.000476942	3.34445e-05	6.9324e-05	0.201503	0.0222022	0.19482	0.0	0.00388614	0.0	0.00403363	5.5869e-08	1.71004	0.0	0.788428	0.0454669	0.829789	0.661653	0.900904	0.826039	0.282731	0.584221	0.0704444	0.991163	0.42033	0.0759068	0.0704498	2.62695e-08	-1288.91	4.0	0.0271071	-3674.66	4.0	1.58719e-06	1.0	346.05	21.6148	128.32	14.9937	0.270506	0.0287631	1034.51	13.9503	
0.0-2.4	6.5-30.0	60.0-100.0	0.000-1.571	0.008	0.088	1149.0	1141.0	955.809	32.4588	185.271	16.8239	-0.640867	0.299163	-0.05	0.0	0.412716	0.0	3.09244	0.0	0.047755	0.0	0.0213753	0.00133279	0.03	0.0	1.492	0.0	5.0	0.0	1.733	0.0	0.0347786	0.000240536	3.69533e-05	0.0259228	0.413256	0.0281708	0.19482	0.0	0.00388614	0.0	0.00177757	0.00120588	1.71004	0.0	0.802141	0.0318417	1.0	0.0261802	1.0	11806.6	0.312731	12.947	0.124867	0.00269865	0.211218	2.14048	0.0711566	109145.0	-2449.22	4.0	9.16462e-07	-8334.81	4.0	7.15193e-06	1.0	683.135	28.9307	272.674	19.6097	0.285281	0.0180849	1042.97	9.85915	
0.0-2.4	6.5-30.0	60.0-70.0	0.000-1.571	0.008	0.088	771.0	765.0	649.161	26.5936	115.784	13.1856	-0.770472	0.379708	-0.05	0.0	0.412716	0.0	3.09244	0.0	0.047755	0.0	0.0189858	0.00125486	0.03	0.0	1.492	0.0	5.0	0.0	1.733	0.0	0.0339545	0.000206036	3.69533e-05	0.0259228	0.465997	0.0360275	0.19482	0.0	0.00388614	0.0	0.00197574	0.00147195	1.71004	0.0	0.777945	0.0388992	0.994588	279836.0	0.859745	33713.7	0.33606	47468.4	0.0704424	322553.0	0.217598	1495.82	0.0704497	1.87762e-08	-1622.27	4.0	2.74923e-06	-5328.16	4.0	7.21588e-06	1.0	443.14	23.12	206.022	16.6195	0.317366	0.0220545	1028.1	11.8499	
0.0-2.4	6.5-30.0	70.0-100.0	0.000-1.571	0.016	0.073	378.0	374.0	304.968	18.5271	68.9813	10.3582	-0.43829	0.483264	-0.05	0.0	0.412716	0.0	3.09244	0.0	0.047755	0.0	0.0263527	0.00270194	0.03	0.0	1.492	0.0	5.0	0.0	1.733	0.0	0.0367296	0.000569251	3.69173e-05	0.0282483	0.243095	0.0341167	0.19482	0.0	0.00388614	0.0	0.00203788	0.00220335	1.71004	0.0	0.830255	0.0584374	0.827877	0.0956136	0.999995	0.619011	4.68459e-05	0.173677	0.0705321	2.27603e-06	0.160854	0.0312422	0.0710303	3.1452e-05	-841.701	4.0	2.30893e-06	-2274.82	4.0	1.68032e-05	1.0	232.289	17.5063	72.6785	11.2616	0.238315	0.0339707	1060.53	18.418	
0.0-2.4	6.5-7.5	0.0-100.0	0.000-1.571	0.016	0.16	18989.0	18985.0	8017.72	137.64	10967.3	147.951	-0.0131675	0.0388353	-0.05	0.0	0.348901	0.072045	3.09076	0.000548508	0.0532933	0.00433125	0.027797	0.0013078	0.03	0.0	1.492	0.0	5.0	0.0	1.733	0.0	0.0386526	0.00145163	8.17783e-05	0.000350179	0.248666	0.00785136	0.206936	0.0943215	0.00999971	0.0031414	0.00304545	0.000486875	1.88995	0.200823	0.977063	0.0108316	0.522343	0.0221563	0.870954	0.0254901	0.613101	0.0192851	0.0706025	4.36822e-08	0.171782	0.0113112	0.339424	0.0370596	-25324.6	4.0	9.1113e-05	-175791.0	7.0	1.41528e-05	1.0	6251.34	122.76	1766.38	66.878	0.22031	0.00743458	1223.22	59.9006	
0.0-2.4	6.5-8.0	0.0-100.0	0.000-1.571	0.016	0.16	25755.0	25749.0	11696.6	156.823	14051.8	164.124	-0.0790587	0.0341418	-0.05	0.0	0.37232	0.0552124	3.09131	0.000432577	0.0508663	0.00291206	0.026979	0.000978085	0.03	0.0	1.492	0.0	5.0	0.0	1.733	0.0	0.0376856	0.00102351	2.99332e-05	0.00458551	0.313724	0.00743724	0.247328	0.092515	0.00999999	0.0035556	0.00230302	0.000417282	1.76918	0.144226	0.937973	0.00961077	0.56014	0.0235237	0.880293	0.022834	0.586078	0.0164651	0.0704971	4.0431e-09	0.174873	0.00827839	0.307724	0.0319508	-34639.3	4.0	4.18458e-07	-247527.0	7.0	7.82954e-05	1.0	8942.48	137.991	2754.15	77.6517	0.235465	0.00584013	1198.47	50.8629	
0.0-2.4	7.5-8.5	0.0-100.0	0.000-1.571	0.008	0.184	11830.0	11830.0	6674.58	102.745	5155.34	95.0616	-0.291451	0.0563648	-0.05	0.0	0.455664	0.0614284	3.09186	0.00050716	0.0456543	0.00209816	0.0235831	0.00127466	0.03	0.0	1.492	0.0	5.0	0.0	1.733	0.0	0.0353905	0.000934578	8.69412e-05	0.000593911	0.362476	0.0103136	0.237333	0.116679	0.00999999	0.0164169	0.00145097	0.000553523	1.6166	0.148917	0.908393	0.0143936	0.622504	0.0296963	0.938338	0.0272673	0.507167	0.0236525	0.0705826	1.82145e-09	0.224858	0.0104041	0.253424	0.0619567	-17695.1	4.0	1.23469e-05	-106840.0	7.0	6.14993e-06	1.0	4888.3	90.4132	1786.28	57.1697	0.267624	0.00750951	1117.85	53.3895	
0.0-2.4	8.0-10.0	0.0-100.0	0.000-1.571	0.008	0.184	13946.0	13946.0	8821.48	114.264	5124.38	96.6795	-0.210736	0.056299	-0.05	0.0	0.431186	0.0424487	3.0931	0.000419819	0.0475896	0.00200435	0.0225713	0.000872559	0.03	0.0	1.492	0.0	5.0	0.0	1.733	0.0	0.0355855	0.000795456	8.20597e-05	0.000220638	0.285529	0.00701878	0.223708	0.161679	0.000490489	0.00440365	0.00180384	0.000474273	1.60773	0.189825	0.931842	0.0128689	0.726435	0.0316191	0.98252	0.0121632	0.555335	0.0225362	0.0704657	2.52267e-11	0.279561	0.0115853	0.389879	0.182147	-23078.5	4.0	9.70501e-07	-129989.0	7.0	1.08763e-05	1.0	6209.28	100.599	2612.2	69.2549	0.296118	0.00684995	1119.07	69.2201	
0.0-2.4	8.5-9.5	0.0-100.0	0.000-1.571	0.008	0.12	6556.0	6544.0	4197.85	78.2675	2346.23	65.3379	-0.194557	0.0829631	-0.05	0.0	0.474857	0.0637804	3.09431	0.000600753	0.0443444	0.00253003	0.0225094	0.00117647	0.03	0.0	1.492	0.0	5.0	0.0	1.733	0.0	0.0346388	0.00104077	6.95629e-05	0.856416	0.263235	0.00843941	0.195257	0.140777	-0.00999932	0.0168172	0.00308854	0.000682968	1.55521	0.187671	0.863042	0.0178712	0.572835	5.04197	0.795029	15.6718	0.260499	3.15281	0.0804667	2.45951	0.20668	0.25918	0.0708113	8.6896e-07	-11000.7	4.0	2.41625e-05	-56236.4	7.0	3.76302e-06	1.0	2815.73	67.6648	1382.12	49.8648	0.329245	0.0101695	1035.22	63.4965	
0.0-2.4	9.5-11.0	0.0-100.0	0.000-1.571	0.008	0.136	5460.0	5457.0	3831.64	73.8022	1625.29	56.9241	-0.327329	0.102046	-0.05	0.0	0.358143	0.0678606	3.09248	0.000622716	0.0490412	0.0034721	0.0240364	0.00143083	0.03	0.0	1.492	0.0	5.0	0.0	1.733	0.0	0.0351024	0.00127802	1.00134e-05	0.000394123	0.311645	0.0114115	0.411816	0.288493	0.0022233	0.00388478	0.00208975	1.52875e-07	1.51553	0.180886	0.754681	0.0211364	0.999997	0.0541072	0.534724	0.0538612	0.373269	0.0399963	0.0704412	0.773423	0.315417	0.0223004	0.0704891	5.59343e-09	-10010.1	4.0	5.11433e-05	-46470.9	7.0	1.78819e-06	1.0	2763.83	64.4562	1067.81	41.7572	0.278681	0.00948438	1131.75	120.918	
0.4-0.8	6.5-30.0	0.0-100.0	0.000-1.571	0.008	0.073	6264.0	6264.0	4106.3	73.576	2157.47	58.8532	0.00976932	0.0868061	-0.05	0.0	0.593143	0.0672312	3.09303	0.000446577	0.0195915	0.000806438	0.0349723	0.00265523	0.03	0.0	1.492	0.0	5.0	0.0	1.733	0.0	0.0269309	0.000892533	1.07909e-05	6.48731e-06	0.341509	0.010927	0.164736	0.163076	-0.00113548	0.00593586	-0.000908584	0.000593932	1.82366	0.359661	0.940584	0.0177685	0.773199	0.0436034	0.829287	0.0394106	0.490696	0.0278184	0.0706226	7.58496e-09	0.271614	0.0231016	0.440109	0.0810471	-10939.8	4.0	1.31696e-06	-54599.8	7.0	0.000105817	1.0	2707.21	62.3276	1399.1	46.4782	0.340719	0.0095312	1134.38	100.013	
0.8-1.2	6.5-30.0	0.0-100.0	0.000-1.571	0.008	0.105	9427.0	9422.0	5378.65	95.555	4043.26	88.2871	0.0145052	0.065161	-0.05	0.0	0.414608	0.0938563	3.09213	0.000588013	0.0284922	0.0027436	0.0343897	0.00323118	0.03	0.0	1.492	0.0	5.0	0.0	1.733	0.0	0.0320764	0.00116488	3.76156e-05	0.000218351	0.289517	0.00900158	0.510138	0.279061	0.00698866	0.00378923	-0.000434896	0.000669868	1.44442	0.131788	0.73629	0.0181933	0.580858	0.0317959	0.919656	0.0244851	0.548702	0.0246096	0.0705552	2.87896e-09	0.22331	0.0145373	0.366383	0.0755904	-15358.0	4.0	1.32672e-05	-83230.4	7.0	2.19784e-06	1.0	3874.18	82.1742	1504.47	52.2476	0.279712	0.00834661	1153.21	102.509	
1.2-1.6	6.5-30.0	0.0-10.0	0.000-1.571	0.008	0.136	4730.0	4725.0	2032.08	55.0237	2692.89	60.7331	0.0326698	0.0750892	-0.05	0.0	0.508749	0.0	3.09138	0.0	0.0447428	0.0	0.0323728	0.00180739	0.03	0.0	1.492	0.0	5.0	0.0	1.733	0.0	0.0391574	0.000367021	2.31047e-05	0.000294422	0.26424	0.0132726	0.103775	0.0	0.00999984	0.0	0.00188712	0.000816397	2.09199	0.0	0.912725	0.0215999	0.999637	0.150302	0.274716	0.0465668	0.427211	0.0624839	0.0706654	0.778697	0.269109	0.0253716	0.0770312	0.00762652	-6079.37	4.0	4.97211e-06	-37208.3	4.0	5.11761e-06	1.0	1389.51	49.5563	642.568	36.6462	0.316212	0.0158716	1095.8	8.0621	
1.2-1.6	6.5-30.0	0.0-100.0	0.000-1.571	0.008	0.136	12155.0	12140.0	6423.61	110.886	5717.01	107.633	-0.122748	0.0555263	-0.05	0.0	0.508749	0.0944544	3.09138	0.000643748	0.0447428	0.00224132	0.0316202	0.00183044	0.03	0.0	1.492	0.0	5.0	0.0	1.733	0.0	0.0388541	0.00096738	2.31047e-05	0.000294422	0.255941	0.00764534	0.103775	0.0507441	0.00999984	0.0195355	0.00230719	0.000496627	2.09199	0.256609	0.987061	0.0128252	0.708247	0.0661942	0.675187	0.119558	0.522475	0.0393601	0.0833699	0.0126376	0.246436	0.0148215	0.0706176	5.10437e-07	-17910.8	4.0	2.13264e-08	-108762.0	7.0	0.000125921	1.0	4614.58	96.5895	1809.04	62.9234	0.281623	0.00850418	1152.11	44.857	
1.2-1.6	6.5-30.0	10.0-20.0	0.000-1.571	0.008	0.128	2852.0	2844.0	1485.86	46.6555	1358.12	45.2661	-0.196278	0.106405	-0.05	0.0	0.508749	0.0	3.09138	0.0	0.0447428	0.0	0.03743	0.00289539	0.03	0.0	1.492	0.0	5.0	0.0	1.733	0.0	0.0413125	0.000644346	2.94195e-05	0.000284662	0.227687	0.0131303	0.103775	0.0	0.00999984	0.0	0.00278558	0.00112186	2.09199	0.0	1.05557	0.0283574	0.592223	0.0744131	0.999999	0.704857	0.611626	0.051851	0.0978026	0.0169931	0.17858	0.0192377	0.133061	2.59063	-4137.75	4.0	2.72246e-06	-21252.9	4.0	7.63756e-07	1.0	1004.92	42.4912	480.936	32.2161	0.323675	0.0191522	1205.31	11.1287	
1.2-1.6	6.5-30.0	20.0-30.0	0.000-1.571	0.008	0.105	2068.0	2063.0	1200.55	39.1598	862.353	34.5729	-0.10318	0.133529	-0.05	0.0	0.508749	0.0	3.09138	0.0	0.0447428	0.0	0.0270671	0.00189928	0.03	0.0	1.492	0.0	5.0	0.0	1.733	0.0	0.0371265	0.000340112	1.00889e-05	0.00459463	0.280539	0.0191515	0.103775	0.0	0.00999984	0.0	-0.00227985	0.00111013	2.09199	0.0	1.02416	0.0260671	0.892838	0.00677465	1.0	5.9905	0.696495	0.00380147	0.0708162	0.0036453	0.15364	0.00174703	0.10492	18.6571	-3533.8	4.0	3.12638e-05	-15048.5	4.0	5.71474e-06	1.0	883.94	36.303	316.611	24.3566	0.263721	0.018374	1180.77	10.1317	
1.2-1.6	6.5-30.0	30.0-40.0	0.000-1.571	0.008	0.12	1207.0	1204.0	708.378	30.3041	495.429	26.5596	0.0193681	0.175969	-0.05	0.0	0.508749	0.0	3.09138	0.0	0.0447428	0.0	0.0304096	0.00293666	0.03	0.0	1.492	0.0	5.0	0.0	1.733	0.0	0.0383765	0.000571574	1.72747e-05	0.00459133	0.206759	0.025704	0.103775	0.0	0.00999984	0.0	0.00499338	0.00142812	2.09199	0.0	0.904418	0.0373639	1.0	0.612543	0.396282	0.0296842	0.280133	0.0223763	0.0928649	1.08909	0.389835	0.0229254	0.070507	2.33365e-08	-1997.42	4.0	4.41923e-05	-8123.35	4.0	4.60938e-05	1.0	570.504	30.2499	137.874	18.8201	0.194633	0.0252294	1089.61	13.8975	
1.2-1.6	6.5-30.0	40.0-50.0	0.000-1.571	0.016	0.064	666.0	650.0	483.724	23.6507	166.316	15.5547	-1.95555	0.351888	-0.05	0.0	0.508749	0.0	3.09138	0.0	0.0447428	0.0	0.0307494	0.00345067	0.03	0.0	1.492	0.0	5.0	0.0	1.733	0.0	0.0385093	0.000676781	2.95545e-05	0.000300613	0.279895	0.0299923	0.103775	0.0	0.00999984	0.0	-0.00379944	0.00207978	2.09199	0.0	1.05464	0.0567151	0.999999	0.0521233	0.99999	0.083558	0.537114	0.079902	0.071335	0.772297	0.298822	0.0501183	0.0884498	2.80573	-1202.23	4.0	2.32534e-06	-4183.58	4.0	5.72314e-06	1.0	351.407	22.3016	132.317	15.621	0.273539	0.0293936	1204.58	22.2513	
1.2-1.6	6.5-30.0	50.0-100.0	0.000-1.571	0.016	0.073	629.0	623.0	500.862	23.5271	122.128	13.221	-1.32181	0.376669	-0.05	0.0	0.508749	0.0	3.09138	0.0	0.0447428	0.0	0.0286993	0.00248746	0.03	0.0	1.492	0.0	5.0	0.0	1.733	0.0	0.0377239	0.000464819	1.01642e-05	0.000817577	0.272669	0.0317289	0.103775	0.0	0.00999984	0.0	0.0053895	0.0019434	2.09199	0.0	1.02437	0.0550899	0.999998	0.298453	0.999999	0.377058	0.410472	0.271969	0.0705096	4.53188e-06	0.32335	0.135579	0.07057	7.49439e-07	-1276.65	4.0	1.87841e-05	-4087.91	4.0	1.21844e-06	1.0	390.244	22.4985	110.618	14.0413	0.220855	0.026044	1180.93	21.4137	
1.6-2.0	6.5-30.0	0.0-100.0	0.000-1.571	0.008	0.16	11894.0	11888.0	6014.87	120.403	5873.16	119.634	-0.390162	0.0544507	-0.05	0.0	0.504213	0.0986944	3.09102	0.000796394	0.0563809	0.00378362	0.0338678	0.00217669	0.03	0.0	1.492	0.0	5.0	0.0	1.733	0.0	0.0465991	0.00162576	2.61437e-05	0.00458725	0.218635	0.008079	0.462154	0.274076	0.00485629	0.00340939	0.0024957	0.000760296	1.4787	0.146906	0.863835	0.0173466	0.690624	0.0428903	0.905361	0.0511114	0.605531	0.0247482	0.0706379	4.71658e-07	0.172889	0.00974538	0.236551	0.0618492	-17104.3	4.0	2.29163e-07	-105236.0	7.0	1.26121e-05	1.0	4700.89	108.156	1313.99	59.4536	0.218456	0.00886448	1188.22	93.2459	
1.6-2.4	3.0-30.0	0.0-100.0	0.000-1.571	0.008	0.264	253826.0	253814.0	45680.9	378.606	208134.0	552.381	0.0522994	0.00856337	-0.05	0.0	0.0465265	0.00888569	3.08913	0.000434495	0.0176142	0.00199882	0.052	0.000758301	0.03	0.0	1.89	0.0	5.0	0.0	1.44	0.0	0.0509179	0.000384016	1.05692e-05	6.49144e-05	0.23469	0.00448192	0.19593	0.106578	0.00823221	0.0041731	0.0062133	0.00020175	1.71895	0.159922	1.02974	0.00295132	0.987633	0.134957	0.796066	0.0584398	0.72481	0.0117277	0.0705227	0.193203	0.12822	0.00422074	0.33546	0.0334548	-220236.0	4.0	7.66581e-05	-2944130.0	7.0	0.00230429	1.0	37670.1	373.051	8010.72	214.705	0.175363	0.00446974	1196.47	47.8277	
1.6-2.4	3.0-4.5	0.0-100.0	0.000-1.571	0.016	0.264	176347.0	176340.0	22677.0	314.939	153661.0	479.697	0.212307	0.00995611	-0.05	0.0	6.86293e-07	0.0144597	3.088	0.000712763	0.061727	0.0336274	0.0500491	0.000708829	0.03	0.0	1.86	0.0	5.0	0.0	1.38	0.0	0.0500491	0.00036674	8.85777e-05	0.0369611	0.250738	0.00833618	0.101357	0.069759	0.0499991	0.0925249	0.00306405	0.000251067	1.84755	0.275177	1.07734	0.0033043	1.0	0.00130975	0.817488	0.00558424	0.66372	0.00711781	0.072704	1.03996	0.0993516	0.00249428	0.360741	0.00783614	-140555.0	4.0	7.83038e-06	-1977340.0	7.0	0.000211753	1.0	19568.8	311.367	3108.19	157.962	0.137063	0.00670061	1178.56	39.8877	
1.6-2.4	3.0-5.5	0.0-100.0	0.000-1.571	0.016	0.264	217981.0	217969.0	31240.6	351.847	186727.0	528.446	0.10971	0.00903457	-0.05	0.0	8.77857e-07	0.0175037	3.08858	0.000575326	0.0491912	0.0570975	0.0497329	0.000570108	0.03	0.0	1.86	0.0	5.0	0.0	1.38	0.0	0.0497329	0.000285093	1.55371e-05	0.00459213	0.248344	0.00657363	0.125652	0.0884483	0.0251244	0.0167426	0.00671765	0.000221463	1.92178	0.271466	1.07783	0.00299763	1.0	0.286046	0.792043	0.00019774	0.73434	0.000108101	0.12551	29.3319	0.120578	6.18111e-05	0.349425	0.000230697	-179268.0	4.0	1.02149e-05	-2491440.0	7.0	0.000130077	1.0	26544.8	346.677	4695.83	183.315	0.150312	0.00561834	1216.47	53.3367	
1.6-2.4	3.0-6.5	0.0-10.0	0.000-1.571	0.016	0.264	130226.0	130213.0	14492.6	256.061	115720.0	408.38	0.0997313	0.0113755	-0.05	0.0	0.03197	0.0	3.08903	0.0	0.015866	0.0	0.0489779	0.000861373	0.03	0.0	1.86	0.0	5.0	0.0	1.38	0.0	0.048272	0.000423014	1.3729e-05	0.00459296	0.203166	0.00937556	0.173641	0.0	0.0248856	0.0	0.0116735	0.000303681	1.74699	0.0	1.10695	0.0042338	0.898658	0.073879	0.714595	0.0513401	0.807935	0.015366	0.0706725	6.93537e-09	0.210656	0.0142512	0.306219	0.0286849	-100693.0	4.0	4.83138e-05	-1419790.0	4.0	1.52252e-05	1.0	12160.4	259.278	2332.21	150.866	0.160924	0.010014	1241.98	1.55913	
1.6-2.4	3.0-6.5	0.0-100.0	0.000-1.571	0.016	0.264	237489.0	237476.0	37357.5	373.739	200116.0	549.803	0.0719721	0.00873413	-0.05	0.0	0.03197	0.0102013	3.08903	0.000516064	0.015866	0.00223567	0.0515427	0.000702349	0.03	0.0	1.86	0.0	5.0	0.0	1.38	0.0	0.0507914	0.000365671	1.3729e-05	0.00459296	0.236581	0.00558826	0.173641	0.119565	0.0248856	0.0127773	0.0102006	0.00021417	1.74699	0.202734	1.05099	0.00301662	0.761154	0.0189105	0.819137	0.0118176	0.740896	0.00760339	0.0706906	3.46642e-08	0.151949	0.00409902	0.349408	0.0103225	-199716.0	4.0	3.55267e-06	-2736070.0	7.0	0.00256128	1.0	31591.5	367.404	5765.98	196.018	0.154346	0.00501473	1201.14	54.8195	
1.6-2.4	3.0-6.5	0.0-20.0	0.000-1.571	0.016	0.264	193120.0	193108.0	24788.7	329.085	168319.0	501.792	0.0831651	0.0094423	-0.05	0.0	0.03197	0.0	3.08903	0.0	0.015866	0.0	0.0508495	0.00070914	0.03	0.0	1.86	0.0	5.0	0.0	1.38	0.0	0.0501104	0.000348297	1.3729e-05	0.00459296	0.226224	0.00728053	0.173641	0.0	0.0248856	0.0	0.0116209	0.000242318	1.74699	0.0	1.069	0.00339448	0.75106	0.0210539	0.817025	0.0129012	0.756282	0.00811358	0.0706593	3.30954e-08	0.163244	0.00527535	0.363346	0.0120366	-156914.0	4.0	5.4923e-07	-2182700.0	4.0	2.83497e-05	1.0	21129.3	325.272	3659.39	171.697	0.147623	0.00664337	1214.2	1.23481	
1.6-2.4	3.0-6.5	10.0-20.0	0.000-1.571	0.016	0.209	62894.0	62836.0	10489.7	204.878	52345.9	289.528	0.0500495	0.0169804	-0.05	0.0	0.03197	0.0	3.08903	0.0	0.015866	0.0	0.0551921	0.00117577	0.03	0.0	1.86	0.0	5.0	0.0	1.38	0.0	0.0543768	0.000577623	1.37782e-05	0.00459294	0.231174	0.010174	0.173641	0.0	0.0248856	0.0	0.0124573	0.000406833	1.74699	0.0	1.02501	0.00570119	0.629126	0.0259725	0.901701	0.014389	0.700544	0.0139529	0.0704697	2.37042e-08	0.134029	0.00549142	0.365741	0.0258927	-56505.8	4.0	2.08064e-05	-640524.0	4.0	4.21672e-05	1.0	9012.27	198.949	1477.48	97.1077	0.14085	0.0088392	1182.44	2.04199	
1.6-2.4	3.0-6.5	20.0-30.0	0.000-1.571	0.016	0.192	23898.0	23891.0	5139.47	126.855	18751.5	172.175	-0.033432	0.0284548	-0.05	0.0	0.03197	0.0	3.08903	0.0	0.015866	0.0	0.0559813	0.00145918	0.03	0.0	1.86	0.0	5.0	0.0	1.38	0.0	0.0551522	0.000716884	1.37746e-05	0.00459294	0.235895	0.0119453	0.173641	0.0	0.0248856	0.0	0.00416132	0.000641512	1.74699	0.0	0.997887	0.00904844	0.809072	0.0669014	0.815402	0.0593481	0.679421	0.0325844	0.0835929	0.0291091	0.116134	0.00857914	0.271269	0.0354085	-22227.1	4.0	1.94536e-07	-220970.0	4.0	3.13554e-06	1.0	4185.93	122.634	953.542	70.1294	0.185533	0.0128539	1163.11	3.20755	
1.6-2.4	3.0-6.5	20.0-40.0	0.000-1.571	0.016	0.192	35520.0	35506.0	8440.72	154.278	27064.3	205.939	-0.00792108	0.0236904	-0.05	0.0	0.03197	0.0	3.08903	0.0	0.015866	0.0	0.0533256	0.00103025	0.03	0.0	1.86	0.0	5.0	0.0	1.38	0.0	0.0525429	0.000506086	1.37746e-05	0.00459294	0.243738	0.009816	0.173641	0.0	0.0248856	0.0	0.00457931	0.000520407	1.74699	0.0	0.994463	0.00744983	0.81119	0.046259	0.839358	0.0663394	0.683494	0.0229782	0.0965133	0.0248995	0.119622	0.00674101	0.253476	0.0366324	-33985.2	4.0	3.42296e-08	-343064.0	4.0	0.000121722	1.0	6939.86	150.739	1500.86	85.9351	0.177812	0.00964834	1160.68	2.63731	
1.6-2.4	3.0-6.5	30.0-40.0	0.000-1.571	0.016	0.152	11622.0	11534.0	3286.98	88.7686	8246.75	113.298	0.0769931	0.0429398	-0.05	0.0	0.03197	0.0	3.08903	0.0	0.015866	0.0	0.0488046	0.00147987	0.03	0.0	1.86	0.0	5.0	0.0	1.38	0.0	0.0481019	0.000726743	1.3843e-05	0.00459291	0.260466	0.0168877	0.173641	0.0	0.0248856	0.0	0.00546412	0.000888487	1.74699	0.0	0.973191	0.0129322	0.999985	0.690754	0.493534	0.223487	0.665313	0.0346726	0.0718459	1.44327	0.131193	0.0109987	0.118323	0.0101025	-11949.4	4.0	7.44672e-07	-98960.1	4.0	8.83953e-06	1.0	2734.12	87.7945	552.863	49.7872	0.168198	0.0144496	1145.68	4.53885	
1.6-2.4	3.0-6.5	40.0-100.0	0.000-1.571	0.016	0.168	8847.0	8839.0	4155.07	83.9568	4684.15	87.0474	0.147507	0.0576674	-0.05	0.0	0.03197	0.0	3.08903	0.0	0.015866	0.0	0.0523294	0.00105659	0.03	0.0	1.86	0.0	5.0	0.0	1.38	0.0	0.0515642	0.000518995	1.33924e-05	0.00459311	0.242981	0.0138807	0.173641	0.0	0.0248856	0.0	0.00663344	0.000965685	1.74699	0.0	0.950223	0.013852	0.999999	0.0960764	0.619108	0.0717877	0.758434	0.0236757	0.0709165	2.03624e-07	0.21614	0.0215662	0.19773	0.0312338	-10357.1	4.0	1.37435e-05	-74911.2	4.0	5.03458e-05	1.0	3432.13	86.4701	722.936	53.6763	0.173989	0.0124307	1129.64	4.81436	
1.6-2.4	3.0-6.5	40.0-50.0	0.000-1.571	0.016	0.145	5212.0	5174.0	2122.61	61.8316	3051.07	68.927	0.173907	0.0710955	-0.05	0.0	0.03197	0.0	3.08903	0.0	0.015866	0.0	0.0506476	0.00143408	0.03	0.0	1.86	0.0	5.0	0.0	1.38	0.0	0.0499121	0.000704342	1.39771e-05	0.00459285	0.229135	0.0159679	0.173641	0.0	0.0248856	0.0	0.011226	0.00132418	1.74699	0.0	1.00116	0.020747	0.999696	93.8507	0.564996	0.797564	0.879646	0.81036	0.0708357	6993.89	0.266528	0.0489444	0.212728	0.0992458	-5795.54	4.0	1.81852e-06	-40791.3	4.0	3.8009e-05	1.0	1664.76	61.4998	457.848	40.1047	0.2157	0.0178187	1165.43	7.36395	
1.6-2.4	3.0-6.5	50.0-100.0	0.000-1.571	0.016	0.168	3635.0	3635.0	2046.94	56.7141	1587.77	52.5102	0.179804	0.100088	-0.05	0.0	0.03197	0.0	3.08903	0.0	0.015866	0.0	0.0548587	0.00159648	0.03	0.0	1.86	0.0	5.0	0.0	1.38	0.0	0.0540491	0.000784293	1.33924e-05	0.00459311	0.267163	0.0238474	0.173641	0.0	0.0248856	0.0	0.00307716	0.00148637	1.74699	0.0	0.94529	0.0197363	0.982235	0.0550532	0.650077	0.123286	0.645749	0.0559214	0.0709351	5.32798e-07	0.183589	0.0262261	0.196253	0.0420585	-4638.02	4.0	1.19966e-06	-27928.1	4.0	4.40553e-05	1.0	1753.01	59.552	293.927	35.4074	0.143593	0.016834	1126.22	6.84461	
1.6-2.4	4.5-5.5	0.0-100.0	0.000-1.571	0.016	0.192	41634.0	41584.0	8710.18	168.872	32875.3	229.258	-0.36562	0.0218342	-0.05	0.0	0.0346859	0.0224628	3.08985	0.000937295	0.0208276	0.0485531	0.0507256	0.00174189	0.03	0.0	1.86	0.0	5.0	0.0	1.38	0.0	0.0499888	0.00095324	2.24592e-05	0.000300031	0.240417	0.00934185	0.168306	0.155053	0.0139897	0.0158776	0.0095647	0.000469702	1.94031	0.379299	1.10169	0.00721825	0.77398	0.0354425	0.968753	0.102186	0.818433	0.0106396	0.181282	0.0317422	0.198523	0.0137166	0.328518	0.216595	-39003.8	4.0	3.03746e-07	-407875.0	7.0	0.0253133	1.0	6962.35	160.103	1747.83	92.5217	0.200665	0.00988415	1281.83	91.0647	
1.6-2.4	5.5-6.5	0.0-100.0	0.000-1.571	0.016	0.168	19507.0	19478.0	6039.89	117.288	13438.1	145.445	-0.439026	0.0345131	-0.05	0.0	0.0283215	0.0377737	3.09357	0.00102387	0.0221323	0.0105447	0.0521945	0.00172591	0.03	0.0	1.86	0.0	5.0	0.0	1.38	0.0	0.0515847	0.00094406	1.49587e-05	0.00459239	0.231556	0.0103461	0.433557	0.413492	0.016385	0.017632	0.00667366	0.000750663	1.45242	0.194727	0.881395	0.0134257	0.570073	0.123094	0.620238	0.257708	0.674105	0.0228815	0.0707297	4.82966e-08	0.227699	0.0288149	0.125313	0.0340389	-21153.9	4.0	4.52944e-06	-177554.0	7.0	0.000445757	1.0	4980.85	112.044	1059.04	60.1787	0.175341	0.00936367	1163.89	129.587	
1.6-2.4	6.5-30.0	0.0-10.0	0.000-1.571	0.008	0.184	6392.0	6392.0	2706.79	65.4773	3684.78	72.5575	-0.365673	0.0648558	-0.05	0.0	0.6492	0.0	3.09084	0.0	0.0579615	0.0	0.0315804	0.002327	0.03	0.0	1.492	0.0	5.0	0.0	1.733	0.0	0.0503078	0.000256217	6.70809e-05	0.00017923	0.246443	0.0146706	0.211707	0.0	0.00199102	0.0	0.00340142	0.000918827	1.6767	0.0	1.08847	0.0210132	0.715172	0.255957	0.766155	0.770957	0.61502	0.0447003	0.101687	0.0201334	0.194058	0.0419894	0.0988639	0.0378515	-7917.47	4.0	3.3402e-06	-51915.7	4.0	0.000119727	1.0	2182.54	63.3702	524.251	37.2722	0.19368	0.0129483	1236.57	7.2903	
1.6-2.4	6.5-30.0	0.0-100.0	0.000-1.571	0.008	0.152	16337.0	16325.0	8336.94	149.439	7987.26	148.214	-0.429831	0.0483344	-0.05	0.0	0.6492	0.103615	3.09084	0.00070431	0.0579615	0.00280256	0.0310989	0.00398886	0.03	0.0	1.492	0.0	5.0	0.0	1.733	0.0	0.0502025	0.00167775	2.77437e-05	0.00458652	0.211561	0.00644716	0.211707	0.175346	0.00199102	0.00574194	0.00286212	0.000508492	1.6767	0.235346	0.953308	0.0115519	0.742873	0.0496622	0.887842	0.116378	0.610503	0.0273202	0.0790732	0.0243894	0.176538	0.00864204	0.191892	0.0634537	-23170.6	4.0	1.45032e-08	-149609.0	7.0	0.000280784	1.0	6361.24	131.802	1975.7	74.9959	0.236982	0.00792948	1145.24	81.5343	
1.6-2.4	6.5-30.0	10.0-20.0	0.000-1.571	0.008	0.16	4195.0	4195.0	2030.01	55.2033	2165.02	56.4126	-0.366254	0.0848403	-0.05	0.0	0.6492	0.0	3.09084	0.0	0.0579615	0.0	0.0329338	0.00297331	0.03	0.0	1.492	0.0	5.0	0.0	1.733	0.0	0.0506113	0.000339363	2.91966e-05	0.00458585	0.18867	0.011605	0.211707	0.0	0.00199102	0.0	0.000723306	0.00105644	1.6767	0.0	0.963985	0.0224699	0.95592	0.803294	0.775224	0.143059	0.594587	0.0736169	0.0707804	1.44966	0.132075	0.00490995	0.205363	0.0444419	-5806.39	4.0	4.21485e-06	-32580.2	4.0	8.70178e-06	1.0	1524.94	54.9581	505.07	38.5926	0.248801	0.0177663	1152.26	7.40929	
1.6-2.4	6.5-30.0	20.0-30.0	0.000-1.571	0.008	0.152	2531.0	2531.0	1430.6	43.4964	1100.13	39.5158	-0.659699	0.120587	-0.05	0.0	0.6492	0.0	3.09084	0.0	0.0579615	0.0	0.0256601	0.00231437	0.03	0.0	1.492	0.0	5.0	0.0	1.733	0.0	0.049112	0.000212096	2.77437e-05	0.00458652	0.221204	0.0150152	0.211707	0.0	0.00199102	0.0	0.00364538	0.001094	1.6767	0.0	0.812465	0.0262789	0.950577	0.0409633	0.398693	0.68438	0.555899	0.737566	0.551324	0.323379	0.206185	0.0352225	0.0707098	0.0864661	-4044.28	4.0	4.98602e-05	-18719.3	4.0	8.90462e-05	1.0	1066.54	41.6082	364.063	28.3239	0.254483	0.0182241	1056.19	7.96763	
1.6-2.4	6.5-30.0	30.0-40.0	0.000-1.571	0.008	0.12	1556.0	1553.0	969.805	35.3993	583.135	29.4359	-0.486413	0.16519	-0.05	0.0	0.6492	0.0	3.09084	0.0	0.0579615	0.0	0.0281162	0.00300234	0.03	0.0	1.492	0.0	5.0	0.0	1.733	0.0	0.0495815	0.000298625	7.90451e-05	0.000185159	0.180217	0.0136636	0.211707	0.0	0.00199102	0.0	0.000556425	0.00144322	1.6767	0.0	0.846512	0.031459	1.0	0.0559349	1.0	0.0933644	0.719945	0.0404004	0.0704457	2.18699e-06	0.211775	0.0285154	0.0723071	0.00035212	-2595.85	4.0	4.29631e-08	-10842.0	4.0	3.80218e-06	1.0	653.962	34.6578	315.842	27.6454	0.325676	0.0259092	1077.06	9.74533	
1.6-2.4	6.5-30.0	40.0-50.0	0.000-1.571	0.008	0.136	881.0	880.0	581.998	26.8415	298.044	20.8931	-0.957757	0.236263	-0.05	0.0	0.6492	0.0	3.09084	0.0	0.0579615	0.0	0.0307439	0.00357199	0.03	0.0	1.492	0.0	5.0	0.0	1.733	0.0	0.0501257	0.000384272	6.70209e-05	0.882424	0.193082	0.0206549	0.211707	0.0	0.00199102	0.0	0.000212065	0.00157253	1.6767	0.0	0.673604	0.0366366	0.719661	0.0791028	1.0	0.210108	0.380504	0.0965411	0.0705789	3.45425e-09	0.220238	0.0333711	0.0707192	3.76138e-06	-1530.08	4.0	9.0594e-06	-5695.2	4.0	3.04281e-06	1.0	430.916	26.0446	151.082	18.2184	0.259592	0.0289232	976.145	9.96468	
1.6-2.4	6.5-30.0	50.0-100.0	0.000-1.571	0.008	0.088	780.0	766.0	608.447	26.7744	157.623	16.3062	-0.243574	0.322431	-0.05	0.0	0.6492	0.0	3.09084	0.0	0.0579615	0.0	0.0451103	0.00532137	0.03	0.0	1.492	0.0	5.0	0.0	1.733	0.0	0.053804	0.000782554	7.21792e-05	0.000182081	0.195146	0.0226447	0.211707	0.0	0.00199102	0.0	0.00387282	0.0019896	1.6767	0.0	0.824334	0.0424976	0.844672	4.07449	0.835401	2.64516	0.238542	2.86983	0.0705885	9.12423e-08	0.212468	0.537412	0.0704751	2.6636	-1537.4	4.0	5.44556e-05	-4998.41	4.0	0.000136881	1.0	475.053	26.805	133.394	17.7754	0.219237	0.0275756	1063.41	12.9845	
2.0-2.4	6.5-30.0	0.0-100.0	0.000-1.571	0.008	0.152	4442.0	4440.0	2372.46	65.7361	2067.55	63.3666	-0.535109	0.0902784	-0.05	0.0	0.857592	0.0553653	3.09126	0.0015208	0.0628767	0.00294155	0.023931	0.0043831	0.03	0.0	1.492	0.0	5.0	0.0	1.733	0.0	0.0589239	0.0015679	7.87116e-05	0.000484264	0.202227	0.0109313	0.0616687	0.0610904	-0.00999983	0.0176875	0.00178175	0.000888535	2.1655	0.541626	0.949023	0.0188746	0.814911	0.014265	1.0	1.98575	0.597375	0.0114461	0.122805	0.00856717	0.176304	0.00523632	0.166161	8.64791	-6106.84	4.0	4.02059e-05	-34875.9	7.0	6.82878e-05	1.0	1726.38	60.8625	646.076	41.672	0.272324	0.0158616	1065.03	64.5536	
