weightedEff_Lxyz_finerpT_PRMC
rap	pT	cent	dPhi	ctauErrMin	ctauErrMax	NoCutEntry	CutEntry	NSig	NSigErr	NBkg	NBkgErr	coefExp	coefExpErr	coefPol1	coefPol1Err	coeffGaus	coeffGausErr	meanSig1	meanSig1Err	sigmaSig1	sigmaSig1Err	sigmaSig2	sigmaSig2Err	sigmaSig3	sigmaSig3Err	alpha	alphaErr	enne	enneErr	enneW	enneWErr	sigWidth	sigWidthErr	Gmc	GmcErr	bTau	bTauErr	fracRes	fracResErr	meanResSigW	meanResSigWErr	meanResSigN	meanResSigNErr	sigmaResSigW	sigmaResSigWErr	sigmaResSigN	sigmaResSigNErr	fpm	fpmErr	fLiving	fLivingErr	fbkgCtTot	fbkgCtTotErr	lambdam	lambdamErr	lambdap	lambdapErr	lambdap2	lambdap2Err	lambdasym	lambdasymErr	NLL	nFitPar	EDM	NLLMass	nFitParMass	EDMMass	Prob	PROMPT	PROMPTErr	NON-PROMPT	NON-PROMPTErr	Bfraction	BfractionErr	Resolution	ResolutionErr	
0.0-0.4	6.5-30.0	0.0-100.0	0.000-1.571	0.008	0.105	8901.0	8888.0	7678.89	91.7628	1208.54	44.1637	-1.03589	0.118549	-0.05	0.0	0.412329	0.069513	3.09361	0.000257011	0.0151505	0.000751778	0.0232539	0.000965004	0.03	0.0	1.696	0.0	5.0	0.0	1.718	0.0	0.0203082	0.000435553	1.23578e-05	0.0128429	0.369826	0.00956004	0.44677	0.141299	-0.000774749	0.00115443	0.000245168	0.000708281	1.18582	0.0694746	0.880304	0.0190902	1.0	0.0881502	0.866764	0.0269925	0.213519	0.0328207	0.141157	1.56779e-05	0.361039	0.018655	0.1	0.0	0.21949	0.043604	-23166.5	4.0	2.75365e-05	-87299.7	7.0	0.000148325	1.0	5562.64	82.546	2116.25	55.0877	0.275594	0.0063733	1028.08	28.4836	
0.0-1.2	6.5-30.0	0.0-100.0	0.000-1.571	0.008	0.145	32014.0	31997.0	27611.9	175.561	4384.42	87.1407	-1.06606	0.0638752	-0.05	0.0	0.380939	0.0412832	3.09364	0.000181755	0.0186174	0.0006846	0.0314832	0.000750835	0.03	0.0	1.696	0.0	5.0	0.0	1.718	0.0	0.0273065	0.000372904	1.01594e-05	0.0045946	0.371134	0.00509092	0.0390389	0.0103328	-0.00174128	0.00308162	0.000342744	0.00023455	2.01564	0.13992	0.995111	0.00646824	1.0	0.563687	0.893816	0.0185564	0.265862	0.0162602	0.144116	52.5463	0.42459	0.0111218	0.1	0.0	0.171673	0.0223862	-75608.3	4.0	8.22873e-05	-348032.0	7.0	8.4352e-05	1.0	19990.5	158.341	7621.37	106.136	0.276018	0.00341983	1053.66	9.62583	
0.0-2.4	10.0-13.0	0.0-100.0	0.000-1.571	0.016	0.145	11793.0	11781.0	10012.3	108.446	1768.44	59.2985	-1.22311	0.101472	-0.05	0.0	0.453639	0.0433118	3.09342	0.000368293	0.0461248	0.00145682	0.0231564	0.000961392	0.03	0.0	1.696	0.0	5.0	0.0	1.718	0.0	0.0354695	0.000670837	1.2247e-05	0.0131685	0.384587	0.00818702	0.0307331	0.0102486	0.00215386	0.0052703	0.000418216	0.000362931	2.23785	0.221603	0.982242	0.0109478	0.970151	0.0150307	0.99608	0.0355092	0.252393	0.0209255	0.140888	5.96651e-09	0.393295	0.0152724	0.1	0.0	0.141056	0.000147456	-25016.8	4.0	7.04965e-05	-113974.0	7.0	2.92807e-05	1.0	6953.64	94.8666	3058.68	66.5176	0.305492	0.00576094	1043.58	13.2966	
0.0-2.4	10.0-30.0	0.0-100.0	0.000-1.571	0.008	0.145	18723.0	18713.0	15624.2	135.727	3088.12	76.6832	-1.23695	0.0764856	-0.05	0.0	0.458843	0.0330932	3.09358	0.000290745	0.0453235	0.00114558	0.0227058	0.000707964	0.03	0.0	1.696	0.0	5.0	0.0	1.718	0.0	0.0349508	0.000514104	1.00498e-05	0.00459465	0.373866	0.00592268	0.0302029	0.00772777	-0.00137981	0.00391645	5.84437e-05	0.000278529	2.28455	0.177331	0.989236	0.00901783	1.0	0.00169419	0.947344	0.0133139	0.263412	0.0158343	0.462148	1.10698	0.415914	0.0124052	0.1	0.0	0.146031	0.0328227	-37844.1	4.0	2.68863e-06	-189147.0	7.0	0.000101205	1.0	10121.9	115.221	5502.28	88.4818	0.352165	0.00476572	1051.98	10.5536	
0.0-2.4	11.0-13.0	0.0-100.0	0.000-1.571	0.016	0.145	6328.0	6322.0	5382.07	79.689	939.877	43.6773	-1.3467	0.142683	-0.05	0.0	0.35236	0.050032	3.09371	0.000505845	0.0524892	0.00281073	0.0246677	0.00108231	0.03	0.0	1.696	0.0	5.0	0.0	1.718	0.0	0.0369443	0.00103824	2.73135e-05	0.000901523	0.391539	0.0107788	0.0355577	0.0156804	0.00158388	0.00595783	0.000329875	0.00050008	2.10518	0.26994	1.00049	0.0156171	0.982294	0.0122954	0.999968	0.121508	0.26021	0.0353546	0.140891	5.16439e-07	0.38513	0.0236885	0.1	0.0	0.14108	4.74502e-06	-12933.8	4.0	3.52586e-07	-57055.7	7.0	7.8013e-06	1.0	3589.56	68.4637	1792.5	50.6647	0.333051	0.00801864	1059.71	17.3931	
0.0-2.4	13.0-16.0	0.0-100.0	0.000-1.571	0.008	0.073	4106.0	4091.0	3312.55	62.079	778.641	36.3265	-1.10329	0.149096	-0.05	0.0	0.573169	0.0646299	3.0937	0.000599701	0.0417849	0.00182905	0.0183742	0.0016888	0.03	0.0	1.696	0.0	5.0	0.0	1.718	0.0	0.0338355	0.000953754	1.46858e-05	0.0174207	0.374005	0.0122286	0.0676796	0.0420728	-0.00161228	0.00472737	-0.000632559	0.000612876	1.76756	0.263409	0.98964	0.0210813	0.999993	4.37496	0.940761	0.0561449	0.272808	0.0130595	0.158933	4.76959	0.443396	0.0125208	0.1	0.0	0.225592	0.0449843	-7909.48	4.0	4.66964e-06	-35041.4	7.0	2.27469e-05	1.0	2020.98	51.51	1291.57	42.4816	0.389902	0.0105392	1060.45	27.5219	
0.0-2.4	13.0-30.0	0.0-100.0	0.000-1.571	0.008	0.073	6929.0	6913.0	5586.92	81.9129	1325.66	49.4782	-1.26415	0.116109	-0.05	0.0	0.493172	0.0607631	3.09393	0.000476485	0.0432981	0.00176842	0.0213363	0.00136977	0.03	0.0	1.696	0.0	5.0	0.0	1.718	0.0	0.0339895	0.000870929	1.31401e-05	0.00459323	0.364584	0.00867328	0.0485635	0.0220664	-0.00239609	0.00416909	-0.000337928	0.000443588	1.93822	0.23009	0.996989	0.0161302	1.0	3.41595	0.959838	0.00113208	0.289058	0.0016286	0.148123	5.42181	0.438295	0.00165909	0.1	0.0	0.239225	0.00670893	-12912.1	4.0	3.15262e-05	-62664.5	7.0	3.19514e-05	1.0	3188.6	65.357	2398.31	57.6404	0.429273	0.00817491	1062.15	19.0189	
0.0-2.4	16.0-30.0	0.0-100.0	0.000-1.571	0.008	0.056	2823.0	2810.0	2304.51	51.1637	505.505	28.6143	-1.37161	0.189775	-0.05	0.0	0.161017	0.0586994	3.09372	0.000764185	0.0149645	0.00270774	0.0366226	0.00167486	0.03	0.0	1.696	0.0	5.0	0.0	1.718	0.0	0.034078	0.000900417	1.01425e-05	0.00459461	0.355112	0.012222	0.0340288	0.0240391	-0.00317689	0.0069571	-2.06579e-05	0.000647493	2.18001	0.438439	1.00041	0.0254539	1.0	1968.41	0.984963	14.3252	0.301212	0.405351	0.140893	159955.0	0.429097	0.888162	0.1	0.0	0.234683	1.06183	-5030.53	4.0	5.83159e-05	-22855.1	7.0	9.04204e-06	1.0	1186.19	39.502	1118.32	38.5139	0.485276	0.0127761	1062.3	28.6156	
0.0-2.4	6.5-30.0	0.0-100.0	0.000-1.571	0.008	0.224	68927.0	68905.0	58886.2	264.047	10018.8	144.4	-1.07546	0.0424786	-0.05	0.0	0.459639	0.0206685	3.09234	0.000161689	0.0467299	0.00060078	0.0252747	0.000457285	0.03	0.0	1.696	0.0	5.0	0.0	1.718	0.0	0.0367273	0.000292114	1.01537e-05	0.0045946	0.367545	0.00369792	0.0430903	0.00586459	-0.000930916	0.00240024	0.000469079	0.000165079	2.16125	0.0881168	0.958501	0.00422067	1.0	0.00777786	0.847873	0.0152436	0.308491	0.0122526	0.141049	5.6667e-06	0.425565	0.00809984	0.1	0.0	0.14099	0.0121659	-148710.0	4.0	7.68694e-07	-787027.0	7.0	8.08911e-06	1.0	44121.1	240.592	14765.1	152.076	0.250739	0.00232496	1039.43	6.86023	
0.0-2.4	6.5-7.5	0.0-100.0	0.000-1.571	0.008	0.176	21673.0	21659.0	18787.9	148.923	2871.2	79.0713	-0.67526	0.0785882	-0.05	0.0	0.465899	0.0357404	3.09106	0.000307769	0.0485131	0.00110126	0.0276031	0.000754821	0.03	0.0	1.696	0.0	5.0	0.0	1.718	0.0	0.0387744	0.000508066	1.0013e-05	0.00459467	0.398514	0.00853755	0.0565306	0.0172979	0.00889207	0.0165632	0.000700791	0.000342123	1.98132	0.172537	0.969385	0.00727566	1.0	1.38762	0.776656	0.062054	0.433392	0.0367001	0.141225	6537.38	0.425506	0.0187142	0.140994	0.0296466	-48142.7	4.0	1.48582e-06	-222144.0	7.0	1.0989e-05	1.0	15438.2	141.09	3349.67	75.0773	0.178289	0.00373781	1052.85	15.6405	
0.0-2.4	6.5-8.0	0.0-100.0	0.000-1.571	0.008	0.176	29759.0	29741.0	25711.5	174.099	4029.35	92.8921	-0.783555	0.0664797	-0.05	0.0	0.50268	0.0319714	3.09119	0.000259631	0.0475969	0.000835237	0.0263201	0.000769218	0.03	0.0	1.696	0.0	5.0	0.0	1.718	0.0	0.0385139	0.000436948	1.06881e-05	0.00459436	0.392839	0.00705681	0.0576128	0.0136665	0.00221989	0.00490396	0.000800011	0.000284779	2.00795	0.138209	0.954456	0.00616975	0.999967	0.0049109	0.727604	0.0341973	0.335412	0.0221359	0.140887	2.63625e-09	0.406947	0.0146247	0.141052	0.0211099	-66303.0	4.0	3.93756e-05	-314574.0	7.0	2.32414e-05	1.0	20965.1	164.487	4746.41	89.0859	0.184602	0.00323149	1044.41	13.0339	
0.0-2.4	7.5-8.5	0.0-100.0	0.000-1.571	0.016	0.136	14897.0	14876.0	12760.5	121.537	2115.57	64.1912	-1.17688	0.0924042	-0.05	0.0	0.52782	0.0395827	3.09172	0.000351273	0.0457267	0.00103934	0.0244478	0.000988602	0.03	0.0	1.696	0.0	5.0	0.0	1.718	0.0	0.0372271	0.000542736	3.14286e-05	0.000250139	0.358978	0.00857647	0.0553303	0.0153335	-0.00751865	0.00510012	0.00184736	0.000374737	2.03235	0.165519	0.938203	0.0088824	1.0	0.0196282	0.688775	0.0526055	0.288574	0.039544	0.140944	2.54817e-07	0.445807	0.0218726	0.1	0.0	0.140926	0.0238648	-33189.3	4.0	1.39191e-07	-147216.0	7.0	1.64919e-05	1.0	10034.9	113.39	2725.62	66.3047	0.213597	0.00478126	1029.59	15.5807	
0.0-2.4	8.0-10.0	0.0-100.0	0.000-1.571	0.016	0.136	20444.0	20431.0	17527.5	144.092	2903.88	78.3399	-1.31184	0.0804479	-0.05	0.0	0.408573	0.0400099	3.09273	0.000289386	0.0457956	0.00119824	0.0261786	0.000766659	0.03	0.0	1.696	0.0	5.0	0.0	1.718	0.0	0.0355273	0.000534309	2.68589e-05	0.000536565	0.349031	0.00662451	0.0458566	0.0102235	-0.00269923	0.00431292	0.000575689	0.000300592	2.19475	0.149276	0.938685	0.0075765	1.0	0.0148795	0.836456	0.0244961	0.250735	0.0204197	0.141508	0.793342	0.448528	0.0149757	0.1	0.0	0.152299	0.0192794	-45339.3	4.0	2.01108e-05	-208993.0	7.0	0.000128041	1.0	13295.3	132.185	4232.25	82.0811	0.241464	0.00424146	1030.35	12.6221	
0.0-2.4	8.5-9.5	0.0-100.0	0.000-1.571	0.016	0.128	9996.0	9988.0	8580.45	100.356	1407.57	53.8332	-1.23976	0.114606	-0.05	0.0	0.396021	0.0556737	3.09328	0.00040349	0.0445975	0.00169709	0.0259145	0.000985968	0.03	0.0	1.696	0.0	5.0	0.0	1.718	0.0	0.0345437	0.000721016	3.19624e-05	0.000279237	0.361331	0.00968753	0.0499415	0.0140142	0.00162356	0.00570947	0.000699074	0.000422636	2.25507	0.199829	0.933959	0.0106078	1.0	0.0275712	0.904197	0.0266575	0.261877	0.0273475	0.143517	0.0652447	0.453201	0.020892	0.1	0.0	0.148725	0.0348244	-22507.5	4.0	9.10349e-07	-95231.0	7.0	1.1636e-05	1.0	6512.92	92.0923	2067.53	57.1243	0.240958	0.00603157	1040.52	18.4023	
0.0-2.4	9.5-11.0	0.0-100.0	0.000-1.571	0.016	0.128	9102.0	9095.0	7726.86	95.2899	1368.06	52.1657	-1.26127	0.115108	-0.05	0.0	0.525551	0.0552861	3.09292	0.000425225	0.0433207	0.00133925	0.022868	0.00132004	0.03	0.0	1.696	0.0	5.0	0.0	1.718	0.0	0.0351341	0.00071655	2.86811e-05	0.000348843	0.356994	0.00933427	0.0230131	0.0104981	-0.00132242	0.00761127	-0.000692792	0.000417489	2.46485	0.337074	0.953938	0.0115577	0.929131	0.0434332	0.999963	3.65758	0.2206	0.0289933	0.140959	3.72806e-09	0.414352	0.0205231	0.1	0.0	0.150761	22.6549	-19904.7	4.0	1.89403e-05	-85713.7	7.0	1.06294e-06	1.0	5596.26	85.2296	2130.6	56.4928	0.275739	0.00647229	1014.33	17.1947	
0.4-0.8	6.5-30.0	0.0-100.0	0.000-1.571	0.008	0.073	10027.0	9993.0	8568.77	97.7207	1423.92	49.0334	-1.21241	0.111298	-0.05	0.0	0.427302	0.0710566	3.09423	0.00030435	0.0198822	0.000847491	0.0275903	0.00127478	0.03	0.0	1.696	0.0	5.0	0.0	1.718	0.0	0.024594	0.000508898	2.82435e-05	0.000449249	0.361582	0.00842542	0.076506	0.0434519	-0.00258405	0.00354869	-0.00044781	0.000433789	1.67312	0.203336	0.989539	0.012347	0.937834	0.0143431	1.0	0.00107723	0.215053	0.0223825	0.141491	0.0333681	0.430099	0.0179569	0.1	0.0	3.50847	7.05241	-23767.0	4.0	4.60059e-07	-97668.8	7.0	0.000227582	1.0	6020.65	86.9839	2548.12	60.797	0.297373	0.00623222	1057.56	23.009	
0.8-1.2	6.5-30.0	0.0-100.0	0.000-1.571	0.008	0.145	13084.0	13081.0	11157.6	113.482	1923.64	60.3585	-1.10402	0.0965558	-0.05	0.0	0.52872	0.0569961	3.09332	0.00035148	0.0353109	0.000958447	0.0289184	0.00117327	0.03	0.0	1.696	0.0	5.0	0.0	1.718	0.0	0.0324555	0.000411302	1.00235e-05	0.00459466	0.381843	0.00859702	0.021701	0.00683238	-0.000835981	0.00729644	0.00123402	0.000363199	2.63751	0.286474	1.01054	0.00986842	0.986604	0.0900597	0.970948	0.0421982	0.358029	0.101942	0.26971	0.358937	0.449101	0.018339	0.1	0.0	0.143388	3.74178	-29338.8	4.0	7.37867e-05	-128658.0	7.0	7.22689e-05	1.0	8292.79	102.642	2864.78	65.3472	0.256756	0.00524234	1072.38	12.9812	
1.2-1.6	6.5-30.0	0.0-100.0	0.000-1.571	0.008	0.152	15885.0	15874.0	13738.1	128.572	2135.75	70.2076	-0.839153	0.0956971	-0.05	0.0	0.537898	0.0577144	3.08915	0.000382684	0.0338773	0.000911912	0.047923	0.00195777	0.03	0.0	1.696	0.0	5.0	0.0	1.718	0.0	0.0409707	0.000696272	1.10187e-05	0.00459421	0.383636	0.00772427	0.0606482	0.0149893	-0.000791752	0.00423923	0.00107644	0.000356131	1.99894	0.146804	0.959473	0.00896105	1.0	670965.0	0.785219	1906.83	0.336237	283.309	0.140905	1856570.0	0.46941	52.3904	0.1	0.0	0.140942	1.10379e-06	-32761.6	4.0	2.92981e-07	-157207.0	7.0	2.01368e-05	1.0	10120.9	115.908	3617.15	74.8918	0.263294	0.00486271	1052.18	14.3599	
1.6-2.0	6.5-30.0	0.0-100.0	0.000-1.571	0.008	0.145	14422.0	14412.0	12390.9	124.433	2021.07	71.505	-1.26035	0.10381	-0.05	0.0	0.757728	0.0591325	3.08942	0.000460001	0.0421308	0.000901516	0.0639845	0.00476734	0.03	0.0	1.696	0.0	5.0	0.0	1.718	0.0	0.0483408	0.00108435	1.76494e-05	0.00459116	0.340956	0.0085399	0.0500984	0.0105086	0.0044738	0.00580856	0.000931921	0.000368163	2.34179	0.172122	0.916735	0.00856907	1.0	0.0506537	0.820505	0.0500779	0.393091	0.035317	0.140888	9.35315e-06	0.410968	0.0189731	0.1	0.0	0.140979	0.0341535	-30236.4	4.0	0.000106334	-139902.0	7.0	5.86514e-06	1.0	9828.61	116.238	2562.32	66.5685	0.20679	0.00495477	1035.88	15.7058	
1.6-2.4	3.0-30.0	0.0-100.0	0.000-1.571	0.008	0.24	86029.0	85949.0	73374.7	308.768	12573.3	185.801	-0.279832	0.0393356	-0.05	0.0	0.344764	0.035435	3.08929	0.000203319	0.0635522	0.00143088	0.0417996	0.000637841	0.03	0.0	2.059	0.0	5.0	0.0	1.41	0.0	0.0503716	0.000537914	1.03367e-05	0.00459452	0.373708	0.40161	0.0481881	0.00677161	0.00323962	0.00475838	0.000490334	0.00840459	2.28286	0.107071	0.877053	0.489806	0.817944	0.0	0.9999	0.0	0.604322	0.0	0.0846182	0.0	0.4172	0.0	0.1	0.0	0.483258	0.0	-1e+30	4.0	0.0	-982133.0	7.0	0.000125066	1.0	68017.8	26736.9	5356.86	26735.4	0.073007	0.364368	991.607	206.398	
1.6-2.4	3.0-4.5	0.0-100.0	0.000-1.571	0.032	0.24	36668.0	36617.0	31307.5	205.459	5308.81	127.313	0.548513	0.0649585	-0.05	0.0	0.295852	0.0430429	3.08953	0.000314891	0.0690352	0.00271407	0.0416916	0.000878871	0.03	0.0	2.04	0.0	5.0	0.0	1.31	0.0	0.0513219	0.000870533	2.69452e-05	0.00010696	0.355232	0.0130086	0.0920881	0.0334652	-0.00295161	0.0134999	0.00163087	0.000345772	1.7428	0.171364	0.804611	0.00439448	1.0	0.00725147	0.523698	0.359576	0.638413	0.164306	0.141095	7.99428e-07	0.388431	0.0889209	0.1	0.0	0.140913	0.121243	-77388.4	4.0	5.83408e-05	-386624.0	7.0	0.000136659	1.0	29600.5	206.573	1707.0	71.1499	0.0545239	0.00224427	931.389	26.1118	
1.6-2.4	3.0-5.5	0.0-100.0	0.000-1.571	0.032	0.24	53052.0	52983.0	45226.8	245.816	7756.05	151.464	0.199865	0.0524498	-0.05	0.0	0.316767	0.0402162	3.08899	0.000260464	0.0654028	0.00199254	0.0416932	0.000752508	0.03	0.0	2.04	0.0	5.0	0.0	1.31	0.0	0.0504248	0.000684873	1.07449e-05	0.00459433	0.340686	0.00957198	0.094709	0.0252478	-0.0021005	0.00695988	0.00107772	0.000282792	1.7053	0.119036	0.819151	0.0037991	1.0	0.00436595	0.596546	0.291035	0.576109	0.137998	0.141102	1.67802e-06	0.368135	0.0546939	0.1	0.0	0.140924	0.108038	-111729.0	4.0	5.97646e-05	-579347.0	7.0	5.65413e-05	1.0	42324.0	247.01	2902.82	91.3526	0.0641835	0.00198952	939.616	18.2411	
1.6-2.4	3.0-6.5	0.0-100.0	0.000-1.571	0.024	0.24	65002.0	64926.0	55574.6	282.197	9351.28	182.529	0.0302012	0.0480571	-0.05	0.0	0.34445	0.0426242	3.08924	0.000236704	0.06473	0.0020549	0.041578	0.000700615	0.03	0.0	2.04	0.0	5.0	0.0	1.31	0.0	0.0507593	0.000711366	1.26007e-05	0.00459348	0.3503	0.00823734	0.0545625	0.0111846	0.00463993	0.00732306	0.000939846	0.000242417	2.11805	0.135133	0.85436	0.00341848	1.0	5.3325	0.607605	0.239589	0.572769	0.0169171	0.141042	11485.4	0.389763	0.0380568	0.1	0.0	0.14098	3.64601e-09	-136922.0	4.0	3.43473e-05	-723311.0	7.0	0.000143774	1.0	51593.5	281.361	3981.03	104.586	0.0716341	0.00184642	966.891	13.6108	
1.6-2.4	4.5-5.5	0.0-100.0	0.000-1.571	0.032	0.24	16383.0	16366.0	13974.9	136.637	2391.09	84.1755	-0.583821	0.0931011	-0.05	0.0	0.379104	0.0905841	3.08776	0.0004659	0.0588838	0.00264162	0.0418893	0.00148387	0.03	0.0	2.04	0.0	5.0	0.0	1.31	0.0	0.0490302	0.00106875	1.34774e-05	0.00459308	0.325552	0.0141421	0.0968683	0.0381653	-0.00131341	0.00820374	0.000297511	0.000493915	1.67064	0.166896	0.861655	0.00741103	1.0	0.0127236	0.703688	0.0307591	0.457514	0.0252866	0.140891	4.66578e-08	0.354753	0.0195289	0.1	0.0	0.141074	8.31484e-10	-34528.9	4.0	2.39522e-05	-160045.0	7.0	3.91959e-06	1.0	12806.2	136.516	1168.68	55.5837	0.0836271	0.00389245	969.995	24.6722	
1.6-2.4	5.5-6.5	0.0-100.0	0.000-1.571	0.024	0.16	11949.0	11933.0	10380.0	115.877	1553.03	67.813	-0.839309	0.114284	-0.05	0.0	0.456382	0.0901692	3.09041	0.000557399	0.0634508	0.00278664	0.0410387	0.002034	0.03	0.0	2.04	0.0	5.0	0.0	1.31	0.0	0.0524685	0.00133814	1.00139e-05	0.00459467	0.383991	0.0151252	0.163974	0.0525224	0.00159916	0.00563014	0.00113361	0.000541032	1.56105	0.126401	0.848677	0.0094265	0.845444	0.166789	0.907838	0.943205	0.558878	0.0941293	0.140892	0.155511	0.381617	0.0481776	0.1	0.0	0.140894	2.88362	-25389.0	4.0	2.62614e-06	-112918.0	7.0	9.23237e-05	1.0	9260.18	113.264	1119.79	47.9421	0.10788	0.00445894	1000.87	27.9215	
1.6-2.4	6.5-30.0	0.0-100.0	0.000-1.571	0.008	0.145	21027.0	21007.0	17944.5	150.544	3062.5	88.2082	-1.14615	0.0819558	-0.05	0.0	0.625861	0.0544347	3.08996	0.000410263	0.0532705	0.00097372	0.0390779	0.00172549	0.03	0.0	1.696	0.0	5.0	0.0	1.718	0.0	0.0484497	0.000561742	1.29716e-05	0.00459331	0.347381	0.0074702	0.0442027	0.00851553	0.00268898	0.00598713	0.000385108	0.00031263	2.47355	0.172851	0.907627	0.0071032	1.0	649.958	0.839529	3.62293	0.37467	0.143376	0.141447	789.816	0.398141	0.336904	0.1	0.0	0.140972	3.01832e-08	-42861.9	4.0	2.16308e-05	-210929.0	7.0	4.79879e-06	1.0	14344.6	141.327	3599.91	80.0199	0.200614	0.00412949	1028.51	14.6114	
2.0-2.4	6.5-30.0	0.0-100.0	0.000-1.571	0.016	0.145	6605.0	6591.0	5642.23	86.2631	948.453	52.4075	-1.00397	0.150899	-0.05	0.0	0.514833	0.102395	3.08958	0.000821466	0.0613082	0.00251237	0.0447935	0.00242664	0.03	0.0	1.696	0.0	5.0	0.0	1.718	0.0	0.0539312	0.00121297	1.23538e-05	0.00459359	0.361848	0.0147132	0.0274227	0.0121692	-0.01	0.0156609	-0.00112664	0.000599527	3.12971	0.59902	0.895151	0.0128773	0.999998	419.17	0.897748	17.3318	0.35042	0.873172	0.141678	539.826	0.375417	1.60384	0.1	0.0	0.141144	1.71858e-06	-12700.9	4.0	0.000123447	-57983.6	7.0	3.09066e-05	1.0	4567.16	81.6742	1075.07	45.4433	0.19054	0.00750885	1023.68	37.0805	
