noWeight
rap	pT	cent	dPhi	ctauErrMin	ctauErrMax	NoCutEntry	CutEntry	NSig	NSigErr	NBkg	NBkgErr	coefExp	coefExpErr	coefPol1	coefPol1Err	coeffGaus	coeffGausErr	meanSig1	meanSig1Err	sigmaSig1	sigmaSig1Err	sigmaSig2	sigmaSig2Err	sigmaSig3	sigmaSig3Err	alpha	alphaErr	enne	enneErr	enneW	enneWErr	sigWidth	sigWidthErr	Gmc	GmcErr	bTau	bTauErr	fracRes	fracResErr	meanResSigW	meanResSigWErr	meanResSigN	meanResSigNErr	sigmaResSigW	sigmaResSigWErr	sigmaResSigN	sigmaResSigNErr	fpm	fpmErr	fLiving	fLivingErr	fbkgCtTot	fbkgCtTotErr	lambdam	lambdamErr	lambdap	lambdapErr	lambdasym	lambdasymErr	NLL	nFitPar	EDM	NLLMass	nFitParMass	EDMMass	Prob	PROMPT	PROMPTErr	NON-PROMPT	NON-PROMPTErr	Bfraction	BfractionErr	Resolution	ResolutionErr	
0.0-1.2	6.5-30.0	10.0-60.0	0.000-0.393	0.016	0.073	1480.0	1463.0	1011.66	34.0551	451.311	24.4839	0.153636	0.185402	-0.05	0.0	0.574527	0.0	3.09295	0.0	0.0208582	0.0	0.0359928	0.0	0.03	0.0	1.492	0.0	5.0	0.0	1.733	0.0	0.0283046	0.0	1.31827e-05	0.000223047	0.208415	0.0151464	0.285189	0.0	0.00228689	0.0	-0.00234655	0.0013145	1.57403	0.0	0.845801	0.037763	0.623827	0.0857608	0.875452	0.115508	0.405984	0.101692	0.055084	0.014125	0.154968	0.021196	0.0200001	3.06348	-3157.71	4.0	4.11603e-08	-10704.0	3.0	3.8354e-06	1.0	721.312	31.966	290.352	22.9735	0.287004	0.020551	1103.6	10.3439	
0.0-1.2	6.5-30.0	10.0-60.0	0.000-1.571	0.008	0.08	5526.0	5518.0	3859.43	68.4032	1658.45	49.7821	-0.146376	0.0968275	-0.05	0.0	0.574527	0.0	3.09295	0.0	0.0208582	0.0	0.0359928	0.00144034	0.03	0.0	1.492	0.0	5.0	0.0	1.733	0.0	0.0283046	0.000389642	1.14628e-05	0.000348133	0.202226	0.00782792	0.285189	0.0	0.00228689	0.0	-0.00226256	0.000657918	1.57403	0.0	0.828612	0.0188224	0.579784	0.0581174	0.983658	0.0100993	0.353702	0.0623773	0.0553095	0.00727032	0.156012	0.0117512	0.699373	0.354495	-11963.7	4.0	1.73956e-07	-47777.5	4.0	1.25358e-05	1.0	2800.69	64.0016	1058.74	44.546	0.274326	0.0104681	1094.24	5.09417	
0.0-1.2	6.5-30.0	10.0-60.0	0.393-0.785	0.008	0.073	1480.0	1477.0	1014.4	34.1607	462.602	24.803	-0.124135	0.182899	-0.05	0.0	0.574527	0.0	3.09295	0.0	0.0208582	0.0	0.0359928	0.0	0.03	0.0	1.492	0.0	5.0	0.0	1.733	0.0	0.0283046	0.0	1.70432e-05	0.00459144	0.204545	0.0159938	0.285189	0.0	0.00228689	0.0	-0.00166512	0.00123449	1.57403	0.0	0.815915	0.037012	0.500279	0.00155619	1.0	1.34579	0.236608	0.00201351	0.0522666	0.000232416	0.157987	0.000608314	0.0312178	3.55127	-3170.73	4.0	6.19395e-07	-10788.1	3.0	1.19733e-07	1.0	767.969	32.4674	246.428	21.3108	0.242931	0.01935	1087.4	9.92565	
0.0-1.2	6.5-30.0	10.0-60.0	0.785-1.178	0.008	0.073	1284.0	1282.0	922.586	32.2672	359.392	21.8629	-0.16261	0.208177	-0.05	0.0	0.574527	0.0	3.09295	0.0	0.0208582	0.0	0.0359928	0.0	0.03	0.0	1.492	0.0	5.0	0.0	1.733	0.0	0.0283046	0.0	1.055e-05	0.000148389	0.206456	0.0169295	0.285189	0.0	0.00228689	0.0	-0.00243084	0.00128616	1.57403	0.0	0.814671	0.0353493	0.654681	0.0666654	1.0	28.9307	0.550927	0.051746	0.0733837	0.0208545	0.235433	0.0345411	0.806403	114.813	-2910.05	4.0	1.78759e-06	-9305.25	3.0	1.01536e-05	1.0	666.397	30.5412	256.189	21.6756	0.277686	0.0213931	1086.73	9.47113	
0.0-1.2	6.5-30.0	10.0-60.0	1.178-1.571	0.008	0.073	1282.0	1280.0	898.982	32.0584	381.013	22.5783	-0.518766	0.202875	-0.05	0.0	0.574527	0.0	3.09295	0.0	0.0208582	0.0	0.0359928	0.0	0.03	0.0	1.492	0.0	5.0	0.0	1.733	0.0	0.0283046	0.0	3.93932e-05	0.000262579	0.187926	0.0145223	0.285189	0.0	0.00228689	0.0	-0.00352191	0.00150828	1.57403	0.0	0.855944	0.041727	0.639825	0.0869951	0.963976	0.0247478	0.224077	0.094875	0.060818	0.0132121	0.127412	0.0171069	0.690286	0.410811	-2691.5	4.0	2.69506e-06	-9211.95	3.0	1.04313e-06	1.0	634.102	30.7719	264.88	22.9086	0.294644	0.0232158	1109.18	11.5086	
0.0-2.4	10.0-13.0	10.0-60.0	0.000-0.393	0.016	0.12	624.0	624.0	473.909	23.3942	150.091	14.9491	0.408092	0.331821	-0.05	0.0	0.359087	0.0	3.09257	0.0	0.0208381	0.0	0.0407351	0.0	0.03	0.0	1.492	0.0	5.0	0.0	1.733	0.0	0.0349202	0.0	1.01874e-05	0.00880447	0.188362	0.0186778	0.0574203	0.0	0.000178416	0.0	-0.00315261	0.00161031	2.07899	0.0	0.819744	0.0460212	0.80241	0.145369	0.479431	0.194964	2.10604e-07	0.19613	0.125437	0.0712529	0.164373	0.046738	0.030661	0.0137358	-1374.5	4.0	1.52764e-08	-4049.96	3.0	6.45089e-08	1.0	317.516	21.811	156.393	17.0191	0.330006	0.0320048	938.923	18.9363	
0.0-2.4	10.0-13.0	10.0-60.0	0.000-1.571	0.016	0.16	2368.0	2368.0	1797.78	46.4027	570.26	30.4259	-0.566834	0.169651	-0.05	0.0	0.359087	0.0	3.09257	0.0	0.0208381	0.0	0.0407351	0.00150463	0.03	0.0	1.492	0.0	5.0	0.0	1.733	0.0	0.0349203	0.000562457	1.25471e-05	9.06392e-05	0.195034	0.010747	0.0574203	0.0	0.000178416	0.0	-0.00105392	0.000917126	2.07899	0.0	0.93599	0.0257868	0.541998	0.107456	0.717179	0.175964	0.000163859	0.750599	0.0290207	0.0121207	0.17606	0.0243159	0.0810554	0.0228461	-5084.53	4.0	6.65695e-06	-18474.3	4.0	7.94704e-07	1.0	1276.75	43.921	521.034	31.9989	0.289821	0.0161508	1036.32	10.9765	
0.0-2.4	10.0-13.0	10.0-60.0	0.393-0.785	0.016	0.08	609.0	607.0	465.091	23.0762	141.922	14.4684	-0.798771	0.341003	-0.05	0.0	0.359087	0.0	3.09257	0.0	0.0208381	0.0	0.0407351	0.0	0.03	0.0	1.492	0.0	5.0	0.0	1.733	0.0	0.0349202	0.0	5.32869e-05	0.00457478	0.199861	0.0218292	0.0574203	0.0	0.000178416	0.0	-0.00254751	0.00178469	2.07899	0.0	0.971018	0.0510581	0.656328	0.0321685	0.999993	8.61857	0.208604	0.0351201	0.0503057	0.00552124	0.157492	0.0112004	0.0773767	23.8423	-1319.35	4.0	1.36111e-07	-3932.99	3.0	6.43866e-06	1.0	335.135	22.0825	129.956	15.8969	0.27942	0.0312423	1066.26	21.9137	
0.0-2.4	10.0-13.0	10.0-60.0	0.785-1.178	0.016	0.12	564.0	563.0	437.553	22.4296	125.445	13.8191	-0.710384	0.363917	-0.05	0.0	0.359087	0.0	3.09257	0.0	0.0208381	0.0	0.0407351	0.0	0.03	0.0	1.492	0.0	5.0	0.0	1.733	0.0	0.0349202	0.0	9.08992e-05	0.00366287	0.189896	0.0234604	0.0574203	0.0	0.000178416	0.0	-0.00355991	0.00196102	2.07899	0.0	1.03271	0.0541582	0.952961	0.0609938	0.999963	0.940429	0.51313	0.104029	0.207469	0.223159	0.230544	0.0469907	0.0209538	2.26877	-1213.51	4.0	8.27643e-07	-3587.67	3.0	9.06911e-06	1.0	313.788	21.9653	123.765	16.2478	0.282857	0.0341855	1119.57	23.544	
0.0-2.4	10.0-13.0	10.0-60.0	1.178-1.571	0.016	0.064	571.0	559.0	411.053	21.8732	147.936	14.675	-1.22927	0.341286	-0.05	0.0	0.359087	0.0	3.09257	0.0	0.0208381	0.0	0.0407351	0.0	0.03	0.0	1.492	0.0	5.0	0.0	1.733	0.0	0.0349202	0.0	4.9503e-05	0.000503315	0.18838	0.0222855	0.0574203	0.0	0.000178416	0.0	0.000917247	0.00198599	2.07899	0.0	1.0171	0.0546388	0.635026	0.464524	0.999922	1.11784	0.0474549	0.237204	0.0415507	0.0139719	0.128084	0.0280625	0.0406515	7.07805	-1177.71	4.0	9.65459e-07	-3517.24	3.0	1.63674e-05	1.0	299.07	21.2036	111.983	15.2263	0.272431	0.0340875	1106.02	23.6805	
0.0-2.4	10.0-30.0	10.0-60.0	0.000-0.393	0.016	0.12	998.0	986.0	757.6	29.5144	228.39	18.4889	0.11502	0.266918	-0.05	0.0	0.417524	0.0	3.09305	0.0	0.0217899	0.0	0.042306	0.0	0.03	0.0	1.492	0.0	5.0	0.0	1.733	0.0	0.0352243	0.0	2.46153e-05	0.00458796	0.196435	0.0155067	0.0481944	0.0	-0.000872845	0.0	-0.00203128	0.00122826	2.03264	0.0	0.912223	0.0364888	0.797849	0.216807	0.998925	7.82017	0.522603	0.945767	0.102716	0.190542	0.175312	0.164537	0.0200001	71.5009	-2230.42	4.0	2.75248e-05	-6871.32	3.0	6.77468e-05	1.0	511.474	27.3884	246.126	21.0956	0.324876	0.0248028	995.574	15.9113	
0.0-2.4	10.0-30.0	10.0-60.0	0.000-1.571	0.008	0.16	3809.0	3809.0	2921.85	59.1927	887.221	38.3305	-0.516152	0.135903	-0.05	0.0	0.417524	0.0	3.09305	0.0	0.0217899	0.0	0.042306	0.00137935	0.03	0.0	1.492	0.0	5.0	0.0	1.733	0.0	0.0352243	0.000482481	1.0149e-05	0.00200814	0.187438	0.00794298	0.0481944	0.0	-0.000872845	0.0	-0.00139098	0.000661773	2.03264	0.0	0.958798	0.0204719	0.656008	0.126934	0.904558	0.145094	0.244488	0.135521	0.0399685	0.0154717	0.179601	0.0164894	0.107251	0.0631395	-8449.38	4.0	5.78334e-06	-31622.2	4.0	1.80756e-06	1.0	2030.07	55.6471	891.779	41.6124	0.30521	0.0128295	1036.39	9.01323	
0.0-2.4	10.0-30.0	10.0-60.0	0.393-0.785	0.008	0.08	980.0	977.0	742.382	29.1983	234.612	18.5671	-0.64383	0.26392	-0.05	0.0	0.417524	0.0	3.09305	0.0	0.0217899	0.0	0.042306	0.0	0.03	0.0	1.492	0.0	5.0	0.0	1.733	0.0	0.0352243	0.0	2.09153e-05	0.00458966	0.180857	0.0155146	0.0481944	0.0	-0.000872845	0.0	-0.00169117	0.00127094	2.03264	0.0	0.96787	0.0405666	0.544509	0.0380308	0.999999	2.68175	0.192556	0.0433892	0.0445378	0.0049364	0.172879	0.0154207	0.0486018	23.1335	-2174.69	4.0	2.07637e-06	-6778.63	3.0	2.21188e-05	1.0	528.862	27.7809	213.521	20.2397	0.287615	0.0248056	1044.39	17.8913	
0.0-2.4	10.0-30.0	10.0-60.0	0.785-1.178	0.008	0.12	901.0	900.0	699.546	28.2612	200.427	17.3077	-0.56938	0.286163	-0.05	0.0	0.417524	0.0	3.09305	0.0	0.0217899	0.0	0.042306	0.0	0.03	0.0	1.492	0.0	5.0	0.0	1.733	0.0	0.0352243	0.0	2.63629e-05	0.00458715	0.182983	0.017196	0.0481944	0.0	-0.000872845	0.0	-0.00168217	0.00136056	2.03264	0.0	0.98999	0.0426174	0.719069	0.1033	0.999993	0.199012	0.374824	0.124131	0.0660874	0.0248568	0.247223	0.0380871	0.0233915	3.11631	-2020.35	4.0	2.41786e-05	-6186.96	3.0	1.75359e-05	1.0	498.398	27.2077	201.148	20.0219	0.28754	0.0261579	1063.94	18.872	
0.0-2.4	10.0-30.0	10.0-60.0	1.178-1.571	0.008	0.088	930.0	925.0	705.481	28.5124	219.526	18.0835	-0.991396	0.277521	-0.05	0.0	0.417524	0.0	3.09305	0.0	0.0217899	0.0	0.042306	0.0	0.03	0.0	1.492	0.0	5.0	0.0	1.733	0.0	0.0352243	0.0	1.75512e-05	0.000225058	0.182543	0.0150153	0.0481944	0.0	-0.000872845	0.0	-0.000698799	0.00148981	2.03264	0.0	0.991831	0.0447672	0.681324	0.210556	0.928954	0.823822	0.0393708	0.115509	0.0353803	0.0117839	0.134995	0.0245439	0.0428816	0.0452544	-1999.06	4.0	2.51985e-05	-6341.23	3.0	3.66652e-07	1.0	473.685	27.4247	231.795	21.7572	0.328564	0.027835	1065.57	19.8305	
0.0-2.4	13.0-30.0	10.0-60.0	0.000-0.393	0.008	0.073	374.0	373.0	296.141	18.3281	76.8363	10.7992	-0.459838	0.457729	-0.05	0.0	0.51724	0.0	3.09382	0.0	0.0230791	0.0	0.045698	0.0	0.03	0.0	1.492	0.0	5.0	0.0	1.733	0.0	0.0358282	0.0	2.52741e-05	0.00458765	0.203376	0.026264	0.0347602	0.0	-0.00537756	0.0	-0.000373103	0.00178446	1.80759	0.0	0.966438	0.0582954	0.909688	0.0604659	0.999964	1.23671	0.583514	0.0721969	0.072967	0.0442128	0.201904	0.0338876	0.0201336	5.38028	-905.95	4.0	5.6523e-05	-2261.85	3.0	6.76542e-06	1.0	202.09	16.9788	94.0504	12.8735	0.317587	0.0387737	1007.53	26.9871	
0.0-2.4	13.0-30.0	10.0-60.0	0.000-1.571	0.008	0.088	1441.0	1438.0	1121.07	36.575	316.868	23.0971	-0.431866	0.226503	-0.05	0.0	0.51724	0.0	3.09382	0.0	0.0230791	0.0	0.045698	0.00274019	0.03	0.0	1.492	0.0	5.0	0.0	1.733	0.0	0.0358282	0.000843637	2.15179e-05	0.00010364	0.176655	0.0117463	0.0347602	0.0	-0.00537756	0.0	-0.0013435	0.000962466	1.80759	0.0	0.975282	0.0340531	0.719246	0.00195332	1.0	1.71627	0.346468	0.00199501	0.0396608	0.000311002	0.197455	0.000807546	0.0271948	6.86949	-3363.18	4.0	1.22937e-05	-10598.5	4.0	8.36383e-05	1.0	752.627	33.945	368.439	26.3406	0.328651	0.0209068	1015.72	15.7804	
0.0-2.4	13.0-30.0	10.0-60.0	0.393-0.785	0.008	0.088	371.0	370.0	277.313	17.886	92.649	11.6284	-0.41274	0.414344	-0.05	0.0	0.51724	0.0	3.09382	0.0	0.0230791	0.0	0.045698	0.0	0.03	0.0	1.492	0.0	5.0	0.0	1.733	0.0	0.0358282	0.0	1.24451e-05	0.0100103	0.148816	0.0207713	0.0347602	0.0	-0.00537756	0.0	-0.00151549	0.00180523	1.80759	0.0	0.965771	0.0658765	0.512366	0.0353169	1.0	1.35902	0.262238	0.0375476	0.0415459	0.00432525	0.198419	0.0179543	0.0540261	12.111	-857.335	4.0	3.93389e-05	-2198.12	3.0	2.82242e-05	1.0	192.755	16.9501	84.558	12.7472	0.304919	0.0415472	1006.91	30.4943	
0.0-2.4	13.0-30.0	10.0-60.0	0.785-1.178	0.008	0.073	337.0	337.0	261.896	17.1934	75.0814	10.4313	-0.337981	0.460017	-0.05	0.0	0.51724	0.0	3.09382	0.0	0.0230791	0.0	0.045698	0.0	0.03	0.0	1.492	0.0	5.0	0.0	1.733	0.0	0.0358282	0.0	1.51659e-05	0.00901638	0.177602	0.025059	0.0347602	0.0	-0.00537756	0.0	-0.00126583	0.00192409	1.80759	0.0	0.980706	0.0741921	0.959047	0.87573	0.53959	0.305668	0.169219	0.127039	0.0503531	0.103956	0.290772	0.0820688	0.04797	0.0218019	-801.208	4.0	3.43172e-07	-2004.46	3.0	4.43711e-06	1.0	185.081	16.2926	76.8145	11.9684	0.293302	0.0414446	1020.75	34.4019	
0.0-2.4	13.0-30.0	10.0-60.0	1.178-1.571	0.008	0.088	359.0	358.0	286.038	18.0525	71.9554	10.5743	-0.539633	0.474768	-0.05	0.0	0.51724	0.0	3.09382	0.0	0.0230791	0.0	0.045698	0.0	0.03	0.0	1.492	0.0	5.0	0.0	1.733	0.0	0.0358282	0.0	1.03545e-05	0.00459451	0.175878	0.020136	0.0347602	0.0	-0.00537756	0.0	-0.00367407	0.00213695	1.80759	0.0	0.946084	0.0708578	0.805703	0.0201943	1.0	11.8333	0.169341	0.0232539	0.00705799	0.00193931	0.1433	0.00488726	0.0204079	36.9603	-807.467	4.0	1.51504e-07	-2142.75	3.0	7.33175e-07	1.0	168.728	16.8494	117.31	15.0107	0.410121	0.0456506	988.705	32.7232	
0.0-2.4	6.5-10.0	10.0-60.0	0.000-0.393	0.016	0.176	2653.0	2651.0	1424.27	42.9218	1226.71	40.5548	-0.112536	0.111868	-0.05	0.0	0.403256	0.0	3.09232	0.0	0.0500258	0.0	0.0254585	0.0	0.03	0.0	1.492	0.0	5.0	0.0	1.733	0.0	0.0373624	0.0	8.61526e-05	0.000304753	0.190647	0.0142131	0.200133	0.0	0.00669256	0.0	-0.00279442	0.00119797	1.75082	0.0	0.873819	0.0250119	0.553838	0.177718	0.891538	0.251274	0.492471	0.152011	0.048961	0.027846	0.135187	0.0202817	0.117754	0.10284	-4313.02	4.0	2.43154e-07	-19804.5	3.0	5.47906e-06	1.0	1095.97	42.9956	328.3	29.2514	0.230505	0.0193275	1106.45	7.89994	
0.0-2.4	6.5-10.0	10.0-60.0	0.000-1.571	0.016	0.2	9130.0	9127.0	5245.47	82.4279	3880.88	73.6871	-0.197747	0.0631283	-0.05	0.0	0.403256	0.0	3.09232	0.0	0.0500258	0.0	0.0254585	0.000680304	0.03	0.0	1.492	0.0	5.0	0.0	1.733	0.0	0.0373624	0.000138311	8.78763e-05	0.000176644	0.188891	0.00734102	0.200133	0.0	0.00669256	0.0	-0.00217307	0.000653575	1.75082	0.0	0.878356	0.0142844	0.504691	0.0624139	0.95261	0.0252493	0.486689	0.0598318	0.0612766	0.00896545	0.154255	0.0110766	0.354988	0.104928	-15020.7	4.0	5.96629e-05	-80010.8	4.0	5.15561e-05	1.0	3973.65	82.6751	1271.83	57.7543	0.242462	0.0103301	1109.32	4.52341	
0.0-2.4	6.5-10.0	10.0-60.0	0.393-0.785	0.016	0.168	2405.0	2398.0	1369.31	41.7065	1028.64	37.3996	-0.226776	0.122579	-0.05	0.0	0.403256	0.0	3.09232	0.0	0.0500258	0.0	0.0254585	0.0	0.03	0.0	1.492	0.0	5.0	0.0	1.733	0.0	0.0373624	0.0	4.3064e-05	0.000432894	0.177949	0.0140893	0.200133	0.0	0.00669256	0.0	0.000741703	0.00137483	1.75082	0.0	0.921337	0.031882	0.362603	0.128422	0.93049	0.0479095	0.362494	0.188176	0.0490978	0.0123145	0.167835	0.0259251	0.32699	0.128972	-3889.85	4.0	1.4181e-07	-17802.9	3.0	1.63959e-05	1.0	1039.63	42.7491	329.68	30.4243	0.240764	0.0209737	1136.86	10.3334	
0.0-2.4	6.5-10.0	10.0-60.0	0.785-1.178	0.016	0.2	2094.0	2093.0	1249.4	39.5581	843.578	34.0455	-0.229802	0.135614	-0.05	0.0	0.403256	0.0	3.09232	0.0	0.0500258	0.0	0.0254585	0.0	0.03	0.0	1.492	0.0	5.0	0.0	1.733	0.0	0.0373624	0.0	1.07615e-05	0.00459432	0.204157	0.015522	0.200133	0.0	0.00669256	0.0	-0.00319125	0.00129967	1.75082	0.0	0.901022	0.0283623	0.686942	0.311588	0.917742	0.529888	0.678434	0.0732632	0.113477	0.0352662	0.165157	0.0500081	0.113407	0.148742	-3566.21	4.0	9.97862e-06	-15346.4	3.0	3.11941e-06	1.0	941.327	39.1498	308.072	27.1951	0.246576	0.0203183	1123.76	9.09471	
0.0-2.4	6.5-10.0	10.0-60.0	1.178-1.571	0.016	0.176	1978.0	1976.0	1207.2	38.8024	768.795	32.6686	-0.265652	0.142148	-0.05	0.0	0.403256	0.0	3.09232	0.0	0.0500258	0.0	0.0254585	0.0	0.03	0.0	1.492	0.0	5.0	0.0	1.733	0.0	0.0373624	0.0	0.000135442	0.000489366	0.186528	0.0146998	0.200133	0.0	0.00669256	0.0	-0.00277296	0.00138408	1.75082	0.0	0.83068	0.0313782	0.452809	0.0515915	0.965601	0.0303139	0.39249	0.0742552	0.066299	0.0105753	0.184492	0.0258258	0.517569	0.313603	-3272.77	4.0	6.77513e-07	-14411.5	3.0	1.15982e-06	1.0	898.355	39.3043	308.844	28.4533	0.255835	0.0220886	1079.54	9.65629	
0.0-2.4	6.5-30.0	0.0-10.0	0.000-0.393	0.008	0.2	1895.0	1894.0	936.088	35.2171	958.046	35.5271	0.0231151	0.126122	-0.05	0.0	0.412505	0.0	3.09296	0.0	0.0470961	0.0	0.0239372	0.0	0.03	0.0	1.492	0.0	5.0	0.0	1.733	0.0	0.0353777	0.0	1.25807e-05	0.000103636	0.18457	0.0141733	0.163722	0.0	0.00395442	0.0	0.0010024	0.00144152	1.77	0.0	0.947921	0.0352348	0.466518	0.158274	0.765247	0.139333	0.387878	0.302396	0.0446615	0.0354268	0.0682671	0.0564628	0.21731	0.082042	-2802.97	4.0	8.96105e-06	-13413.6	3.0	8.78634e-05	1.0	644.247	33.8111	291.842	26.0054	0.311767	0.0251834	1124.44	12.4202	
0.0-2.4	6.5-30.0	0.0-10.0	0.000-1.571	0.008	0.224	7245.0	7245.0	3582.39	69.8882	3662.48	70.4584	-0.112027	0.0645742	-0.05	0.0	0.412505	0.0	3.09296	0.0	0.0470961	0.0	0.0239372	0.000846708	0.03	0.0	1.492	0.0	5.0	0.0	1.733	0.0	0.0353777	0.000168287	3.63753e-05	6.78306e-05	0.17897	0.00765741	0.163722	0.0	0.00395442	0.0	-0.00171283	0.000737373	1.77	0.0	0.980856	0.0183259	0.80975	0.252652	0.38093	0.26501	0.511773	0.062917	0.164782	0.0941236	0.203246	0.0358308	0.0824955	0.0318927	-10759.4	4.0	1.13334e-06	-61039.7	4.0	3.59262e-06	1.0	2538.11	68.6509	1044.28	51.7319	0.291503	0.0132737	1147.82	6.54813	
0.0-2.4	6.5-30.0	0.0-10.0	0.393-0.785	0.016	0.16	1900.0	1891.0	879.483	34.4827	1011.63	36.348	-0.362356	0.123184	-0.05	0.0	0.412505	0.0	3.09296	0.0	0.0470961	0.0	0.0239372	0.0	0.03	0.0	1.492	0.0	5.0	0.0	1.733	0.0	0.0353777	0.0	1.46618e-05	0.00459253	0.199694	0.0168437	0.163722	0.0	0.00395442	0.0	-0.00320284	0.00143988	1.77	0.0	0.969565	0.0367374	0.807472	0.879223	0.725827	0.595397	0.524119	0.0549468	0.129612	0.131469	0.14787	0.0357157	0.139609	0.121593	-2614.06	4.0	1.4637e-06	-13299.7	3.0	8.28289e-06	1.0	612.219	33.7437	267.264	25.928	0.303887	0.026966	1139.77	13.0674	
0.0-2.4	6.5-30.0	0.0-10.0	0.785-1.178	0.016	0.16	1782.0	1777.0	899.602	34.2823	877.581	33.9598	0.069512	0.131771	-0.05	0.0	0.412505	0.0	3.09296	0.0	0.0470961	0.0	0.0239372	0.0	0.03	0.0	1.492	0.0	5.0	0.0	1.733	0.0	0.0353777	0.0	1.3517e-05	0.00459306	0.180073	0.0157693	0.163722	0.0	0.00395442	0.0	-0.00215349	0.00152318	1.77	0.0	1.01008	0.0385736	0.559315	0.0882491	0.999786	0.984982	0.516908	0.0807894	0.0819591	0.0151316	0.15638	0.018865	0.0916526	4.8663	-2676.96	4.0	1.49974e-05	-12516.0	3.0	2.03809e-05	1.0	650.856	34.2618	248.746	25.4664	0.276507	0.0262743	1168.83	13.9386	
0.0-2.4	6.5-30.0	0.0-10.0	1.178-1.571	0.016	0.192	1668.0	1659.0	853.733	33.3334	805.505	32.6029	-0.16196	0.137802	-0.05	0.0	0.412505	0.0	3.09296	0.0	0.0470961	0.0	0.0239372	0.0	0.03	0.0	1.492	0.0	5.0	0.0	1.733	0.0	0.0353777	0.0	4.33712e-05	0.000227347	0.158306	0.0151206	0.163722	0.0	0.00395442	0.0	-0.00107262	0.00156085	1.77	0.0	1.02791	0.0381361	0.999857	7.05788	0.243914	2.53984	0.605259	0.13227	0.109053	8.09592	0.25767	0.316773	0.106822	0.0847901	-2647.61	4.0	2.15347e-07	-11588.9	3.0	4.07729e-05	1.0	626.958	34.0931	226.775	25.3281	0.265627	0.0277956	1181.75	13.8703	
0.0-2.4	6.5-30.0	10.0-20.0	0.000-0.393	0.016	0.145	1449.0	1440.0	780.162	31.6037	659.832	29.6394	0.147957	0.152227	-0.05	0.0	0.412505	0.0	3.09296	0.0	0.0470961	0.0	0.0249411	0.0	0.03	0.0	1.492	0.0	5.0	0.0	1.733	0.0	0.0357828	0.0	1.22081e-05	0.000115648	0.204741	0.0170218	0.163722	0.0	0.00395442	0.0	-0.00447318	0.00149726	1.77	0.0	0.914647	0.0336163	0.467303	0.70172	0.761241	0.367994	0.364088	0.594186	0.00907494	0.016412	0.134793	0.0302159	0.119482	0.0464728	-2319.31	4.0	2.00502e-06	-9911.11	3.0	1.57891e-06	1.0	541.131	30.3236	239.032	23.0816	0.306387	0.0268563	1101.15	11.6755	
0.0-2.4	6.5-30.0	10.0-20.0	0.000-1.571	0.008	0.2	5132.0	5130.0	2842.99	60.9862	2286.74	56.2412	-0.20008	0.0820261	-0.05	0.0	0.412505	0.0	3.09296	0.0	0.0470961	0.0	0.0249411	0.000964502	0.03	0.0	1.492	0.0	5.0	0.0	1.733	0.0	0.0357828	0.000197478	1.61624e-05	0.00459184	0.194087	0.00919113	0.163722	0.0	0.00395442	0.0	-0.0027152	0.000836397	1.77	0.0	0.938016	0.0206515	0.593068	0.0788036	0.91606	0.0453271	0.443379	0.0680989	0.0590894	0.0133081	0.128705	0.0118784	0.300456	0.0856881	-8206.61	4.0	6.80544e-05	-41903.6	4.0	1.49777e-05	1.0	2037.5	59.7412	805.484	44.2407	0.283323	0.0143254	1117.47	7.24848	
0.0-2.4	6.5-30.0	10.0-20.0	0.393-0.785	0.008	0.168	1311.0	1307.0	707.118	30.1665	599.828	28.3327	-0.199879	0.159944	-0.05	0.0	0.412505	0.0	3.09296	0.0	0.0470961	0.0	0.0249411	0.0	0.03	0.0	1.492	0.0	5.0	0.0	1.733	0.0	0.0357828	0.0	1.71805e-05	0.00459137	0.185942	0.0195887	0.163722	0.0	0.00395442	0.0	-0.00367169	0.00172324	1.77	0.0	0.952131	0.0440156	0.901273	0.0549832	0.396659	0.101274	0.2387	0.144624	0.428419	0.220371	0.145693	0.0220541	0.0640739	0.0182604	-2070.32	4.0	5.81603e-05	-8860.14	3.0	4.8668e-06	1.0	540.115	30.8347	167.003	21.6935	0.236174	0.0289771	1127.41	15.5432	
0.0-2.4	6.5-30.0	10.0-20.0	0.785-1.178	0.016	0.2	1233.0	1231.0	690.224	29.6281	540.707	26.9871	-0.315596	0.168875	-0.05	0.0	0.412505	0.0	3.09296	0.0	0.0470961	0.0	0.0249411	0.0	0.03	0.0	1.492	0.0	5.0	0.0	1.733	0.0	0.0357828	0.0	1.33932e-05	0.00459311	0.208862	0.021213	0.163722	0.0	0.00395442	0.0	-0.0021753	0.00162697	1.77	0.0	1.01181	0.0428377	1.0	0.872186	0.390375	0.0143419	0.716878	0.00544546	0.163059	2.17494	0.270642	0.0069519	0.127249	0.00345745	-1993.62	4.0	1.91656e-05	-8308.85	3.0	9.15204e-06	1.0	509.011	28.6979	181.212	20.1662	0.262541	0.026956	1170.07	15.4893	
0.0-2.4	6.5-30.0	10.0-20.0	1.178-1.571	0.008	0.176	1139.0	1138.0	663.013	28.8115	474.934	25.3385	-0.593046	0.182003	-0.05	0.0	0.412505	0.0	3.09296	0.0	0.0470961	0.0	0.0249411	0.0	0.03	0.0	1.492	0.0	5.0	0.0	1.733	0.0	0.0357828	0.0	3.50255e-05	0.000240621	0.176433	0.016118	0.163722	0.0	0.00395442	0.0	-0.00186792	0.00197079	1.77	0.0	0.935455	0.0508272	0.500719	0.073778	0.9528	0.0478515	0.329325	0.132138	0.0553749	0.0138723	0.135151	0.0225781	0.400133	0.251985	-1820.11	4.0	8.0934e-05	-7633.39	3.0	4.1568e-06	1.0	441.058	29.0171	221.955	23.8258	0.334767	0.0328594	1115.68	17.8197	
0.0-2.4	6.5-30.0	10.0-30.0	0.000-0.393	0.016	0.16	2466.0	2456.0	1373.12	41.704	1082.87	38.0653	0.043628	0.118954	-0.05	0.0	0.412505	0.0	3.09296	0.0	0.0470961	0.0	0.0241643	0.0	0.03	0.0	1.492	0.0	5.0	0.0	1.733	0.0	0.0354683	0.0	1.21988e-05	0.000115729	0.210475	0.0143702	0.163722	0.0	0.00395442	0.0	-0.000997067	0.00112883	1.77	0.0	0.891314	0.026776	0.359545	0.727339	0.585763	0.382959	0.175028	0.66005	0.014013	0.0161503	0.150807	0.0312953	0.0784764	0.018759	-4120.76	4.0	1.95784e-05	-18291.2	3.0	1.70611e-06	1.0	1015.9	40.3292	357.224	28.1452	0.260154	0.0189131	1085.03	9.19716	
0.0-2.4	6.5-30.0	10.0-30.0	0.000-1.571	0.008	0.2	8730.0	8728.0	5072.21	80.4553	3655.04	71.1045	-0.19327	0.0649639	-0.05	0.0	0.412505	0.0	3.09296	0.0	0.0470961	0.0	0.0241643	0.000685118	0.03	0.0	1.492	0.0	5.0	0.0	1.733	0.0	0.0354683	0.000137111	1.61624e-05	0.00459184	0.196109	0.0069994	0.163722	0.0	0.00395442	0.0	-0.00113306	0.000598108	1.77	0.0	0.896636	0.0151384	0.49296	0.0592667	0.948318	0.024791	0.355151	0.068225	0.0517289	0.00683432	0.134125	0.00863422	0.302087	0.0790318	-14748.1	4.0	4.0048e-05	-76388.7	4.0	7.88507e-05	1.0	3699.66	78.3731	1372.55	56.3251	0.270602	0.0102416	1088.69	5.21329	
0.0-2.4	6.5-30.0	10.0-30.0	0.393-0.785	0.008	0.168	2265.0	2258.0	1281.32	40.1391	976.671	36.1453	-0.182559	0.125486	-0.05	0.0	0.412505	0.0	3.09296	0.0	0.0470961	0.0	0.0241643	0.0	0.03	0.0	1.492	0.0	5.0	0.0	1.733	0.0	0.0354683	0.0	1.71805e-05	0.00459137	0.181314	0.0130557	0.163722	0.0	0.00395442	0.0	9.19295e-05	0.00121045	1.77	0.0	0.908672	0.0318884	0.454538	0.10858	0.948594	0.0406333	0.278431	0.139989	0.0481327	0.00940776	0.134999	0.014605	0.305258	0.138175	-3764.95	4.0	1.41874e-06	-16663.3	3.0	2.7957e-06	1.0	941.147	39.8957	340.175	28.9136	0.265487	0.020977	1097.01	11.0446	
0.0-2.4	6.5-30.0	10.0-30.0	0.785-1.178	0.016	0.2	2035.0	2028.0	1212.99	38.707	814.975	33.1708	-0.359959	0.13804	-0.05	0.0	0.412505	0.0	3.09296	0.0	0.0470961	0.0	0.0241643	0.0	0.03	0.0	1.492	0.0	5.0	0.0	1.733	0.0	0.0354683	0.0	1.33932e-05	0.00459311	0.211656	0.015626	0.163722	0.0	0.00395442	0.0	-0.00285334	0.00115931	1.77	0.0	0.923586	0.0296676	0.999758	0.849927	0.363042	0.0555249	0.606615	0.0146206	0.134103	1.40964	0.220754	0.0123903	0.102203	0.0051014	-3527.03	4.0	4.75961e-05	-14853.1	3.0	9.26261e-06	1.0	892.927	37.3381	320.062	26.2021	0.263862	0.0198927	1107.37	10.3463	
0.0-2.4	6.5-30.0	10.0-30.0	1.178-1.571	0.008	0.176	1964.0	1963.0	1194.27	38.388	768.704	32.3743	-0.375641	0.142301	-0.05	0.0	0.412505	0.0	3.09296	0.0	0.0470961	0.0	0.0241643	0.0	0.03	0.0	1.492	0.0	5.0	0.0	1.733	0.0	0.0354683	0.0	3.50255e-05	0.000240621	0.182024	0.0129656	0.163722	0.0	0.00395442	0.0	-0.00166091	0.00133459	1.77	0.0	0.892215	0.0348448	0.477848	0.0488923	0.973079	0.0259972	0.287902	0.0889378	0.0533959	0.0084875	0.146424	0.0182612	0.426988	0.257558	-3316.36	4.0	1.61892e-06	-14333.2	3.0	4.80441e-06	1.0	835.191	38.2266	359.074	29.5598	0.300665	0.0227866	1085.65	11.9739	
0.0-2.4	6.5-30.0	10.0-60.0	0.000-0.393	0.016	0.176	3651.0	3637.0	2165.12	51.7361	1471.78	44.5349	-0.0957683	0.102327	-0.05	0.0	0.412505	0.0	3.09296	0.0	0.0470961	0.0	0.0246321	0.0	0.03	0.0	1.492	0.0	5.0	0.0	1.733	0.0	0.0356568	0.0	1.2176e-05	0.000116603	0.192702	0.0105405	0.163722	0.0	0.00395442	0.0	-0.00301963	0.000878853	1.77	0.0	0.861064	0.0210512	0.709088	0.0797148	0.517558	0.199082	0.209916	0.242252	0.0832141	0.0185706	0.147257	0.0140198	0.0200002	0.0405792	-6473.34	4.0	6.97615e-05	-28746.0	3.0	4.85554e-06	1.0	1591.79	50.6469	573.328	36.1391	0.264802	0.0154457	1064.41	7.12072	
0.0-2.4	6.5-30.0	10.0-60.0	0.000-1.571	0.008	0.2	12939.0	12936.0	8103.62	100.247	4831.56	82.3253	-0.276136	0.0567557	-0.05	0.0	0.412505	0.0	3.09296	0.0	0.0470961	0.0	0.0246321	0.000532781	0.03	0.0	1.492	0.0	5.0	0.0	1.733	0.0	0.0356568	0.000108114	1.61624e-05	0.00459184	0.18834	0.00541839	0.163722	0.0	0.00395442	0.0	-0.00178175	0.000470094	1.77	0.0	0.890481	0.0117753	0.552571	0.0526293	0.965121	0.0164527	0.405767	0.0528563	0.0573581	0.00715534	0.152453	0.00808673	0.389201	0.107413	-23263.0	4.0	2.0625e-07	-119323.0	4.0	0.000113941	1.0	5956.12	98.4122	2147.5	70.44	0.265005	0.00805052	1084.46	4.043	
0.0-2.4	6.5-30.0	10.0-60.0	0.393-0.785	0.008	0.168	3385.0	3378.0	2096.89	50.5939	1281.07	41.7622	-0.327058	0.110237	-0.05	0.0	0.412505	0.0	3.09296	0.0	0.0470961	0.0	0.0246321	0.0	0.03	0.0	1.492	0.0	5.0	0.0	1.733	0.0	0.0356568	0.0	1.71805e-05	0.00459137	0.178852	0.0104699	0.163722	0.0	0.00395442	0.0	-0.000977973	0.000949665	1.77	0.0	0.915723	0.0250676	0.47826	0.0989431	0.952812	0.033105	0.327616	0.122305	0.0508238	0.00956683	0.158408	0.0157317	0.332559	0.13711	-6022.29	4.0	1.18231e-06	-26598.4	3.0	1.15677e-05	1.0	1557.53	50.554	539.365	36.2326	0.257221	0.0161261	1101.9	8.71076	
0.0-2.4	6.5-30.0	10.0-60.0	0.785-1.178	0.008	0.2	2995.0	2994.0	1933.68	48.3333	1060.33	38.2484	-0.316194	0.121412	-0.05	0.0	0.412505	0.0	3.09296	0.0	0.0470961	0.0	0.0246321	0.0	0.03	0.0	1.492	0.0	5.0	0.0	1.733	0.0	0.0356568	0.0	1.00201e-05	0.00459466	0.193346	0.0116192	0.163722	0.0	0.00395442	0.0	-0.00267158	0.000943458	1.77	0.0	0.890448	0.0235873	0.733136	0.141064	0.613339	0.24579	0.429402	0.213301	0.111565	0.0385138	0.201983	0.0276838	0.041532	0.0413849	-5546.54	4.0	5.45769e-07	-23339.8	3.0	1.74692e-05	1.0	1427.79	47.4686	505.892	33.7566	0.261621	0.0161861	1084.44	8.09845	
0.0-2.4	6.5-30.0	10.0-60.0	1.178-1.571	0.008	0.176	2908.0	2906.0	1901.16	47.9172	1004.77	37.4125	-0.442357	0.125084	-0.05	0.0	0.412505	0.0	3.09296	0.0	0.0470961	0.0	0.0246321	0.0	0.03	0.0	1.492	0.0	5.0	0.0	1.733	0.0	0.0356568	0.0	3.50255e-05	0.000240621	0.187497	0.0107092	0.163722	0.0	0.00395442	0.0	-0.00145107	0.00102812	1.77	0.0	0.878712	0.0262475	0.507687	0.0784129	0.976738	0.0193771	0.264944	0.0976528	0.0555341	0.00902373	0.154903	0.0160073	0.52603	0.298922	-5212.27	4.0	3.32123e-06	-22589.9	3.0	1.54608e-05	1.0	1363.65	47.3821	537.51	35.3174	0.282727	0.0171557	1076.4	8.95943	
0.0-2.4	6.5-30.0	20.0-30.0	0.000-0.393	0.016	0.145	1017.0	1012.0	593.939	27.2018	418.058	23.75	-0.118177	0.191644	-0.05	0.0	0.412505	0.0	3.09296	0.0	0.0470961	0.0	0.0232211	0.0	0.03	0.0	1.492	0.0	5.0	0.0	1.733	0.0	0.0350962	0.0	1.22081e-05	0.000115648	0.222317	0.0259734	0.163722	0.0	0.00395442	0.0	0.00107677	0.00166381	1.77	0.0	0.89998	0.0411096	0.5617	0.189806	0.862962	0.880217	0.394475	0.101186	0.0695483	0.0234071	0.120363	0.0436068	0.0628113	0.0918601	-1812.46	4.0	3.68643e-05	-6691.26	3.0	1.37964e-06	1.0	472.979	26.5589	120.96	16.3347	0.203657	0.0258724	1091.0	14.1799	
0.0-2.4	6.5-30.0	20.0-30.0	0.000-1.571	0.008	0.2	3598.0	3598.0	2228.53	52.491	1369.28	43.5459	-0.1827	0.106316	-0.05	0.0	0.412505	0.0	3.09296	0.0	0.0470961	0.0	0.0232211	0.000961731	0.03	0.0	1.492	0.0	5.0	0.0	1.733	0.0	0.0350962	0.000186918	1.61624e-05	0.00459184	0.199441	0.0108273	0.163722	0.0	0.00395442	0.0	0.000592849	0.000848974	1.77	0.0	0.846787	0.0219666	0.413714	0.0311317	0.991432	0.0161141	0.249383	0.0547772	0.0507264	0.00557706	0.141129	0.0118949	0.39431	0.413905	-6557.42	4.0	1.55021e-07	-28584.2	4.0	2.02703e-05	1.0	1660.76	50.7985	567.77	35.0591	0.254774	0.0145424	1054.79	7.37382	
0.0-2.4	6.5-30.0	20.0-30.0	0.393-0.785	0.016	0.16	954.0	947.0	569.561	26.3758	377.362	22.4378	-0.152285	0.201825	-0.05	0.0	0.412505	0.0	3.09296	0.0	0.0470961	0.0	0.0232211	0.0	0.03	0.0	1.492	0.0	5.0	0.0	1.733	0.0	0.0350962	0.0	1.46618e-05	0.00459253	0.17913	0.0175507	0.163722	0.0	0.00395442	0.0	0.00118329	0.00168339	1.77	0.0	0.8495	0.0449174	0.401269	0.0260958	0.999999	6.86475	0.351504	0.0448937	0.043402	0.00342226	0.163268	0.0108323	0.0244369	32.5618	-1687.52	4.0	5.58135e-07	-6237.68	3.0	4.80999e-05	1.0	397.232	25.5206	172.329	19.4061	0.302564	0.0310577	1056.61	15.1002	
0.0-2.4	6.5-30.0	20.0-30.0	0.785-1.178	0.016	0.128	802.0	794.0	520.842	24.8402	273.089	19.2158	-0.443086	0.23952	-0.05	0.0	0.412505	0.0	3.09296	0.0	0.0470961	0.0	0.0232211	0.0	0.03	0.0	1.492	0.0	5.0	0.0	1.733	0.0	0.0350962	0.0	1.21148e-05	0.0045937	0.219213	0.0231925	0.163722	0.0	0.00395442	0.0	-0.00117431	0.00161858	1.77	0.0	0.806989	0.0418624	0.44007	0.136175	0.877907	0.203633	0.228867	0.175755	0.0435714	0.0176836	0.13401	0.029367	0.127776	0.0907227	-1539.48	4.0	1.11546e-05	-5172.09	3.0	3.83631e-05	1.0	384.996	23.5707	135.846	16.1374	0.26082	0.0283766	1028.37	13.7361	
0.0-2.4	6.5-30.0	20.0-30.0	1.178-1.571	0.008	0.16	825.0	824.0	532.315	25.3796	291.644	20.0866	-0.0438404	0.230014	-0.05	0.0	0.412505	0.0	3.09296	0.0	0.0470961	0.0	0.0232211	0.0	0.03	0.0	1.492	0.0	5.0	0.0	1.733	0.0	0.0350962	0.0	4.61674e-05	0.00022466	0.188321	0.0215539	0.163722	0.0	0.00395442	0.0	-0.00194616	0.00179591	1.77	0.0	0.849062	0.0466531	0.484364	0.0910535	0.721724	0.271246	0.199479	0.135235	0.0536971	0.014546	0.192134	0.0461481	0.0450834	0.0348172	-1496.28	4.0	1.78352e-07	-5363.08	3.0	1.07657e-05	1.0	393.018	25.0529	139.297	17.9062	0.261681	0.0312391	1056.32	15.68	
0.0-2.4	6.5-30.0	30.0-60.0	0.000-0.393	0.016	0.16	1185.0	1179.0	790.226	30.5428	388.777	23.0525	-0.481854	0.201371	-0.05	0.0	0.412505	0.0	3.09296	0.0	0.0470961	0.0	0.0253375	0.0	0.03	0.0	1.492	0.0	5.0	0.0	1.733	0.0	0.0359461	0.0	1.21988e-05	0.000115729	0.167971	0.0150496	0.163722	0.0	0.00395442	0.0	-0.00238615	0.00135428	1.77	0.0	0.827047	0.0328924	0.567032	0.151434	0.99992	0.748532	0.491418	0.155549	0.035907	0.0167665	0.186553	0.0298894	0.0200113	3.27626	-2368.21	4.0	2.49461e-06	-8163.47	3.0	6.95137e-08	1.0	581.711	29.8886	208.515	21.2784	0.263867	0.0249208	1041.61	10.9205	
0.0-2.4	6.5-30.0	30.0-60.0	0.000-1.571	0.008	0.184	4209.0	4208.0	3032.33	59.7378	1176.04	41.3788	-0.54335	0.116784	-0.05	0.0	0.412505	0.0	3.09296	0.0	0.0470961	0.0	0.0253375	0.000857872	0.03	0.0	1.492	0.0	5.0	0.0	1.733	0.0	0.035946	0.000177627	3.80561e-05	6.9663e-05	0.17404	0.00837335	0.163722	0.0	0.00395442	0.0	-0.00274091	0.000758352	1.77	0.0	0.846601	0.0188358	0.723501	0.0830624	0.483438	0.0597264	4.98644e-05	0.697609	0.0798972	0.0183265	0.214317	0.0179982	0.02	0.00729152	-8615.63	4.0	1.14299e-06	-34851.1	4.0	4.39204e-05	1.0	2248.48	59.4354	783.85	42.5313	0.258498	0.0130688	1054.66	6.32224	
0.0-2.4	6.5-30.0	30.0-60.0	0.393-0.785	0.016	0.112	1120.0	1108.0	805.158	30.5148	302.808	20.7075	-0.807011	0.232374	-0.05	0.0	0.412505	0.0	3.09296	0.0	0.0470961	0.0	0.0253375	0.0	0.03	0.0	1.492	0.0	5.0	0.0	1.733	0.0	0.0359461	0.0	1.01974e-05	8.32476e-05	0.165906	0.0175131	0.163722	0.0	0.00395442	0.0	-0.00342331	0.00153046	1.77	0.0	0.908201	0.0404122	0.717518	0.30676	0.618877	0.735278	0.378804	0.237577	0.0703217	0.0464309	0.26004	0.0617185	0.0608434	0.0521891	-2282.24	4.0	8.38344e-05	-7717.6	3.0	6.66508e-06	1.0	607.436	31.1079	197.722	22.2232	0.245569	0.0259847	1096.68	13.9937	
0.0-2.4	6.5-30.0	30.0-60.0	0.785-1.178	0.008	0.136	960.0	955.0	712.498	28.7042	242.497	18.8139	-0.188746	0.255753	-0.05	0.0	0.412505	0.0	3.09296	0.0	0.0470961	0.0	0.0253375	0.0	0.03	0.0	1.492	0.0	5.0	0.0	1.733	0.0	0.0359461	0.0	1.23058e-05	0.00459361	0.168805	0.0169721	0.163722	0.0	0.00395442	0.0	-0.00244987	0.00165146	1.77	0.0	0.879404	0.0391752	0.752323	0.0781061	0.980742	0.0279952	0.310937	0.114442	0.0806687	0.0331905	0.165977	0.0279255	1.05921	1.39104	-2017.06	4.0	4.05652e-06	-6537.94	3.0	2.94604e-07	1.0	533.159	29.1896	179.34	21.0446	0.251705	0.0277411	1076.88	13.3769	
0.0-2.4	6.5-30.0	30.0-60.0	1.178-1.571	0.008	0.145	944.0	942.0	707.752	28.6353	234.24	18.6146	-0.659136	0.26268	-0.05	0.0	0.412505	0.0	3.09296	0.0	0.0470961	0.0	0.0253375	0.0	0.03	0.0	1.492	0.0	5.0	0.0	1.733	0.0	0.0359461	0.0	1.49137e-05	0.00459242	0.196602	0.0188503	0.163722	0.0	0.00395442	0.0	-0.00113289	0.00160102	1.77	0.0	0.862273	0.0391895	0.526116	0.345252	0.625396	0.311445	0.0310444	0.817191	0.0162722	0.0254162	0.243601	0.0638651	0.0849278	0.0498614	-1918.87	4.0	3.14577e-06	-6436.16	3.0	8.30479e-07	1.0	527.101	28.0503	180.651	19.6324	0.255246	0.025745	1065.23	13.2646	
0.0-2.4	6.5-30.0	60.0-100.0	0.000-0.393	0.016	0.064	133.0	130.0	110.516	11.0795	19.4761	5.62953	0.560235	0.850476	-0.05	0.0	0.412505	0.0	3.09296	0.0	0.0470961	0.0	0.0230464	0.0	0.03	0.0	1.492	0.0	5.0	0.0	1.733	0.0	0.0350285	0.0	1.10141e-05	0.000360415	0.236272	0.0528834	0.163722	0.0	0.00395442	0.0	0.000979962	0.00419364	1.77	0.0	0.928665	0.115759	0.738046	0.166602	0.99998	3.96178	7.39129e-05	0.778617	0.0177411	0.0242706	0.12583	0.029563	0.0251575	12.3623	-301.797	4.0	8.29501e-07	-663.534	3.0	5.26847e-05	1.0	81.229	10.5608	29.287	7.33729	0.265002	0.0608438	1110.92	40.4623	
0.0-2.4	6.5-30.0	60.0-100.0	0.000-1.571	0.008	0.105	525.0	521.0	433.301	21.9496	87.6615	11.6696	-0.172599	0.428138	-0.05	0.0	0.412505	0.0	3.09296	0.0	0.0470961	0.0	0.0230464	0.00206487	0.03	0.0	1.492	0.0	5.0	0.0	1.733	0.0	0.0350285	0.000399069	3.69557e-05	0.0270354	0.213623	0.0275322	0.163722	0.0	0.00395442	0.0	-0.000584357	0.00176599	1.77	0.0	0.816841	0.0475768	0.986244	11.1235	0.997731	0.802568	0.344431	1.52062	0.00706276	5.02293e-08	0.180274	0.0485483	0.0200029	4.03267	-1268.11	4.0	1.05508e-06	-3378.64	4.0	4.09712e-06	1.0	336.246	21.507	97.055	14.0213	0.22399	0.0303047	1034.85	15.7028	
0.0-2.4	6.5-30.0	60.0-100.0	0.393-0.785	0.016	0.096	123.0	121.0	101.782	10.5407	19.2158	5.34244	-0.893691	0.910239	-0.05	0.0	0.412505	0.0	3.09296	0.0	0.0470961	0.0	0.0230464	0.0	0.03	0.0	1.492	0.0	5.0	0.0	1.733	0.0	0.0350285	0.0	1.00324e-05	0.000766952	0.252533	0.0705054	0.163722	0.0	0.00395442	0.0	0.0012162	0.00323169	1.77	0.0	0.777379	0.0937858	1.0	0.556452	1.0	1.94503	0.726961	0.0497918	0.00705623	7.69885e-07	0.273964	0.05451	0.0230175	8.37292	-310.025	4.0	2.86011e-06	-613.703	3.0	3.01307e-07	1.0	82.1166	10.2275	19.6652	6.03559	0.193209	0.0558215	1009.11	30.2101	
0.0-2.4	6.5-30.0	60.0-100.0	0.785-1.178	0.016	0.096	151.0	146.0	111.55	11.2414	34.4848	7.02123	-0.194325	0.665605	-0.05	0.0	0.412505	0.0	3.09296	0.0	0.0470961	0.0	0.0230464	0.0	0.03	0.0	1.492	0.0	5.0	0.0	1.733	0.0	0.0350285	0.0	1.00091e-05	9.39814e-05	0.22739	0.0765465	0.163722	0.0	0.00395442	0.0	-0.00255295	0.00342479	1.77	0.0	0.847624	0.078993	0.999606	1.73539	0.999996	4.11011	0.177225	0.551218	0.00707315	3.37557e-09	0.201337	0.0809239	0.0200005	12.2638	-348.04	4.0	5.10101e-06	-739.689	3.0	6.07641e-05	1.0	96.1914	11.2359	15.3591	5.88869	0.137688	0.0509333	1055.35	26.5287	
0.0-2.4	6.5-30.0	60.0-100.0	1.178-1.571	0.016	0.096	118.0	118.0	107.18	10.7244	10.819	4.31854	-1.11535	1.18451	-0.05	0.0	0.412505	0.0	3.09296	0.0	0.0470961	0.0	0.0230464	0.0	0.03	0.0	1.492	0.0	5.0	0.0	1.733	0.0	0.0350285	0.0	1.32297e-05	0.00459319	0.158369	0.0329508	0.163722	0.0	0.00395442	0.0	-0.000499448	0.00319355	1.77	0.0	0.682298	0.0816858	0.75187	0.307276	0.999884	1.00065	3.03172e-05	0.961451	0.00711103	0.175688	0.145278	0.0788987	0.0204019	4.20839	-313.329	4.0	4.01475e-05	-614.837	3.0	5.66858e-06	1.0	70.9222	10.4417	36.2581	8.4754	0.338291	0.0714651	949.862	24.5347	
0.0-2.4	6.5-8.0	10.0-60.0	0.000-0.393	0.024	0.16	1520.0	1518.0	712.057	31.8754	805.993	33.3176	-0.184821	0.138542	-0.05	0.0	0.603428	0.0	3.0905	0.0	0.028923	0.0	0.0665649	0.0	0.03	0.0	1.492	0.0	5.0	0.0	1.733	0.0	0.04756	0.0	0.000283612	0.00240657	0.208236	0.023918	0.242766	0.0	0.01	0.0	0.000260189	0.00178515	1.77071	0.0	0.866295	0.0344974	0.227707	0.14026	0.858597	0.145501	0.327267	0.294146	0.0217861	0.015139	0.151009	0.0438808	0.125312	0.0738808	-2200.52	4.0	1.15071e-05	-10287.0	3.0	1.61181e-05	1.0	569.68	31.7856	142.376	20.0151	0.199951	0.0266456	1153.02	9.81333	
0.0-2.4	6.5-8.0	10.0-60.0	0.000-1.571	0.016	0.2	5214.0	5211.0	2702.44	73.8464	2508.1	72.5052	-0.160478	0.0792186	-0.05	0.0	0.603428	0.0	3.0905	0.0	0.028923	0.0	0.0665649	0.0056739	0.03	0.0	1.492	0.0	5.0	0.0	1.733	0.0	0.04756	0.00157462	7.61746e-05	0.000329707	0.18952	0.0113816	0.242766	0.0	0.01	0.0	-0.00315896	0.000989653	1.77071	0.0	0.877538	0.0189045	0.464283	0.105676	0.874234	0.0846626	0.603099	0.0801837	0.0652141	0.0194225	0.145316	0.0194998	0.268131	0.0843957	-7744.26	4.0	8.22739e-05	-42094.0	4.0	8.1192e-05	1.0	2114.67	70.624	587.768	43.6644	0.217495	0.0150246	1159.44	5.4173	
0.0-2.4	6.5-8.0	10.0-60.0	0.393-0.785	0.024	0.168	1355.0	1347.0	695.22	30.9797	652.004	30.2768	-0.156533	0.154507	-0.05	0.0	0.603428	0.0	3.0905	0.0	0.028923	0.0	0.0665649	0.0	0.03	0.0	1.492	0.0	5.0	0.0	1.733	0.0	0.04756	0.0	5.75557e-05	0.0336731	0.173909	0.0219819	0.242766	0.0	0.01	0.0	6.33497e-06	0.0021263	1.77071	0.0	0.946613	0.0402926	0.295941	0.227144	0.826963	0.153309	0.531432	0.25172	0.0493037	0.0275504	0.146611	0.0493251	0.239476	0.10307	-2003.17	4.0	6.62246e-05	-9051.41	3.0	7.75861e-05	1.0	551.782	32.6892	143.438	22.4693	0.20632	0.0309844	1199.88	12.0354	
0.0-2.4	6.5-8.0	10.0-60.0	0.785-1.178	0.016	0.2	1201.0	1200.0	672.027	29.9504	527.971	27.4407	-0.124213	0.171983	-0.05	0.0	0.603428	0.0	3.0905	0.0	0.028923	0.0	0.0665649	0.0	0.03	0.0	1.492	0.0	5.0	0.0	1.733	0.0	0.04756	0.0	7.65692e-05	0.00456407	0.177836	0.0206951	0.242766	0.0	0.01	0.0	-0.00584888	0.00195605	1.77071	0.0	0.862675	0.0370232	0.999751	4.57663	0.24658	0.190017	0.664278	0.0193735	0.157978	5.77382	0.182269	0.0315571	0.123339	0.00992938	-1894.62	4.0	1.41533e-05	-8007.79	3.0	5.02527e-07	1.0	516.594	31.095	155.433	22.0186	0.23129	0.0311008	1150.96	10.5066	
0.0-2.4	6.5-8.0	10.0-60.0	1.178-1.571	0.024	0.176	1138.0	1136.0	626.923	29.0912	509.054	26.9894	-0.180063	0.175008	-0.05	0.0	0.603428	0.0	3.0905	0.0	0.028923	0.0	0.0665649	0.0	0.03	0.0	1.492	0.0	5.0	0.0	1.733	0.0	0.04756	0.0	0.000494679	0.00157744	0.199915	0.023602	0.242766	0.0	0.01	0.0	-0.00323347	0.00199591	1.77071	0.0	0.794838	0.0413904	0.365552	0.0753715	0.921828	0.0857282	0.486135	0.0968572	0.0665349	0.0157522	0.181454	0.0398937	0.366398	0.216344	-1672.22	4.0	9.6738e-08	-7498.96	3.0	6.53191e-06	1.0	479.665	29.5286	147.258	20.5721	0.23489	0.0309514	1113.36	11.1878	
0.0-2.4	8.0-10.0	10.0-60.0	0.000-0.393	0.016	0.176	1133.0	1133.0	728.957	29.5545	404.018	23.4213	-0.00736764	0.195256	-0.05	0.0	0.456324	0.0	3.0929	0.0	0.0461602	0.0	0.0230265	0.0	0.03	0.0	1.492	0.0	5.0	0.0	1.733	0.0	0.0355047	0.0	2.05538e-05	0.00458982	0.176191	0.0171259	0.226263	0.0	0.000507972	0.0	-0.00249222	0.00171797	1.60493	0.0	0.866269	0.0394653	0.583493	0.0164774	0.999997	4.74226	0.359368	0.0184299	0.0545371	0.00271257	0.140201	0.00505997	0.0543703	25.9705	-2148.35	4.0	7.56958e-07	-7744.63	3.0	1.11435e-06	1.0	543.33	29.4518	185.626	20.9474	0.254646	0.0268174	1078.63	12.262	
0.0-2.4	8.0-10.0	10.0-60.0	0.000-1.571	0.016	0.184	3916.0	3916.0	2607.21	56.0287	1308.55	42.9017	-0.314052	0.109256	-0.05	0.0	0.456324	0.0	3.0929	0.0	0.0461602	0.0	0.0230265	0.00096549	0.03	0.0	1.492	0.0	5.0	0.0	1.733	0.0	0.0355048	0.000170216	8.20597e-05	0.000220638	0.187999	0.00952352	0.226263	0.0	0.000507972	0.0	-0.00141443	0.000913277	1.60493	0.0	0.862553	0.0228827	0.558088	0.0750051	0.992666	0.00793156	0.376885	0.078452	0.0547311	0.00830178	0.175759	0.0154706	0.671646	0.577792	-7395.79	4.0	5.75648e-05	-31779.8	4.0	3.19608e-05	1.0	1916.42	55.108	690.791	39.5116	0.264954	0.0140445	1076.32	7.09439	
0.0-2.4	8.0-10.0	10.0-60.0	0.393-0.785	0.016	0.136	1050.0	1049.0	691.336	28.6946	357.632	22.1288	-0.402381	0.208826	-0.05	0.0	0.456324	0.0	3.0929	0.0	0.0461602	0.0	0.0230265	0.0	0.03	0.0	1.492	0.0	5.0	0.0	1.733	0.0	0.0355047	0.0	0.000175415	0.00127153	0.17876	0.0180338	0.226263	0.0	0.000507972	0.0	-0.000927828	0.0018477	1.60493	0.0	0.876765	0.0530588	0.55539	0.085319	0.976742	0.02835	0.348529	0.122203	0.0499356	0.0131732	0.197665	0.0319586	0.541389	0.483722	-1928.61	4.0	1.38823e-05	-7122.1	3.0	5.21501e-06	1.0	498.753	28.6446	192.583	21.351	0.278566	0.0286377	1085.17	16.5846	
0.0-2.4	8.0-10.0	10.0-60.0	0.785-1.178	0.016	0.184	893.0	893.0	594.365	26.603	298.606	20.298	-0.45698	0.22944	-0.05	0.0	0.456324	0.0	3.0929	0.0	0.0461602	0.0	0.0230265	0.0	0.03	0.0	1.492	0.0	5.0	0.0	1.733	0.0	0.0355047	0.0	6.47675e-05	0.00135721	0.224931	0.0226095	0.226263	0.0	0.000507972	0.0	-0.00116445	0.00180663	1.60493	0.0	0.904419	0.0467295	0.719735	0.00357382	1.0	3.03418	0.684517	0.00205992	0.0730596	0.000890157	0.184266	0.0011684	0.0562181	14.2032	-1688.91	4.0	2.1841e-05	-5923.96	3.0	6.40584e-06	1.0	435.573	25.3494	158.792	17.6925	0.267163	0.0272597	1102.59	14.8289	
0.0-2.4	8.0-10.0	10.0-60.0	1.178-1.571	0.016	0.136	840.0	839.0	593.247	26.321	245.744	18.5821	-0.50481	0.253847	-0.05	0.0	0.456324	0.0	3.0929	0.0	0.0461602	0.0	0.0230265	0.0	0.03	0.0	1.492	0.0	5.0	0.0	1.733	0.0	0.0355047	0.0	0.000171735	0.000555709	0.176047	0.018505	0.226263	0.0	0.000507972	0.0	-0.00242246	0.00200197	1.60493	0.0	0.854858	0.049835	0.562228	0.0817058	1.0	0.0252533	0.303345	0.110301	0.062601	0.0162387	0.217982	0.035381	0.456588	1.18513	-1630.42	4.0	4.04004e-05	-5580.11	3.0	3.94178e-06	1.0	432.855	26.4514	160.392	19.5319	0.270362	0.0306607	1071.56	15.3807	
1.2-1.6	6.5-30.0	10.0-60.0	0.000-0.393	0.016	0.16	962.0	960.0	540.168	26.2618	419.829	23.861	0.0492362	0.191135	-0.05	0.0	0.453913	0.0	3.09128	0.0	0.0459978	0.0	0.0315977	0.0	0.03	0.0	1.492	0.0	5.0	0.0	1.733	0.0	0.0388022	0.0	9.48752e-05	0.000667094	0.169587	0.0207137	0.105013	0.0	0.00999838	0.0	-0.00387648	0.00196	2.07721	0.0	1.02379	0.0425769	0.999994	2.56391	0.383129	0.181521	0.543775	0.136621	0.0847191	2.49728	0.161809	0.0457385	0.0882841	0.0279326	-1597.83	4.0	6.87063e-05	-6218.7	3.0	1.22514e-06	1.0	408.907	27.1697	131.261	19.5882	0.243	0.0342847	1179.49	16.5379	
1.2-1.6	6.5-30.0	10.0-60.0	0.000-1.571	0.008	0.176	3265.0	3261.0	1951.26	50.3899	1309.51	43.5621	-0.218131	0.108851	-0.05	0.0	0.453913	0.0	3.09128	0.0	0.0459978	0.0	0.0315977	0.00164096	0.03	0.0	1.492	0.0	5.0	0.0	1.733	0.0	0.0388022	0.000364862	1.00321e-05	0.000152057	0.171489	0.0109905	0.105013	0.0	0.00999838	0.0	-0.00298059	0.00104766	2.07721	0.0	0.999815	0.0236823	0.775043	0.759673	0.618362	0.814412	0.556715	0.0695167	0.103516	0.0523085	0.184972	0.051362	0.0996938	0.0443626	-5526.77	4.0	2.49232e-05	-25274.3	4.0	4.09584e-05	1.0	1455.13	52.0684	496.131	38.2517	0.254262	0.0184713	1160.93	9.12691	
1.2-1.6	6.5-30.0	10.0-60.0	0.393-0.785	0.016	0.176	864.0	861.0	490.29	25.0338	370.677	22.5184	-0.323681	0.204258	-0.05	0.0	0.453913	0.0	3.09128	0.0	0.0459978	0.0	0.0315977	0.0	0.03	0.0	1.492	0.0	5.0	0.0	1.733	0.0	0.0388022	0.0	1.52922e-05	0.000943016	0.155675	0.0192057	0.105013	0.0	0.00999838	0.0	-0.00331022	0.00225286	2.07721	0.0	1.02548	0.0479545	0.675522	0.119126	0.989207	0.930312	0.671138	0.0755323	0.132141	0.0455816	0.193383	0.0390569	0.0780839	0.916797	-1376.25	4.0	3.17145e-06	-5487.79	3.0	5.7772e-06	1.0	336.852	27.3133	153.438	22.618	0.312954	0.043276	1180.8	18.6366	
1.2-1.6	6.5-30.0	10.0-60.0	0.785-1.178	0.016	0.128	745.0	739.0	462.885	23.9295	276.112	19.6436	-0.468275	0.238505	-0.05	0.0	0.453913	0.0	3.09128	0.0	0.0459978	0.0	0.0315977	0.0	0.03	0.0	1.492	0.0	5.0	0.0	1.733	0.0	0.0388022	0.0	6.66906e-05	0.00456861	0.162856	0.0221394	0.105013	0.0	0.00999838	0.0	-0.00484222	0.00194367	2.07721	0.0	0.92595	0.0463004	0.787633	0.901301	0.811943	0.592991	0.477872	0.136124	0.0917932	0.051962	0.144129	0.064265	0.0923852	0.0746895	-1350.41	4.0	6.9288e-06	-4661.93	3.0	8.42879e-07	1.0	357.445	24.9595	105.44	17.6417	0.227789	0.0362476	1104.74	17.3659	
1.2-1.6	6.5-30.0	10.0-60.0	1.178-1.571	0.008	0.145	694.0	692.0	453.949	23.5481	238.039	18.4016	-0.261439	0.256088	-0.05	0.0	0.453913	0.0	3.09128	0.0	0.0459978	0.0	0.0315977	0.0	0.03	0.0	1.492	0.0	5.0	0.0	1.733	0.0	0.0388022	0.0	0.00019046	0.00100465	0.19566	0.0256468	0.105013	0.0	0.00999838	0.0	0.00109436	0.00219702	2.07721	0.0	0.995647	0.0539176	0.46669	0.0354187	0.999987	4.59569	0.407547	0.0381894	0.0870138	0.00858353	0.224137	0.0203442	0.138665	20.6335	-1199.4	4.0	1.6964e-05	-4353.24	3.0	2.16309e-07	1.0	342.845	23.9728	111.104	17.0768	0.24475	0.0354111	1157.72	20.75	
1.2-2.4	6.5-30.0	10.0-60.0	0.000-0.393	0.016	0.176	2171.0	2169.0	1159.59	39.2414	1009.39	37.278	-0.218852	0.123696	-0.05	0.0	0.534406	0.0	3.09126	0.0	0.0533265	0.0	0.0313748	0.0	0.03	0.0	1.492	0.0	5.0	0.0	1.733	0.0	0.0444749	0.0	6.78336e-05	0.000213869	0.17751	0.0149445	0.133409	0.0	0.00558601	0.0	-0.00187472	0.00124904	1.89143	0.0	0.878275	0.0252934	0.31933	5.92582	0.70375	2.3873	0.181199	5.60674	0.00906997	6.84704e-09	0.155744	0.0526806	0.0910601	0.0274835	-3419.04	4.0	0.000138126	-15644.1	3.0	5.4715e-06	1.0	889.469	39.8121	270.119	27.614	0.232944	0.022471	1070.39	8.99249	
1.2-2.4	6.5-30.0	10.0-60.0	0.000-1.571	0.008	0.2	7413.0	7410.0	4272.48	75.5563	3137.59	67.6302	-0.362267	0.0706149	-0.05	0.0	0.534406	0.0	3.09126	0.0	0.0533265	0.0	0.0313748	0.00129381	0.03	0.0	1.492	0.0	5.0	0.0	1.733	0.0	0.0444749	0.000212478	1.02446e-05	0.00459456	0.174383	0.00752594	0.133409	0.0	0.00558601	0.0	-0.00149522	0.000728646	1.89143	0.0	0.925211	0.0154635	0.564888	0.093908	0.916033	0.0609378	0.49566	0.0777187	0.0605973	0.0163328	0.156484	0.0120858	0.248126	0.0853889	-11636.3	4.0	3.01662e-07	-62964.5	4.0	4.86641e-06	1.0	3188.16	77.4945	1084.32	56.5182	0.253792	0.0124438	1104.12	5.61457	
1.2-2.4	6.5-30.0	10.0-60.0	0.393-0.785	0.016	0.168	1905.0	1895.0	1084.95	37.4722	809.918	33.6047	-0.454347	0.139205	-0.05	0.0	0.534406	0.0	3.09126	0.0	0.0533265	0.0	0.0313748	0.0	0.03	0.0	1.492	0.0	5.0	0.0	1.733	0.0	0.0444749	0.0	1.14219e-05	0.00210854	0.153898	0.0133709	0.133409	0.0	0.00558601	0.0	0.000236281	0.00161016	1.89143	0.0	0.968698	0.0341024	0.466987	0.180433	0.909611	0.0593324	0.420288	0.192802	0.0494264	0.0166329	0.160759	0.0268275	0.342611	0.12876	-2920.01	4.0	1.63371e-06	-13518.6	3.0	2.77687e-05	1.0	783.77	40.6017	301.18	31.9987	0.277598	0.0278913	1135.98	12.6004	
1.2-2.4	6.5-30.0	10.0-60.0	0.785-1.178	0.016	0.2	1711.0	1709.0	1020.77	36.2295	688.224	31.3061	-0.417051	0.151202	-0.05	0.0	0.534406	0.0	3.09126	0.0	0.0533265	0.0	0.0313748	0.0	0.03	0.0	1.492	0.0	5.0	0.0	1.733	0.0	0.0444749	0.0	2.84079e-05	0.000393629	0.178956	0.015825	0.133409	0.0	0.00558601	0.0	-0.00241469	0.00148825	1.89143	0.0	0.955132	0.0322939	0.635142	0.151076	0.999872	1.17051	0.549675	0.0681932	0.101986	0.0609426	0.155128	0.0265577	0.144964	9.47152	-2727.24	4.0	1.23535e-05	-12057.5	3.0	2.58469e-07	1.0	774.992	37.0048	245.779	26.2461	0.240778	0.0242503	1125.99	11.8696	
1.2-2.4	6.5-30.0	10.0-60.0	1.178-1.571	0.008	0.176	1626.0	1624.0	1009.18	35.7926	614.802	29.7788	-0.42676	0.160139	-0.05	0.0	0.534406	0.0	3.09126	0.0	0.0533265	0.0	0.0313748	0.0	0.03	0.0	1.492	0.0	5.0	0.0	1.733	0.0	0.0444749	0.0	0.000176837	0.00056817	0.188543	0.0160817	0.133409	0.0	0.00558601	0.0	-0.000483993	0.00154017	1.89143	0.0	0.859927	0.0359198	0.494055	0.0727583	0.537426	0.112329	9.22973e-07	0.944016	0.0669407	0.0149014	0.202517	0.0302586	0.0223929	0.0118706	-2589.9	4.0	1.53206e-07	-11432.2	3.0	2.85807e-06	1.0	736.319	36.6179	272.857	27.4321	0.270376	0.025435	1057.4	12.6573	
1.6-2.4	3.0-6.5	10.0-60.0	0.000-0.393	0.032	0.289	5099.0	5098.0	1267.99	51.6604	3830.45	72.3278	-0.221456	0.0631135	-0.05	0.0	5.20089e-09	0.0	3.09049	0.0	0.0494332	0.0	0.0513903	0.0	0.03	0.0	1.86	0.0	5.0	0.0	1.38	0.0	0.0513903	0.0	0.000119847	0.00233378	0.208855	0.0330752	0.232093	0.0	0.00999981	0.0	-9.14186e-05	0.00172302	1.67221	0.0	0.949259	0.019304	0.771515	0.112862	0.192011	0.101991	0.725849	0.0982739	0.461629	0.216998	0.289856	0.0708495	0.0978381	0.0310448	-4223.87	4.0	1.5713e-05	-39405.2	3.0	5.01888e-05	1.0	1115.58	56.5576	152.412	34.2277	0.120199	0.0265457	1158.0	6.07582	
1.6-2.4	3.0-6.5	10.0-60.0	0.000-1.571	0.032	0.32	17962.0	17960.0	4281.97	109.545	13678.3	146.258	-0.147873	0.0333962	-0.05	0.0	5.20089e-09	0.0	3.09049	0.0	0.0494332	0.0	0.0513903	0.0013883	0.03	0.0	1.86	0.0	5.0	0.0	1.38	0.0	0.0513903	0.000694149	1.37686e-05	0.00459294	0.205408	0.0152658	0.232093	0.0	0.00999981	0.0	-0.00124954	0.000923508	1.67221	0.0	0.945919	0.0102572	0.715386	0.160717	0.242381	0.144605	0.719062	0.122582	0.297692	0.161618	0.232731	0.0478036	0.0923192	0.0566068	-14850.0	4.0	4.31112e-06	-161316.0	4.0	7.10833e-05	1.0	3654.71	114.154	627.26	67.4295	0.146489	0.0152949	1155.89	3.22288	
1.6-2.4	3.0-6.5	10.0-60.0	0.393-0.785	0.032	0.272	4714.0	4710.0	1063.54	48.7914	3646.45	70.4523	-0.196075	0.0645742	-0.05	0.0	5.20089e-09	0.0	3.09049	0.0	0.0494332	0.0	0.0513903	0.0	0.03	0.0	1.86	0.0	5.0	0.0	1.38	0.0	0.0513903	0.0	0.000143097	0.00179605	0.192331	0.0227576	0.232093	0.0	0.00999981	0.0	-0.00300547	0.00184526	1.67221	0.0	0.900585	0.0215219	0.583735	0.123661	0.223936	0.128937	0.358982	0.364751	0.172172	0.0520978	0.182854	0.0365871	0.0409744	0.0250384	-3785.38	4.0	0.000121293	-35964.4	3.0	4.77511e-08	1.0	840.914	53.3047	222.63	38.1765	0.209329	0.0345871	1127.75	6.59892	
1.6-2.4	3.0-6.5	10.0-60.0	0.785-1.178	0.04	0.28	4208.0	4200.0	946.03	45.8651	3253.97	66.419	-0.146756	0.068288	-0.05	0.0	5.20089e-09	0.0	3.09049	0.0	0.0494332	0.0	0.0513903	0.0	0.03	0.0	1.86	0.0	5.0	0.0	1.38	0.0	0.0513903	0.0	4.81501e-05	0.00457714	0.176356	0.0333132	0.232093	0.0	0.00999981	0.0	0.000583382	0.0018864	1.67221	0.0	0.951298	0.0207084	0.552901	0.12649	0.966027	0.862821	0.809743	0.0388008	0.156622	0.0326111	0.180841	0.0393977	0.155511	0.324369	-3495.28	4.0	4.75947e-05	-31589.9	3.0	8.69181e-08	1.0	804.366	53.0547	141.664	36.6225	0.149746	0.0380249	1159.28	6.5246	
1.6-2.4	3.0-6.5	10.0-60.0	1.178-1.571	0.032	0.248	3941.0	3934.0	1007.24	45.8659	2926.81	63.4282	0.00311673	0.0720061	-0.05	0.0	5.20089e-09	0.0	3.09049	0.0	0.0494332	0.0	0.0513903	0.0	0.03	0.0	1.86	0.0	5.0	0.0	1.38	0.0	0.0513903	0.0	1.0498e-05	0.00459445	0.241004	0.0370759	0.232093	0.0	0.00999981	0.0	-0.00328469	0.00195179	1.67221	0.0	0.910253	0.0224607	0.716583	0.11003	0.121264	0.0834815	0.0763856	0.882082	0.28423	0.0992177	0.186078	0.0357784	0.0350503	0.022265	-3352.08	4.0	4.92494e-06	-29404.7	3.0	1.75309e-06	1.0	886.212	48.0537	121.024	26.6647	0.120155	0.0259015	1133.69	6.92421	
1.6-2.4	6.5-30.0	10.0-60.0	0.000-0.393	0.016	0.176	1209.0	1208.0	619.62	29.1449	588.326	28.6031	-0.416185	0.162999	-0.05	0.0	0.640543	0.0	3.09113	0.0	0.0573659	0.0	0.0308088	0.0	0.03	0.0	1.492	0.0	5.0	0.0	1.733	0.0	0.0494886	0.0	1.00002e-05	0.000360287	0.215432	0.337823	0.184357	0.0	0.00198551	0.0	-0.00558583	0.00697957	1.72899	0.0	0.795917	0.425332	0.953684	5.29435	0.562079	6.09257	0.642808	6.3977	0.00709349	9.2545	0.154603	0.0312355	0.108169	0.0384058	-1e+30	4.0	0.0	-7938.21	3.0	2.86941e-06	1.0	574.384	227.38	45.2366	225.78	0.073007	0.364368	1033.35	133.603	
1.6-2.4	6.5-30.0	10.0-60.0	0.000-1.571	0.016	0.2	4148.0	4146.0	2317.39	56.1972	1828.4	51.6629	-0.478818	0.0929136	-0.05	0.0	0.640543	0.0	3.09113	0.0	0.0573659	0.0	0.0308088	0.00224506	0.03	0.0	1.492	0.0	5.0	0.0	1.733	0.0	0.0494886	0.000251197	7.14374e-05	0.0191277	0.179514	0.0105292	0.184357	0.0	0.00198551	0.0	0.00118689	0.00102875	1.72899	0.0	0.844616	0.0206511	0.425667	0.0442246	0.939297	0.033829	0.341266	0.0798066	0.0435671	0.00708496	0.150922	0.0147264	0.30209	0.0936949	-6127.98	4.0	3.68908e-05	-32603.4	4.0	1.92221e-05	1.0	1744.35	56.8882	573.04	40.4971	0.247278	0.0164143	1064.41	6.68286	
1.6-2.4	6.5-30.0	10.0-60.0	0.393-0.785	0.016	0.168	1041.0	1036.0	591.708	27.7783	444.213	24.9846	-0.552999	0.188818	-0.05	0.0	0.640543	0.0	3.09113	0.0	0.0573659	0.0	0.0308088	0.0	0.03	0.0	1.492	0.0	5.0	0.0	1.733	0.0	0.0494886	0.0	2.94133e-05	0.00458575	0.149003	0.0187705	0.184357	0.0	0.00198551	0.0	0.00250545	0.00234291	1.72899	0.0	0.925968	0.0487005	0.44662	0.0725569	0.941476	0.0452483	0.285586	0.122775	0.0499362	0.0121515	0.155497	0.028463	0.431934	0.217312	-1541.09	4.0	5.01488e-08	-6738.29	3.0	2.20365e-05	1.0	443.707	30.4554	148.001	23.2789	0.250126	0.0375486	1118.24	16.4461	
1.6-2.4	6.5-30.0	10.0-60.0	0.785-1.178	0.016	0.192	966.0	964.0	552.294	27.0663	411.6	24.3283	-0.394995	0.195303	-0.05	0.0	0.640543	0.0	3.09113	0.0	0.0573659	0.0	0.0308088	0.0	0.03	0.0	1.492	0.0	5.0	0.0	1.733	0.0	0.0494886	0.0	1.07664e-05	0.00459432	0.190674	0.02192	0.184357	0.0	0.00198551	0.0	-0.000368988	0.0023375	1.72899	0.0	0.929657	0.0461073	0.57656	0.114465	0.520715	0.385673	0.283735	0.640163	0.117736	0.038613	0.180282	0.0417793	0.0290467	0.0358466	-1377.6	4.0	5.10434e-06	-6186.29	3.0	4.14121e-05	1.0	409.631	27.2196	142.662	19.667	0.258309	0.0332836	1120.73	15.5977	
1.6-2.4	6.5-30.0	10.0-60.0	1.178-1.571	0.016	0.176	932.0	931.0	554.256	26.9031	376.717	23.372	-0.547969	0.205091	-0.05	0.0	0.640543	0.0	3.09113	0.0	0.0573659	0.0	0.0308088	0.0	0.03	0.0	1.492	0.0	5.0	0.0	1.733	0.0	0.0494886	0.0	4.41992e-05	0.00457895	0.193108	0.0218079	0.184357	0.0	0.00198551	0.0	0.00024854	0.00212508	1.72899	0.0	0.826059	0.0453111	0.424936	0.00143892	1.0	0.943377	0.299611	0.00226847	0.0328007	0.00017457	0.170803	0.000605906	0.0629408	6.09976	-1389.42	4.0	1.24065e-06	-5971.38	3.0	4.45287e-06	1.0	405.197	27.0204	149.059	19.8903	0.268935	0.033428	1052.47	14.5036	
