0.0-1.2	6.5-30.0	10.0-60.0	0.000-0.393	1011.66	34.0551	451.311	24.4839	721.312	31.966	290.352	22.9735	0.287004	0.020551	
0.0-1.2	6.5-30.0	10.0-60.0	0.000-1.571	3859.43	68.4032	1658.45	49.7821	2800.69	64.0016	1058.74	44.546	0.274326	0.0104681	
0.0-1.2	6.5-30.0	10.0-60.0	0.393-0.785	1014.4	34.1607	462.602	24.803	767.969	32.4674	246.428	21.3108	0.242931	0.01935	
0.0-1.2	6.5-30.0	10.0-60.0	0.785-1.178	922.586	32.2672	359.392	21.8629	666.397	30.5412	256.189	21.6756	0.277686	0.0213931	
0.0-1.2	6.5-30.0	10.0-60.0	1.178-1.571	898.982	32.0584	381.013	22.5783	634.102	30.7719	264.88	22.9086	0.294644	0.0232158	
0.0-2.4	10.0-13.0	10.0-60.0	0.000-0.393	473.909	23.3942	150.091	14.9491	317.516	21.811	156.393	17.0191	0.330006	0.0320048	
0.0-2.4	10.0-13.0	10.0-60.0	0.000-1.571	1797.78	46.4027	570.26	30.4259	1276.75	43.921	521.034	31.9989	0.289821	0.0161508	
0.0-2.4	10.0-13.0	10.0-60.0	0.393-0.785	465.091	23.0762	141.922	14.4684	335.135	22.0825	129.956	15.8969	0.27942	0.0312423	
0.0-2.4	10.0-13.0	10.0-60.0	0.785-1.178	437.553	22.4296	125.445	13.8191	313.788	21.9653	123.765	16.2478	0.282857	0.0341855	
0.0-2.4	10.0-13.0	10.0-60.0	1.178-1.571	411.053	21.8732	147.936	14.675	299.07	21.2036	111.983	15.2263	0.272431	0.0340875	
0.0-2.4	10.0-30.0	10.0-60.0	0.000-0.393	757.6	29.5144	228.39	18.4889	511.474	27.3884	246.126	21.0956	0.324876	0.0248028	
0.0-2.4	10.0-30.0	10.0-60.0	0.000-1.571	2921.85	59.1927	887.221	38.3305	2030.07	55.6471	891.779	41.6124	0.30521	0.0128295	
0.0-2.4	10.0-30.0	10.0-60.0	0.393-0.785	742.382	29.1983	234.612	18.5671	528.862	27.7809	213.521	20.2397	0.287615	0.0248056	
0.0-2.4	10.0-30.0	10.0-60.0	0.785-1.178	699.546	28.2612	200.427	17.3077	498.398	27.2077	201.148	20.0219	0.28754	0.0261579	
0.0-2.4	10.0-30.0	10.0-60.0	1.178-1.571	705.481	28.5124	219.526	18.0835	473.685	27.4247	231.795	21.7572	0.328564	0.027835	
0.0-2.4	13.0-30.0	10.0-60.0	0.000-0.393	296.141	18.3281	76.8363	10.7992	202.09	16.9788	94.0504	12.8735	0.317587	0.0387737	
0.0-2.4	13.0-30.0	10.0-60.0	0.000-1.571	1121.07	36.575	316.868	23.0971	752.627	33.945	368.439	26.3406	0.328651	0.0209068	
0.0-2.4	13.0-30.0	10.0-60.0	0.393-0.785	277.313	17.886	92.649	11.6284	192.755	16.9501	84.558	12.7472	0.304919	0.0415472	
0.0-2.4	13.0-30.0	10.0-60.0	0.785-1.178	261.896	17.1934	75.0814	10.4313	185.081	16.2926	76.8145	11.9684	0.293302	0.0414446	
0.0-2.4	13.0-30.0	10.0-60.0	1.178-1.571	286.038	18.0525	71.9554	10.5743	168.728	16.8494	117.31	15.0107	0.410121	0.0456506	
0.0-2.4	6.5-10.0	10.0-60.0	0.000-0.393	1424.27	42.9218	1226.71	40.5548	1095.97	42.9956	328.3	29.2514	0.230505	0.0193275	
0.0-2.4	6.5-10.0	10.0-60.0	0.000-1.571	5245.47	82.4279	3880.88	73.6871	3973.65	82.6751	1271.83	57.7543	0.242462	0.0103301	
0.0-2.4	6.5-10.0	10.0-60.0	0.393-0.785	1369.31	41.7065	1028.64	37.3996	1039.63	42.7491	329.68	30.4243	0.240764	0.0209737	
0.0-2.4	6.5-10.0	10.0-60.0	0.785-1.178	1249.4	39.5581	843.578	34.0455	941.327	39.1498	308.072	27.1951	0.246576	0.0203183	
0.0-2.4	6.5-10.0	10.0-60.0	1.178-1.571	1207.2	38.8024	768.795	32.6686	898.355	39.3043	308.844	28.4533	0.255835	0.0220886	
0.0-2.4	6.5-30.0	0.0-10.0	0.000-0.393	936.088	35.2171	958.046	35.5271	644.247	33.8111	291.842	26.0054	0.311767	0.0251834	
0.0-2.4	6.5-30.0	0.0-10.0	0.000-1.571	3582.39	69.8882	3662.48	70.4584	2538.11	68.6509	1044.28	51.7319	0.291503	0.0132737	
0.0-2.4	6.5-30.0	0.0-10.0	0.393-0.785	879.483	34.4827	1011.63	36.348	612.219	33.7437	267.264	25.928	0.303887	0.026966	
0.0-2.4	6.5-30.0	0.0-10.0	0.785-1.178	899.602	34.2823	877.581	33.9598	650.856	34.2618	248.746	25.4664	0.276507	0.0262743	
0.0-2.4	6.5-30.0	0.0-10.0	1.178-1.571	853.733	33.3334	805.505	32.6029	626.958	34.0931	226.775	25.3281	0.265627	0.0277956	
0.0-2.4	6.5-30.0	10.0-20.0	0.000-0.393	780.162	31.6037	659.832	29.6394	541.131	30.3236	239.032	23.0816	0.306387	0.0268563	
0.0-2.4	6.5-30.0	10.0-20.0	0.000-1.571	2842.99	60.9862	2286.74	56.2412	2037.5	59.7412	805.484	44.2407	0.283323	0.0143254	
0.0-2.4	6.5-30.0	10.0-20.0	0.393-0.785	707.118	30.1665	599.828	28.3327	540.115	30.8347	167.003	21.6935	0.236174	0.0289771	
0.0-2.4	6.5-30.0	10.0-20.0	0.785-1.178	690.224	29.6281	540.707	26.9871	509.011	28.6979	181.212	20.1662	0.262541	0.026956	
0.0-2.4	6.5-30.0	10.0-20.0	1.178-1.571	663.013	28.8115	474.934	25.3385	441.058	29.0171	221.955	23.8258	0.334767	0.0328594	
0.0-2.4	6.5-30.0	10.0-30.0	0.000-0.393	1373.12	41.704	1082.87	38.0653	1015.9	40.3292	357.224	28.1452	0.260154	0.0189131	
0.0-2.4	6.5-30.0	10.0-30.0	0.000-1.571	5072.21	80.4553	3655.04	71.1045	3699.66	78.3731	1372.55	56.3251	0.270602	0.0102416	
0.0-2.4	6.5-30.0	10.0-30.0	0.393-0.785	1281.32	40.1391	976.671	36.1453	941.147	39.8957	340.175	28.9136	0.265487	0.020977	
0.0-2.4	6.5-30.0	10.0-30.0	0.785-1.178	1212.99	38.707	814.975	33.1708	892.927	37.3381	320.062	26.2021	0.263862	0.0198927	
0.0-2.4	6.5-30.0	10.0-30.0	1.178-1.571	1194.27	38.388	768.704	32.3743	835.191	38.2266	359.074	29.5598	0.300665	0.0227866	
0.0-2.4	6.5-30.0	10.0-60.0	0.000-0.393	2165.12	51.7361	1471.78	44.5349	1591.79	50.6469	573.328	36.1391	0.264802	0.0154457	
0.0-2.4	6.5-30.0	10.0-60.0	0.000-1.571	8103.62	100.247	4831.56	82.3253	5956.12	98.4122	2147.5	70.44	0.265005	0.00805052	
0.0-2.4	6.5-30.0	10.0-60.0	0.393-0.785	2096.89	50.5939	1281.07	41.7622	1557.53	50.554	539.365	36.2326	0.257221	0.0161261	
0.0-2.4	6.5-30.0	10.0-60.0	0.785-1.178	1933.68	48.3333	1060.33	38.2484	1427.79	47.4686	505.892	33.7566	0.261621	0.0161861	
0.0-2.4	6.5-30.0	10.0-60.0	1.178-1.571	1901.16	47.9172	1004.77	37.4125	1363.65	47.3821	537.51	35.3174	0.282727	0.0171557	
0.0-2.4	6.5-30.0	20.0-30.0	0.000-0.393	593.939	27.2018	418.058	23.75	472.979	26.5589	120.96	16.3347	0.203657	0.0258724	
0.0-2.4	6.5-30.0	20.0-30.0	0.000-1.571	2228.53	52.491	1369.28	43.5459	1660.76	50.7985	567.77	35.0591	0.254774	0.0145424	
0.0-2.4	6.5-30.0	20.0-30.0	0.393-0.785	569.561	26.3758	377.362	22.4378	397.232	25.5206	172.329	19.4061	0.302564	0.0310577	
0.0-2.4	6.5-30.0	20.0-30.0	0.785-1.178	520.842	24.8402	273.089	19.2158	384.996	23.5707	135.846	16.1374	0.26082	0.0283766	
0.0-2.4	6.5-30.0	20.0-30.0	1.178-1.571	532.315	25.3796	291.644	20.0866	393.018	25.0529	139.297	17.9062	0.261681	0.0312391	
0.0-2.4	6.5-30.0	30.0-60.0	0.000-0.393	790.226	30.5428	388.777	23.0525	581.711	29.8886	208.515	21.2784	0.263867	0.0249208	
0.0-2.4	6.5-30.0	30.0-60.0	0.000-1.571	3032.33	59.7378	1176.04	41.3788	2248.48	59.4354	783.85	42.5313	0.258498	0.0130688	
0.0-2.4	6.5-30.0	30.0-60.0	0.393-0.785	805.158	30.5148	302.808	20.7075	607.436	31.1079	197.722	22.2232	0.245569	0.0259847	
0.0-2.4	6.5-30.0	30.0-60.0	0.785-1.178	712.498	28.7042	242.497	18.8139	533.159	29.1896	179.34	21.0446	0.251705	0.0277411	
0.0-2.4	6.5-30.0	30.0-60.0	1.178-1.571	707.752	28.6353	234.24	18.6146	527.101	28.0503	180.651	19.6324	0.255246	0.025745	
0.0-2.4	6.5-30.0	60.0-100.0	0.000-0.393	110.516	11.0795	19.4761	5.62953	81.229	10.5608	29.287	7.33729	0.265002	0.0608438	
0.0-2.4	6.5-30.0	60.0-100.0	0.000-1.571	433.301	21.9496	87.6615	11.6696	336.246	21.507	97.055	14.0213	0.22399	0.0303047	
0.0-2.4	6.5-30.0	60.0-100.0	0.393-0.785	101.782	10.5407	19.2158	5.34244	82.1166	10.2275	19.6652	6.03559	0.193209	0.0558215	
0.0-2.4	6.5-30.0	60.0-100.0	0.785-1.178	111.55	11.2414	34.4848	7.02123	96.1914	11.2359	15.3591	5.88869	0.137688	0.0509333	
0.0-2.4	6.5-30.0	60.0-100.0	1.178-1.571	107.18	10.7244	10.819	4.31854	70.9222	10.4417	36.2581	8.4754	0.338291	0.0714651	
0.0-2.4	6.5-8.0	10.0-60.0	0.000-0.393	712.057	31.8754	805.993	33.3176	569.68	31.7856	142.376	20.0151	0.199951	0.0266456	
0.0-2.4	6.5-8.0	10.0-60.0	0.000-1.571	2702.44	73.8464	2508.1	72.5052	2114.67	70.624	587.768	43.6644	0.217495	0.0150246	
0.0-2.4	6.5-8.0	10.0-60.0	0.393-0.785	695.22	30.9797	652.004	30.2768	551.782	32.6892	143.438	22.4693	0.20632	0.0309844	
0.0-2.4	6.5-8.0	10.0-60.0	0.785-1.178	672.027	29.9504	527.971	27.4407	516.594	31.095	155.433	22.0186	0.23129	0.0311008	
0.0-2.4	6.5-8.0	10.0-60.0	1.178-1.571	626.923	29.0912	509.054	26.9894	479.665	29.5286	147.258	20.5721	0.23489	0.0309514	
0.0-2.4	8.0-10.0	10.0-60.0	0.000-0.393	728.957	29.5545	404.018	23.4213	543.33	29.4518	185.626	20.9474	0.254646	0.0268174	
0.0-2.4	8.0-10.0	10.0-60.0	0.000-1.571	2607.21	56.0287	1308.55	42.9017	1916.42	55.108	690.791	39.5116	0.264954	0.0140445	
0.0-2.4	8.0-10.0	10.0-60.0	0.393-0.785	691.336	28.6946	357.632	22.1288	498.753	28.6446	192.583	21.351	0.278566	0.0286377	
0.0-2.4	8.0-10.0	10.0-60.0	0.785-1.178	594.365	26.603	298.606	20.298	435.573	25.3494	158.792	17.6925	0.267163	0.0272597	
0.0-2.4	8.0-10.0	10.0-60.0	1.178-1.571	593.247	26.321	245.744	18.5821	432.855	26.4514	160.392	19.5319	0.270362	0.0306607	
1.2-1.6	6.5-30.0	10.0-60.0	0.000-0.393	540.168	26.2618	419.829	23.861	408.907	27.1697	131.261	19.5882	0.243	0.0342847	
1.2-1.6	6.5-30.0	10.0-60.0	0.000-1.571	1951.26	50.3899	1309.51	43.5621	1455.13	52.0684	496.131	38.2517	0.254262	0.0184713	
1.2-1.6	6.5-30.0	10.0-60.0	0.393-0.785	490.29	25.0338	370.677	22.5184	336.852	27.3133	153.438	22.618	0.312954	0.043276	
1.2-1.6	6.5-30.0	10.0-60.0	0.785-1.178	462.885	23.9295	276.112	19.6436	357.445	24.9595	105.44	17.6417	0.227789	0.0362476	
1.2-1.6	6.5-30.0	10.0-60.0	1.178-1.571	453.949	23.5481	238.039	18.4016	342.845	23.9728	111.104	17.0768	0.24475	0.0354111	
1.2-2.4	6.5-30.0	10.0-60.0	0.000-0.393	1159.59	39.2414	1009.39	37.278	889.469	39.8121	270.119	27.614	0.232944	0.022471	
1.2-2.4	6.5-30.0	10.0-60.0	0.000-1.571	4272.48	75.5563	3137.59	67.6302	3188.16	77.4945	1084.32	56.5182	0.253792	0.0124438	
1.2-2.4	6.5-30.0	10.0-60.0	0.393-0.785	1084.95	37.4722	809.918	33.6047	783.77	40.6017	301.18	31.9987	0.277598	0.0278913	
1.2-2.4	6.5-30.0	10.0-60.0	0.785-1.178	1020.77	36.2295	688.224	31.3061	774.992	37.0048	245.779	26.2461	0.240778	0.0242503	
1.2-2.4	6.5-30.0	10.0-60.0	1.178-1.571	1009.18	35.7926	614.802	29.7788	736.319	36.6179	272.857	27.4321	0.270376	0.025435	
1.6-2.4	3.0-6.5	10.0-60.0	0.000-0.393	1267.99	51.6604	3830.45	72.3278	1115.58	56.5576	152.412	34.2277	0.120199	0.0265457	
1.6-2.4	3.0-6.5	10.0-60.0	0.000-1.571	4281.97	109.545	13678.3	146.258	3654.71	114.154	627.26	67.4295	0.146489	0.0152949	
1.6-2.4	3.0-6.5	10.0-60.0	0.393-0.785	1063.54	48.7914	3646.45	70.4523	840.914	53.3047	222.63	38.1765	0.209329	0.0345871	
1.6-2.4	3.0-6.5	10.0-60.0	0.785-1.178	946.03	45.8651	3253.97	66.419	804.366	53.0547	141.664	36.6225	0.149746	0.0380249	
1.6-2.4	3.0-6.5	10.0-60.0	1.178-1.571	1007.24	45.8659	2926.81	63.4282	886.212	48.0537	121.024	26.6647	0.120155	0.0259015	
1.6-2.4	6.5-30.0	10.0-60.0	0.000-0.393	619.62	29.1449	588.326	28.6031	574.384	227.38	45.2366	225.78	0.073007	0.364368	
1.6-2.4	6.5-30.0	10.0-60.0	0.000-1.571	2317.39	56.1972	1828.4	51.6629	1744.35	56.8882	573.04	40.4971	0.247278	0.0164143	
1.6-2.4	6.5-30.0	10.0-60.0	0.393-0.785	591.708	27.7783	444.213	24.9846	443.707	30.4554	148.001	23.2789	0.250126	0.0375486	
1.6-2.4	6.5-30.0	10.0-60.0	0.785-1.178	552.294	27.0663	411.6	24.3283	409.631	27.2196	142.662	19.667	0.258309	0.0332836	
1.6-2.4	6.5-30.0	10.0-60.0	1.178-1.571	554.256	26.9031	376.717	23.372	405.197	27.0204	149.059	19.8903	0.268935	0.033428	
