rap0.0-1.2_pT6.5-30.0_cent10.0-60.0
3859.43
1011.66 1014.4 922.586 898.982
34.0551 34.1607 32.2672 32.0584
1658.45
451.311 462.602 359.392 381.013
24.4839 24.803 21.8629 22.5783
2800.69
721.312 767.969 666.397 634.102
31.966 32.4674 30.5412 30.7719
1058.74
290.352 246.428 256.189 264.88
22.9735 21.3108 21.6756 22.9086
0.274326
0.287004 0.242931 0.277686 0.294644
0.020551 0.01935 0.0213931 0.0232158
rap0.0-2.4_pT10.0-13.0_cent10.0-60.0
1797.78
473.909 465.091 437.553 411.053
23.3942 23.0762 22.4296 21.8732
570.26
150.091 141.922 125.445 147.936
14.9491 14.4684 13.8191 14.675
1276.75
317.516 335.135 313.788 299.07
21.811 22.0825 21.9653 21.2036
521.034
156.393 129.956 123.765 111.983
17.0191 15.8969 16.2478 15.2263
0.289821
0.330006 0.27942 0.282857 0.272431
0.0320048 0.0312423 0.0341855 0.0340875
rap0.0-2.4_pT10.0-30.0_cent10.0-60.0
2921.85
757.6 742.382 699.546 705.481
29.5144 29.1983 28.2612 28.5124
887.221
228.39 234.612 200.427 219.526
18.4889 18.5671 17.3077 18.0835
2030.07
511.474 528.862 498.398 473.685
27.3884 27.7809 27.2077 27.4247
891.779
246.126 213.521 201.148 231.795
21.0956 20.2397 20.0219 21.7572
0.30521
0.324876 0.287615 0.28754 0.328564
0.0248028 0.0248056 0.0261579 0.027835
rap0.0-2.4_pT13.0-30.0_cent10.0-60.0
1121.07
296.141 277.313 261.896 286.038
18.3281 17.886 17.1934 18.0525
316.868
76.8363 92.649 75.0814 71.9554
10.7992 11.6284 10.4313 10.5743
752.627
202.09 192.755 185.081 168.728
16.9788 16.9501 16.2926 16.8494
368.439
94.0504 84.558 76.8145 117.31
12.8735 12.7472 11.9684 15.0107
0.328651
0.317587 0.304919 0.293302 0.410121
0.0387737 0.0415472 0.0414446 0.0456506
rap0.0-2.4_pT6.5-10.0_cent10.0-60.0
5245.47
1424.27 1369.31 1249.4 1207.2
42.9218 41.7065 39.5581 38.8024
3880.88
1226.71 1028.64 843.578 768.795
40.5548 37.3996 34.0455 32.6686
3973.65
1095.97 1039.63 941.327 898.355
42.9956 42.7491 39.1498 39.3043
1271.83
328.3 329.68 308.072 308.844
29.2514 30.4243 27.1951 28.4533
0.242462
0.230505 0.240764 0.246576 0.255835
0.0193275 0.0209737 0.0203183 0.0220886
rap0.0-2.4_pT6.5-30.0_cent0.0-10.0
3582.39
936.088 879.483 899.602 853.733
35.2171 34.4827 34.2823 33.3334
3662.48
958.046 1011.63 877.581 805.505
35.5271 36.348 33.9598 32.6029
2538.11
644.247 612.219 650.856 626.958
33.8111 33.7437 34.2618 34.0931
1044.28
291.842 267.264 248.746 226.775
26.0054 25.928 25.4664 25.3281
0.291503
0.311767 0.303887 0.276507 0.265627
0.0251834 0.026966 0.0262743 0.0277956
rap0.0-2.4_pT6.5-30.0_cent10.0-20.0
2842.99
780.162 707.118 690.224 663.013
31.6037 30.1665 29.6281 28.8115
2286.74
659.832 599.828 540.707 474.934
29.6394 28.3327 26.9871 25.3385
2037.5
541.131 540.115 509.011 441.058
30.3236 30.8347 28.6979 29.0171
805.484
239.032 167.003 181.212 221.955
23.0816 21.6935 20.1662 23.8258
0.283323
0.306387 0.236174 0.262541 0.334767
0.0268563 0.0289771 0.026956 0.0328594
rap0.0-2.4_pT6.5-30.0_cent10.0-30.0
5072.21
1373.12 1281.32 1212.99 1194.27
41.704 40.1391 38.707 38.388
3655.04
1082.87 976.671 814.975 768.704
38.0653 36.1453 33.1708 32.3743
3699.66
1015.9 941.147 892.927 835.191
40.3292 39.8957 37.3381 38.2266
1372.55
357.224 340.175 320.062 359.074
28.1452 28.9136 26.2021 29.5598
0.270602
0.260154 0.265487 0.263862 0.300665
0.0189131 0.020977 0.0198927 0.0227866
rap0.0-2.4_pT6.5-30.0_cent10.0-60.0
8103.62
2165.12 2096.89 1933.68 1901.16
51.7361 50.5939 48.3333 47.9172
4831.56
1471.78 1281.07 1060.33 1004.77
44.5349 41.7622 38.2484 37.4125
5956.12
1591.79 1557.53 1427.79 1363.65
50.6469 50.554 47.4686 47.3821
2147.5
573.328 539.365 505.892 537.51
36.1391 36.2326 33.7566 35.3174
0.265005
0.264802 0.257221 0.261621 0.282727
0.0154457 0.0161261 0.0161861 0.0171557
rap0.0-2.4_pT6.5-30.0_cent20.0-30.0
2228.53
593.939 569.561 520.842 532.315
27.2018 26.3758 24.8402 25.3796
1369.28
418.058 377.362 273.089 291.644
23.75 22.4378 19.2158 20.0866
1660.76
472.979 397.232 384.996 393.018
26.5589 25.5206 23.5707 25.0529
567.77
120.96 172.329 135.846 139.297
16.3347 19.4061 16.1374 17.9062
0.254774
0.203657 0.302564 0.26082 0.261681
0.0258724 0.0310577 0.0283766 0.0312391
rap0.0-2.4_pT6.5-30.0_cent30.0-60.0
3032.33
790.226 805.158 712.498 707.752
30.5428 30.5148 28.7042 28.6353
1176.04
388.777 302.808 242.497 234.24
23.0525 20.7075 18.8139 18.6146
2248.48
581.711 607.436 533.159 527.101
29.8886 31.1079 29.1896 28.0503
783.85
208.515 197.722 179.34 180.651
21.2784 22.2232 21.0446 19.6324
0.258498
0.263867 0.245569 0.251705 0.255246
0.0249208 0.0259847 0.0277411 0.025745
rap0.0-2.4_pT6.5-30.0_cent60.0-100.0
433.301
110.516 101.782 111.55 107.18
11.0795 10.5407 11.2414 10.7244
87.6615
19.4761 19.2158 34.4848 10.819
5.62953 5.34244 7.02123 4.31854
336.246
81.229 82.1166 96.1914 70.9222
10.5608 10.2275 11.2359 10.4417
97.055
29.287 19.6652 15.3591 36.2581
7.33729 6.03559 5.88869 8.4754
0.22399
0.265002 0.193209 0.137688 0.338291
0.0608438 0.0558215 0.0509333 0.0714651
rap0.0-2.4_pT6.5-8.0_cent10.0-60.0
2702.44
712.057 695.22 672.027 626.923
31.8754 30.9797 29.9504 29.0912
2508.1
805.993 652.004 527.971 509.054
33.3176 30.2768 27.4407 26.9894
2114.67
569.68 551.782 516.594 479.665
31.7856 32.6892 31.095 29.5286
587.768
142.376 143.438 155.433 147.258
20.0151 22.4693 22.0186 20.5721
0.217495
0.199951 0.20632 0.23129 0.23489
0.0266456 0.0309844 0.0311008 0.0309514
rap0.0-2.4_pT8.0-10.0_cent10.0-60.0
2607.21
728.957 691.336 594.365 593.247
29.5545 28.6946 26.603 26.321
1308.55
404.018 357.632 298.606 245.744
23.4213 22.1288 20.298 18.5821
1916.42
543.33 498.753 435.573 432.855
29.4518 28.6446 25.3494 26.4514
690.791
185.626 192.583 158.792 160.392
20.9474 21.351 17.6925 19.5319
0.264954
0.254646 0.278566 0.267163 0.270362
0.0268174 0.0286377 0.0272597 0.0306607
rap1.2-1.6_pT6.5-30.0_cent10.0-60.0
1951.26
540.168 490.29 462.885 453.949
26.2618 25.0338 23.9295 23.5481
1309.51
419.829 370.677 276.112 238.039
23.861 22.5184 19.6436 18.4016
1455.13
408.907 336.852 357.445 342.845
27.1697 27.3133 24.9595 23.9728
496.131
131.261 153.438 105.44 111.104
19.5882 22.618 17.6417 17.0768
0.254262
0.243 0.312954 0.227789 0.24475
0.0342847 0.043276 0.0362476 0.0354111
rap1.2-2.4_pT6.5-30.0_cent10.0-60.0
4272.48
1159.59 1084.95 1020.77 1009.18
39.2414 37.4722 36.2295 35.7926
3137.59
1009.39 809.918 688.224 614.802
37.278 33.6047 31.3061 29.7788
3188.16
889.469 783.77 774.992 736.319
39.8121 40.6017 37.0048 36.6179
1084.32
270.119 301.18 245.779 272.857
27.614 31.9987 26.2461 27.4321
0.253792
0.232944 0.277598 0.240778 0.270376
0.022471 0.0278913 0.0242503 0.025435
rap1.6-2.4_pT3.0-6.5_cent10.0-60.0
4281.97
1267.99 1063.54 946.03 1007.24
51.6604 48.7914 45.8651 45.8659
13678.3
3830.45 3646.45 3253.97 2926.81
72.3278 70.4523 66.419 63.4282
3654.71
1115.58 840.914 804.366 886.212
56.5576 53.3047 53.0547 48.0537
627.26
152.412 222.63 141.664 121.024
34.2277 38.1765 36.6225 26.6647
0.146489
0.120199 0.209329 0.149746 0.120155
0.0265457 0.0345871 0.0380249 0.0259015
rap1.6-2.4_pT6.5-30.0_cent10.0-60.0
2317.39
619.62 591.708 552.294 554.256
29.1449 27.7783 27.0663 26.9031
1828.4
588.326 444.213 411.6 376.717
28.6031 24.9846 24.3283 23.372
1744.35
574.384 443.707 409.631 405.197
227.38 30.4554 27.2196 27.0204
573.04
45.2366 148.001 142.662 149.059
225.78 23.2789 19.667 19.8903
0.247278
0.073007 0.250126 0.258309 0.268935
0.364368 0.0375486 0.0332836 0.033428
