weightedEff_Lxyz_pTtune_PRMC
rap	pT	cent	dPhi	ctauErrMin	ctauErrMax	NoCutEntry	CutEntry	NSig	NSigErr	NBkg	NBkgErr	coefExp	coefExpErr	coefPol1	coefPol1Err	coeffGaus	coeffGausErr	meanSig1	meanSig1Err	sigmaSig1	sigmaSig1Err	sigmaSig2	sigmaSig2Err	sigmaSig3	sigmaSig3Err	alpha	alphaErr	enne	enneErr	enneW	enneWErr	sigWidth	sigWidthErr	Gmc	GmcErr	bTau	bTauErr	fracRes	fracResErr	meanResSigW	meanResSigWErr	meanResSigN	meanResSigNErr	sigmaResSigW	sigmaResSigWErr	sigmaResSigN	sigmaResSigNErr	fpm	fpmErr	fLiving	fLivingErr	fbkgCtTot	fbkgCtTotErr	lambdam	lambdamErr	lambdap	lambdapErr	lambdasym	lambdasymErr	NLL	nFitPar	EDM	NLLMass	nFitParMass	EDMMass	Prob	PROMPT	PROMPTErr	NON-PROMPT	NON-PROMPTErr	Bfraction	BfractionErr	Resolution	ResolutionErr	
0.0-0.4	6.5-30.0	0.0-100.0	0.000-1.571	0.008	0.064	4569.0	4566.0	3062.32	61.5356	1503.75	47.1989	-0.218763	0.102954	-0.05	0.0	0.411387	0.087094	3.09354	0.000420386	0.0203236	0.00159843	0.0177632	0.00122515	0.03	0.0	1.492	0.0	5.0	0.0	1.733	0.0	0.0188587	0.000503556	3.59557e-05	0.000193278	0.279536	0.0103139	0.709974	0.264125	-0.00206547	0.00229629	0.002249	0.00135634	1.32298	0.0992276	0.652985	0.0351546	0.699643	0.0921571	0.698167	0.163659	0.338514	0.0586324	0.0490398	0.0213606	0.235031	0.0227488	0.0749984	0.0173827	-9344.49	4.0	7.5283e-06	-39121.2	7.0	0.000100021	1.0	2052.85	53.705	1009.48	39.9259	0.329644	0.0112297	1168.89	84.7971	
0.0-1.2	6.5-30.0	0.0-10.0	0.000-1.571	0.008	0.088	6827.0	6823.0	3610.29	70.9169	3212.68	68.0526	0.0178051	0.0689311	-0.05	0.0	0.470262	0.0	3.09267	0.0	0.0212085	0.0	0.0331922	0.00135112	0.03	0.0	1.492	0.0	5.0	0.0	1.733	0.0	0.0281984	0.000421246	1.12992e-05	0.000388937	0.215005	0.00789652	0.282557	0.0	0.00228371	0.0	0.00136589	0.000728202	1.58042	0.0	0.922107	0.0215626	0.675138	0.168216	0.560222	0.147183	0.501552	0.0642267	0.0409034	0.0198555	0.224122	0.0234237	0.129056	0.0221068	-11069.0	4.0	7.5855e-07	-58004.7	4.0	9.83684e-06	1.0	2421.52	63.5567	1188.77	48.1892	0.329272	0.011676	1147.07	6.21797	
0.0-1.2	6.5-30.0	0.0-100.0	0.000-1.571	0.008	0.105	18342.0	18337.0	11529.1	126.419	6807.98	106.105	-0.0271565	0.0494221	-0.05	0.0	0.470262	0.0529054	3.09267	0.00030169	0.0212085	0.000642989	0.0324167	0.00144706	0.03	0.0	1.492	0.0	5.0	0.0	1.733	0.0	0.0277163	0.000544614	1.16782e-05	0.000130175	0.291388	0.00565966	0.282557	0.19576	0.00228371	0.00264771	0.000230541	0.000387438	1.58042	0.170805	0.850701	0.0113326	0.594762	0.0386257	0.922611	0.0193639	0.428128	0.0344198	0.0538314	0.00598401	0.192669	0.0101883	0.330357	0.0657386	-32485.7	4.0	6.91875e-05	-177647.0	7.0	3.43763e-05	1.0	7806.45	108.929	3722.69	78.7686	0.322894	0.00584313	1106.78	85.7365	
0.0-1.2	6.5-30.0	10.0-20.0	0.000-1.571	0.008	0.088	4344.0	4341.0	2619.47	58.3766	1721.53	50.0982	-0.0666237	0.0944608	-0.05	0.0	0.470262	0.0	3.09267	0.0	0.0212085	0.0	0.0326084	0.0014046	0.03	0.0	1.492	0.0	5.0	0.0	1.733	0.0	0.0278352	0.000435833	1.12992e-05	0.000388937	0.331869	0.0129307	0.282557	0.0	0.00228371	0.0	-0.000567758	0.000828511	1.58042	0.0	0.843238	0.0249855	0.489315	0.099814	0.898216	0.03112	0.304494	0.116304	0.0377469	0.00827784	0.176474	0.0177733	0.349051	0.0722753	-6964.2	4.0	1.32011e-07	-35560.8	4.0	8.47814e-07	1.0	1713.0	49.8583	906.477	37.9026	0.346053	0.0122431	1102.67	6.85408	
0.0-1.2	6.5-30.0	20.0-30.0	0.000-1.571	0.008	0.105	3027.0	3024.0	2021.76	49.4333	1002.32	37.7395	0.189077	0.124589	-0.05	0.0	0.470262	0.0	3.09267	0.0	0.0212085	0.0	0.0306561	0.00138032	0.03	0.0	1.492	0.0	5.0	0.0	1.733	0.0	0.026634	0.000420816	1.16782e-05	0.000130175	0.306435	0.0140581	0.282557	0.0	0.00228371	0.0	0.00138583	0.00088313	1.58042	0.0	0.814127	0.0256684	0.523124	0.00690402	1.0	16.5694	0.354555	0.00890617	0.0457876	0.000905353	0.204679	0.00343042	0.0366404	134.511	-5761.03	4.0	2.84593e-06	-24143.6	4.0	8.91343e-06	1.0	1379.24	43.3893	642.522	31.4989	0.317803	0.0135038	1086.86	6.8972	
0.0-1.2	6.5-30.0	30.0-40.0	0.000-1.571	0.008	0.064	1831.0	1830.0	1321.72	39.9467	508.237	27.97	-0.493891	0.177233	-0.05	0.0	0.470262	0.0	3.09267	0.0	0.0212085	0.0	0.0342555	0.00200755	0.03	0.0	1.492	0.0	5.0	0.0	1.733	0.0	0.0288642	0.000631058	1.32366e-05	0.000329048	0.298719	0.01777	0.282557	0.0	0.00228371	0.0	-0.00125012	0.00111526	1.58042	0.0	0.830982	0.0297559	0.589774	0.0046856	1.0	2.39895	0.418676	0.00469203	0.065633	0.000936651	0.192601	0.00199406	0.0262154	11.8377	-3865.91	4.0	2.98779e-06	-13891.7	4.0	3.61186e-06	1.0	946.931	35.6402	374.789	24.0721	0.283561	0.0160703	1095.98	8.09321	
0.0-1.2	6.5-30.0	40.0-50.0	0.000-1.571	0.016	0.048	1281.0	1267.0	1036.2	33.9672	230.697	18.6645	-0.188197	0.263896	-0.05	0.0	0.470262	0.0	3.09267	0.0	0.0212085	0.0	0.0322879	0.00181747	0.03	0.0	1.492	0.0	5.0	0.0	1.733	0.0	0.0276366	0.000562412	1.43354e-05	8.22848e-05	0.387307	0.0205872	0.282557	0.0	0.00228371	0.0	-0.00248629	0.00137213	1.58042	0.0	0.78278	0.0387937	0.751743	0.250737	0.66704	0.260632	1.64075e-07	0.204321	0.0155271	0.0127466	0.397694	0.0568717	0.0228626	0.0140539	-2464.06	4.0	1.69078e-05	-9451.98	4.0	7.34035e-05	1.0	602.016	27.8253	434.189	24.2359	0.419018	0.018931	1070.21	10.1786	
0.0-1.2	6.5-30.0	50.0-100.0	0.000-1.571	0.008	0.056	1029.0	1026.0	897.905	31.3638	128.055	14.6255	-0.238632	0.358853	-0.05	0.0	0.470262	0.0	3.09267	0.0	0.0212085	0.0	0.0312219	0.00178602	0.03	0.0	1.492	0.0	5.0	0.0	1.733	0.0	0.0269799	0.00054744	1.34486e-05	0.000306561	0.246983	0.0196218	0.282557	0.0	0.00228371	0.0	0.000651239	0.00115945	1.58042	0.0	0.743963	0.0349196	0.729737	0.430586	0.999942	0.0894433	0.13376	0.866434	0.00707102	3.95344e-09	0.218524	0.0343276	0.021386	2.93106	-2829.42	4.0	5.14663e-06	-7651.99	4.0	5.80953e-05	1.0	675.841	29.2626	222.064	18.9518	0.247313	0.0192578	1050.16	8.87403	
0.0-2.4	10.0-13.0	0.0-100.0	0.000-1.571	0.008	0.136	5976.0	5974.0	4389.23	74.7759	1584.87	52.791	-0.522908	0.104622	-0.05	0.0	0.347836	0.0716497	3.09202	0.000602691	0.0209838	0.00184191	0.0413933	0.00230608	0.03	0.0	1.492	0.0	5.0	0.0	1.733	0.0	0.0356452	0.00109881	1.25623e-05	9.06713e-05	0.238336	0.00773581	0.0553454	0.0788853	0.000212513	0.0144851	0.000226528	0.000548787	2.09412	0.553674	0.915396	0.0163041	0.659905	0.044588	0.885775	0.157319	0.22163	0.0904447	0.0386314	0.0141867	0.19435	0.0151295	0.0980537	0.0515693	-11877.3	4.0	4.03508e-06	-51729.6	7.0	1.03687e-05	1.0	3004.07	67.2509	1385.16	49.602	0.315582	0.00994006	1017.0	75.9962	
0.0-2.4	10.0-30.0	0.0-100.0	0.000-1.571	0.004	0.144	9277.0	9275.0	6898.27	93.6449	2377.27	65.1769	-0.536526	0.0859566	-0.05	0.0	0.401815	0.0570486	3.09271	0.000472337	0.0217886	0.00136044	0.0433556	0.00207669	0.03	0.0	1.492	0.0	5.0	0.0	1.733	0.0	0.0362653	0.000940029	1.0177e-05	0.00195203	0.225055	0.00568577	0.0477214	0.0592155	-0.000892962	0.00748279	-0.000414505	0.000417722	2.03646	0.461587	0.93686	0.0133526	0.818248	0.0664978	0.842156	0.156019	0.295304	0.100298	0.0638898	0.0120194	0.20345	0.0103917	0.0303188	0.0199106	-18848.6	4.0	8.41081e-07	-84603.2	7.0	0.000150676	1.0	4556.69	83.638	2341.59	64.6482	0.339445	0.00816051	1016.73	52.7937	
0.0-2.4	11.0-13.0	0.0-100.0	0.000-1.571	0.008	0.105	3108.0	3106.0	2342.43	54.2562	763.648	36.9464	-0.680003	0.152075	-0.05	0.0	0.433415	0.0830342	3.09259	0.000822341	0.0222256	0.00204027	0.0469087	0.00380078	0.03	0.0	1.492	0.0	5.0	0.0	1.733	0.0	0.0382208	0.00163445	4.93653e-05	0.000238442	0.254106	0.0107776	0.0328637	0.0389686	-0.000371389	0.0145275	0.000609074	0.000754772	2.53131	0.734887	0.939325	0.0232434	0.792561	0.07562	0.626462	0.0597203	1.44284e-06	0.0853198	0.0747545	0.0186706	0.202464	0.0158021	0.0200004	0.0120494	-6118.05	4.0	6.10247e-05	-24953.1	7.0	4.65956e-05	1.0	1546.97	48.0845	795.466	36.9826	0.33959	0.0136892	1031.46	60.8797	
0.0-2.4	13.0-16.0	0.0-100.0	0.000-1.571	0.008	0.08	1975.0	1970.0	1546.48	44.223	423.771	28.864	-0.352939	0.206787	-0.05	0.0	0.543623	0.0975666	3.09387	0.000994795	0.0240558	0.00258401	0.0545342	0.00590455	0.03	0.0	1.492	0.0	5.0	0.0	1.733	0.0	0.0408882	0.00233276	1.00002e-05	0.000966722	0.241851	0.013307	0.0326157	0.0670782	-0.00999634	0.0183094	0.00160442	0.000905847	1.86063	0.773549	1.00484	0.0295391	0.943876	0.173927	0.668734	0.212529	0.10608	0.0642014	0.0451587	0.0280239	0.18272	0.0213167	0.0411827	0.0100684	-4220.44	4.0	9.0627e-06	-15055.2	7.0	0.000178262	1.0	1061.87	39.9251	484.607	29.3939	0.313361	0.0167621	1043.88	47.3986	
0.0-2.4	13.0-30.0	0.0-100.0	0.000-1.571	0.008	0.105	3301.0	3301.0	2512.78	56.279	788.28	37.9847	-0.567596	0.149218	-0.05	0.0	0.486093	0.0794629	3.094	0.000759073	0.0228152	0.00183113	0.0473307	0.00372071	0.03	0.0	1.492	0.0	5.0	0.0	1.733	0.0	0.0374737	0.00153708	2.10356e-05	0.0045896	0.20593	0.0082808	0.0347602	0.122355	-0.00537756	0.015369	-0.000386703	0.000647332	1.80759	0.989032	0.964911	0.0231451	0.844658	0.124019	0.915234	0.2143	0.369701	0.0749145	0.0420729	0.0129352	0.221237	0.0194405	0.0407977	0.0277891	-6985.57	4.0	1.49464e-05	-26842.0	7.0	5.09427e-06	1.0	1557.93	49.5053	954.851	41.117	0.379998	0.0139756	1006.11	78.1914	
0.0-2.4	16.0-30.0	0.0-100.0	0.000-1.571	0.008	0.064	1325.0	1324.0	971.748	34.9337	352.252	24.5123	-0.818619	0.222426	-0.05	0.0	0.254956	0.176328	3.09443	0.00127263	0.0201288	0.00411938	0.0349167	0.00428742	0.03	0.0	1.492	0.0	5.0	0.0	1.733	0.0	0.0318063	0.00211127	5.46616e-05	1.05755	0.18108	0.0106601	0.461092	0.573416	0.00155876	0.00498774	-0.00323539	0.00122307	1.33655	0.440517	0.742278	0.0429899	0.712193	0.85426	0.96417	0.073116	0.368556	0.666205	0.00709175	0.0111696	0.264453	0.029377	0.0608164	0.0574704	-2793.29	4.0	2.84237e-06	-9515.52	7.0	7.61947e-07	1.0	547.113	28.8496	424.635	26.0478	0.43698	0.0217195	1058.59	210.942	
0.0-2.4	6.5-30.0	0.0-10.0	0.000-1.571	0.008	0.136	17681.0	17651.0	8037.84	107.992	9614.24	115.058	-0.0602557	0.0398466	-0.05	0.0	0.348142	0.0	3.09255	0.0	0.0508456	0.0	0.0262853	0.000583248	0.03	0.0	1.492	0.0	5.0	0.0	1.733	0.0	0.0367481	0.000135973	3.37928e-05	7.02542e-05	0.222261	0.00612971	0.17037	0.0	0.00383435	0.0	0.00131993	0.000454753	1.75411	0.0	0.95893	0.0121247	0.793872	0.0627222	0.463245	0.0738821	0.455081	0.0537051	0.140333	0.0231676	0.20213	0.0116137	0.0572435	0.0113143	-24874.3	4.0	1.26687e-05	-163141.0	4.0	7.37357e-05	1.0	5763.46	100.918	2274.38	71.5684	0.282959	0.00805153	1134.5	4.25117	
0.0-2.4	6.5-30.0	0.0-100.0	0.000-1.571	0.004	0.152	45323.0	45305.0	25186.5	210.06	20117.9	197.621	-0.150716	0.0286759	-0.05	0.0	0.348142	0.0318678	3.09255	0.000272206	0.0508456	0.00181988	0.0263145	0.000576932	0.03	0.0	1.492	0.0	5.0	0.0	1.733	0.0	0.0367617	0.000615116	1.79985e-05	0.004591	0.256011	0.00382677	0.17037	0.071026	0.00383435	0.00270686	0.00191453	0.000255344	1.75411	0.130378	0.92783	0.00672996	0.578102	0.030104	0.938585	0.0155438	0.497431	0.0244481	0.0563439	0.00480653	0.175337	0.00598642	0.287839	0.0493388	-71435.9	4.0	1.35286e-05	-468347.0	7.0	5.44102e-05	1.0	18212.8	184.662	6973.74	120.041	0.276884	0.00416928	1112.84	39.5238	
0.0-2.4	6.5-30.0	0.0-5.0	0.000-1.571	0.008	0.152	9695.0	9686.0	4358.62	80.1844	5328.01	86.0157	0.0491293	0.0534834	-0.05	0.0	0.348142	0.0	3.09255	0.0	0.0508456	0.0	0.0259959	0.000844212	0.03	0.0	1.492	0.0	5.0	0.0	1.733	0.0	0.0366137	0.00019536	1.79985e-05	0.004591	0.221451	0.00834682	0.17037	0.0	0.00383435	0.0	0.00380816	0.000631932	1.75411	0.0	1.01656	0.0169282	0.598427	0.174836	0.724038	0.0887854	0.543855	0.0967346	0.0379479	0.0188864	0.161422	0.0121428	0.143687	0.0210658	-13513.6	4.0	6.75926e-06	-83651.5	4.0	4.39922e-05	1.0	3144.81	75.022	1213.82	52.7241	0.278486	0.010958	1175.39	6.07316	
0.0-2.4	6.5-30.0	10.0-15.0	0.000-1.571	0.008	0.152	6001.0	5999.0	3033.52	65.5027	2965.38	64.9802	-0.153106	0.071955	-0.05	0.0	0.348142	0.0	3.09255	0.0	0.0508456	0.0	0.0265266	0.00094601	0.03	0.0	1.492	0.0	5.0	0.0	1.733	0.0	0.0368609	0.000221888	1.79985e-05	0.004591	0.299991	0.0121189	0.17037	0.0	0.00383435	0.0	0.00443138	0.000740032	1.75411	0.0	0.930416	0.0194898	0.401492	0.0432946	0.875523	0.0494789	0.313123	0.0704557	0.0313048	0.0053946	0.14971	0.0142036	0.160999	0.040113	-8575.2	4.0	7.85124e-06	-49361.4	4.0	3.1567e-06	1.0	2136.44	58.5308	897.08	40.9011	0.295722	0.0118751	1114.63	6.74851	
0.0-2.4	6.5-30.0	10.0-20.0	0.000-1.571	0.008	0.16	10796.0	10794.0	5732.89	88.595	5061.12	84.7186	-0.155908	0.0551527	-0.05	0.0	0.348142	0.0	3.09255	0.0	0.0508456	0.0	0.0267003	0.000682847	0.03	0.0	1.492	0.0	5.0	0.0	1.733	0.0	0.0369426	0.000160855	1.00282e-05	0.000232918	0.274389	0.00830015	0.17037	0.0	0.00383435	0.0	0.00226161	0.000553138	1.75411	0.0	0.935272	0.0144771	0.45613	0.0628903	0.887219	0.0253603	0.349527	0.0771074	0.0348034	0.00523458	0.145827	0.0106916	0.262715	0.0362661	-15987.2	4.0	7.30283e-05	-95602.9	4.0	5.03286e-07	1.0	4059.66	80.5388	1673.23	56.7377	0.291865	0.00880932	1118.0	5.02381	
0.0-2.4	6.5-30.0	15.0-20.0	0.000-1.571	0.008	0.16	4795.0	4795.0	2692.63	59.5577	2102.27	54.38	-0.159237	0.0857005	-0.05	0.0	0.348142	0.0	3.09255	0.0	0.0508456	0.0	0.026811	0.000975882	0.03	0.0	1.492	0.0	5.0	0.0	1.733	0.0	0.0369948	0.000230511	1.00282e-05	0.000232918	0.247324	0.0110264	0.17037	0.0	0.00383435	0.0	-0.00205605	0.000827558	1.75411	0.0	0.950405	0.0211321	0.722727	0.0780978	0.841275	0.0488078	0.508407	0.0527193	0.0579951	0.0165379	0.144401	0.0153282	0.337653	0.061742	-7441.45	4.0	1.83398e-07	-38836.8	4.0	9.53572e-05	1.0	1903.82	55.3844	788.81	39.9822	0.292952	0.0133604	1128.54	7.3823	
0.0-2.4	6.5-30.0	20.0-25.0	0.000-1.571	0.008	0.136	4023.0	4019.0	2383.05	55.1142	1635.7	47.8574	-0.284307	0.0975478	-0.05	0.0	0.348142	0.0	3.09255	0.0	0.0508456	0.0	0.0249451	0.000904412	0.03	0.0	1.492	0.0	5.0	0.0	1.733	0.0	0.036134	0.000203497	3.37928e-05	7.02542e-05	0.245796	0.0125772	0.17037	0.0	0.00383435	0.0	0.00205129	0.000764981	1.75411	0.0	0.830504	0.0200503	0.499277	0.202374	0.54419	0.213769	0.193595	0.109925	0.0408403	0.0128431	0.198403	0.0227986	0.0439462	0.0118307	-7158.72	4.0	3.86642e-07	-32114.9	4.0	2.68295e-05	1.0	1801.01	51.4065	582.04	32.9978	0.244241	0.0126423	1047.11	6.59668	
0.0-2.4	6.5-30.0	20.0-30.0	0.000-1.571	0.008	0.136	7407.0	7398.0	4510.96	75.3257	2886.48	63.6378	-0.202091	0.0734048	-0.05	0.0	0.348142	0.0	3.09255	0.0	0.0508456	0.0	0.0252069	0.000646928	0.03	0.0	1.492	0.0	5.0	0.0	1.733	0.0	0.0362522	0.00014661	3.37928e-05	7.02542e-05	0.265892	0.00919221	0.17037	0.0	0.00383435	0.0	0.00183651	0.000575042	1.75411	0.0	0.854073	0.0151528	0.535978	0.103876	0.677235	0.174798	0.303332	0.104194	0.0455683	0.00849583	0.178719	0.0143369	0.0370428	0.0147741	-12998.6	4.0	7.96396e-06	-63846.7	4.0	5.96049e-05	1.0	3280.48	69.3698	1230.48	47.2614	0.272775	0.00943508	1062.72	5.05151	
0.0-2.4	6.5-30.0	25.0-30.0	0.000-1.571	0.008	0.136	3383.0	3379.0	2127.45	51.3546	1251.32	41.968	-0.0932477	0.111484	-0.05	0.0	0.348142	0.0	3.09255	0.0	0.0508456	0.0	0.0254639	0.00092732	0.03	0.0	1.492	0.0	5.0	0.0	1.733	0.0	0.0363691	0.000211614	3.37928e-05	7.02542e-05	0.282338	0.0132087	0.17037	0.0	0.00383435	0.0	0.00129187	0.000873321	1.75411	0.0	0.885622	0.0230027	0.624493	0.271514	0.785901	7.36961	0.432514	6.15705	0.0520597	0.131245	0.164366	0.0618958	0.0200019	5.31473	-5852.57	4.0	2.06814e-07	-26635.6	4.0	2.72596e-05	1.0	1474.64	46.6603	652.81	34.0353	0.306852	0.0141802	1083.93	7.79613	
0.0-2.4	6.5-30.0	30.0-35.0	0.000-1.571	0.008	0.12	2556.0	2552.0	1558.91	44.7765	992.98	37.9344	-0.312775	0.125467	-0.05	0.0	0.348142	0.0	3.09255	0.0	0.0508456	0.0	0.025929	0.00124379	0.03	0.0	1.492	0.0	5.0	0.0	1.733	0.0	0.0365827	0.00028733	3.63218e-05	5.72307e-05	0.2184	0.0150086	0.17037	0.0	0.00383435	0.0	0.00165963	0.00100622	1.75411	0.0	0.911419	0.0258245	0.550997	0.065597	0.99857	0.439823	0.500609	0.0911321	0.0534963	0.00947988	0.212713	0.0237032	0.042357	4.10324	-4625.62	4.0	2.39905e-05	-19275.5	4.0	1.22957e-05	1.0	1199.12	42.7776	359.79	27.3942	0.230796	0.0162743	1101.53	8.86355	
0.0-2.4	6.5-30.0	30.0-40.0	0.000-1.571	0.008	0.12	4416.0	4412.0	2879.08	59.6144	1532.59	46.9833	-0.303113	0.101249	-0.05	0.0	0.348142	0.0	3.09255	0.0	0.0508456	0.0	0.0255165	0.000826634	0.03	0.0	1.492	0.0	5.0	0.0	1.733	0.0	0.0363932	0.000188902	3.63218e-05	5.72307e-05	0.236901	0.010963	0.17037	0.0	0.00383435	0.0	0.00142904	0.000730399	1.75411	0.0	0.857465	0.0186734	0.665206	0.0838732	0.659242	0.190315	0.42302	0.0753699	0.0650336	0.0126487	0.226263	0.0254414	0.0617486	0.0159404	-8244.03	4.0	1.12165e-05	-36115.5	4.0	3.24453e-05	1.0	2138.77	56.3702	740.315	38.0969	0.257136	0.0121139	1064.99	6.23664	
0.0-2.4	6.5-30.0	35.0-40.0	0.000-1.571	0.008	0.12	1860.0	1860.0	1316.06	39.3718	543.86	27.8933	-0.283025	0.170517	-0.05	0.0	0.348142	0.0	3.09255	0.0	0.0508456	0.0	0.0250221	0.00110182	0.03	0.0	1.492	0.0	5.0	0.0	1.733	0.0	0.0361687	0.000248442	3.63218e-05	5.72307e-05	0.253759	0.0159521	0.17037	0.0	0.00383435	0.0	0.0018203	0.00105544	1.75411	0.0	0.810462	0.026995	0.999995	13.9671	0.320436	0.134623	0.390479	0.0275867	0.0995001	19.301	0.263023	0.021236	0.0825033	0.00640999	-3637.84	4.0	3.0698e-05	-13851.1	4.0	8.33196e-06	1.0	935.139	36.6982	380.919	26.3431	0.289439	0.0180469	1034.0	8.77708	
0.0-2.4	6.5-30.0	40.0-45.0	0.000-1.571	0.008	0.12	1431.0	1429.0	1044.01	34.9351	384.928	23.6944	-0.37984	0.203651	-0.05	0.0	0.348142	0.0	3.09255	0.0	0.0508456	0.0	0.0237173	0.00115917	0.03	0.0	1.492	0.0	5.0	0.0	1.733	0.0	0.035591	0.000251765	3.63218e-05	5.72307e-05	0.230574	0.0181382	0.17037	0.0	0.00383435	0.0	-0.000642821	0.00121808	1.75411	0.0	0.831125	0.0330977	0.609554	0.127363	0.550505	0.13991	0.0497326	0.113692	0.0278016	0.0116502	0.402622	0.0621756	0.0488681	0.0144646	-2927.88	4.0	1.19685e-05	-10353.3	4.0	3.7092e-06	1.0	793.783	33.1118	250.226	21.4702	0.239678	0.0189368	1047.52	10.8932	
0.0-2.4	6.5-30.0	40.0-50.0	0.000-1.571	0.008	0.136	2704.0	2700.0	2055.75	48.5626	644.215	30.7697	-0.849016	0.161194	-0.05	0.0	0.348142	0.0	3.09255	0.0	0.0508456	0.0	0.0269546	0.000876493	0.03	0.0	1.492	0.0	5.0	0.0	1.733	0.0	0.0370628	0.000207762	3.37928e-05	7.02542e-05	0.32833	0.0143905	0.17037	0.0	0.00383435	0.0	-0.00127589	0.000882221	1.75411	0.0	0.785704	0.024269	0.619303	0.180305	0.641787	0.182634	1.73701e-06	0.749225	0.0319215	0.00783876	0.30981	0.031158	0.0388728	0.0103833	-4975.47	4.0	4.45755e-05	-21380.2	4.0	1.34829e-06	1.0	1367.01	42.7636	688.745	32.4135	0.335033	0.013637	1018.02	7.76976	
0.0-2.4	6.5-30.0	45.0-50.0	0.000-1.571	0.008	0.136	1272.0	1270.0	1009.85	33.649	260.109	19.559	-1.57347	0.268166	-0.05	0.0	0.348142	0.0	3.09255	0.0	0.0508456	0.0	0.0298033	0.00133201	0.03	0.0	1.492	0.0	5.0	0.0	1.733	0.0	0.0384584	0.000336436	3.37928e-05	7.02542e-05	0.378284	0.0198793	0.17037	0.0	0.00383435	0.0	-0.00306686	0.00127528	1.75411	0.0	0.720484	0.0354375	0.688522	0.806671	0.756265	0.848635	0.00874842	0.7708	0.0302739	0.0141028	0.228872	0.0326159	0.0291785	0.0211666	-2125.01	4.0	2.19189e-06	-9168.13	4.0	2.26815e-05	1.0	557.038	27.4998	452.812	25.286	0.448396	0.0200933	977.174	10.8385	
0.0-2.4	6.5-30.0	5.0-10.0	0.000-1.571	0.008	0.112	7985.0	7946.0	3680.45	72.4732	4265.93	76.4045	-0.180509	0.0599194	-0.05	0.0	0.348142	0.0	3.09255	0.0	0.0508456	0.0	0.0266209	0.000816076	0.03	0.0	1.492	0.0	5.0	0.0	1.733	0.0	0.0369052	0.000191862	3.69703e-05	0.0265992	0.228887	0.00932407	0.17037	0.0	0.00383435	0.0	0.0029058	0.00066058	1.75411	0.0	0.935441	0.017806	0.204432	0.0687054	0.575022	0.0594651	8.47442e-08	7.0356	0.0070793	1.01679e-08	0.297953	0.0452398	0.0844449	0.00925691	-11319.0	4.0	1.7245e-07	-67176.6	4.0	2.06566e-05	1.0	2651.84	66.9579	1028.61	46.5494	0.279479	0.0113877	1118.11	6.17946	
0.0-2.4	6.5-30.0	50.0-100.0	0.000-1.571	0.008	0.088	2316.0	2299.0	1919.54	46.3954	379.499	24.7495	-0.403505	0.210079	-0.05	0.0	0.348142	0.0	3.09255	0.0	0.0508456	0.0	0.0270067	0.00101834	0.03	0.0	1.492	0.0	5.0	0.0	1.733	0.0	0.0370875	0.000241691	3.69533e-05	0.0259228	0.218995	0.0130838	0.17037	0.0	0.00383435	0.0	0.00251143	0.00089172	1.75411	0.0	0.844264	0.0242018	0.761231	0.0165719	0.999999	11.2739	0.280877	0.019209	0.030288	0.00287579	0.241851	0.00627997	0.0213752	33.9813	-5377.21	4.0	4.15442e-05	-18216.0	4.0	9.79825e-05	1.0	1475.33	44.8538	444.21	29.2504	0.231415	0.0141746	1056.2	8.02481	
0.0-2.4	6.5-30.0	50.0-55.0	0.000-1.571	0.008	0.08	826.0	816.0	666.06	27.508	149.905	15.51	-0.271242	0.330808	-0.05	0.0	0.348142	0.0	3.09255	0.0	0.0508456	0.0	0.0281236	0.0018155	0.03	0.0	1.492	0.0	5.0	0.0	1.733	0.0	0.0376247	0.0004423	1.00002e-05	2.73951e-05	0.180059	0.0198665	0.17037	0.0	0.00383435	0.0	0.00189436	0.00171667	1.75411	0.0	0.919146	0.0503153	0.57675	0.29556	0.849194	0.78186	0.000430014	0.968455	0.0287424	0.0169115	0.213113	0.0409978	0.0243114	0.055882	-1899.05	4.0	3.27841e-05	-5573.28	4.0	2.64823e-05	1.0	519.111	27.8203	146.948	18.7394	0.220624	0.0266184	1106.85	17.3321	
0.0-2.4	6.5-30.0	50.0-60.0	0.000-1.571	0.008	0.08	1338.0	1324.0	1100.13	35.2254	223.765	19.0928	-0.405974	0.273277	-0.05	0.0	0.348142	0.0	3.09255	0.0	0.0508456	0.0	0.0283406	0.00141565	0.03	0.0	1.492	0.0	5.0	0.0	1.733	0.0	0.0377307	0.000346572	1.00002e-05	2.73951e-05	0.177482	0.0146637	0.17037	0.0	0.00383435	0.0	0.00263707	0.00127018	1.75411	0.0	0.878252	0.0353114	0.71263	0.762701	0.66874	0.799329	0.000308429	0.758221	0.0217911	0.0238621	0.290739	0.0440554	0.0200008	0.175938	-3090.89	4.0	1.00453e-06	-9721.04	4.0	3.01038e-05	1.0	839.638	35.1378	260.491	24.1132	0.236782	0.0205655	1078.95	11.9231	
0.0-2.4	6.5-30.0	55.0-60.0	0.000-1.571	0.008	0.073	511.0	506.0	433.146	21.9527	72.8806	11.0313	-0.714121	0.48785	-0.05	0.0	0.348142	0.0	3.09255	0.0	0.0508456	0.0	0.0285032	0.00223681	0.03	0.0	1.492	0.0	5.0	0.0	1.733	0.0	0.0378105	0.000549584	3.34445e-05	6.9324e-05	0.177875	0.0218711	0.17037	0.0	0.00383435	0.0	0.00426845	0.00183348	1.75411	0.0	0.817595	0.0483232	0.619966	1.05936	0.99819	1.15368	0.138152	1.14488	0.00706109	0.0186146	0.411282	0.165052	0.0203071	3.32617	-1195.84	4.0	1.93358e-08	-3255.71	4.0	1.80177e-05	1.0	321.995	21.373	111.15	14.907	0.256612	0.0318637	1038.65	15.779	
0.0-2.4	6.5-30.0	60.0-100.0	0.000-1.571	0.008	0.088	978.0	971.0	814.223	30.1134	156.746	15.7914	-0.407415	0.325357	-0.05	0.0	0.348142	0.0	3.09255	0.0	0.0508456	0.0	0.0246139	0.00151387	0.03	0.0	1.492	0.0	5.0	0.0	1.733	0.0	0.0359856	0.00033749	3.69533e-05	0.0259228	0.270513	0.0234309	0.17037	0.0	0.00383435	0.0	0.00193899	0.00123526	1.75411	0.0	0.787156	0.0324424	0.863427	0.0214305	1.0	1.34818	0.259475	0.0261838	0.0547277	0.00892493	0.194055	0.0085556	0.0481693	5.95691	-2292.62	4.0	7.03027e-07	-6898.37	4.0	1.90252e-06	1.0	624.102	28.3436	190.12	17.8892	0.233499	0.0202026	1018.95	10.3962	
0.0-2.4	6.5-30.0	60.0-70.0	0.000-1.571	0.008	0.088	643.0	637.0	540.668	24.4046	96.3366	12.2987	-0.556174	0.415738	-0.05	0.0	0.348142	0.0	3.09255	0.0	0.0508456	0.0	0.0233381	0.00173625	0.03	0.0	1.492	0.0	5.0	0.0	1.733	0.0	0.0354272	0.000372789	3.69533e-05	0.0259228	0.295556	0.030941	0.17037	0.0	0.00383435	0.0	0.0023911	0.00151485	1.75411	0.0	0.792396	0.0392298	0.999945	1.4248	0.999999	6.91718	0.494091	0.0779692	0.00711437	2.84284	0.227488	0.0364788	0.0200048	41.3912	-1527.45	4.0	1.12646e-06	-4283.94	4.0	3.00924e-07	1.0	414.115	22.782	126.553	14.2214	0.234068	0.0240882	1022.32	12.6133	
0.0-2.4	6.5-30.0	70.0-100.0	0.000-1.571	0.016	0.073	334.0	331.0	270.307	17.5138	60.6415	9.85421	-0.184678	0.515169	-0.05	0.0	0.348142	0.0	3.09255	0.0	0.0508456	0.0	0.0262648	0.00266037	0.03	0.0	1.492	0.0	5.0	0.0	1.733	0.0	0.0367385	0.000619894	3.69173e-05	0.0282483	0.219023	0.0332107	0.17037	0.0	0.00383435	0.0	0.00156079	0.00226485	1.75411	0.0	0.829025	0.0609381	0.787583	0.0360717	1.0	0.966356	1.7584e-06	0.0203293	0.0475606	0.0120873	0.151873	0.0104653	0.0618466	4.56395	-761.188	4.0	6.11877e-06	-1971.59	4.0	2.08551e-05	1.0	205.862	16.705	64.4449	10.8897	0.238414	0.0372071	1046.14	20.0319	
0.0-2.4	6.5-7.5	0.0-100.0	0.000-1.571	0.016	0.16	17695.0	17690.0	7429.88	124.317	10260.1	135.123	-0.0401659	0.0388695	-0.05	0.0	0.624172	0.0213141	3.0896	0.000599076	0.03	0.000384169	0.07	0.00232309	0.03	0.0	1.492	0.0	5.0	0.0	1.733	0.0	0.0490236	0.000763512	8.17783e-05	0.000350179	0.266185	0.00924603	0.206936	0.0943215	0.00999971	0.0031414	0.0036264	0.000496793	1.88995	0.200823	0.951459	0.010975	0.480685	0.0278122	0.892566	0.0293459	0.575372	0.0355796	0.0596264	0.00665092	0.133068	0.0111644	0.280161	0.0385205	-23877.7	4.0	1.03387e-05	-162140.0	7.0	8.91518e-06	1.0	5962.41	113.997	1467.47	60.3783	0.197509	0.00742411	1207.1	61.5123	
0.0-2.4	6.5-8.0	0.0-100.0	0.000-1.571	0.016	0.16	23798.0	23790.0	10431.3	129.293	13358.6	140.153	-0.0606025	0.0358096	-0.05	0.0	0.37691	0.0633368	3.09111	0.000476115	0.045	0.000288862	0.0299302	0.00125516	0.03	0.0	1.492	0.0	5.0	0.0	1.733	0.0	0.0363513	0.000591716	2.99332e-05	0.00458551	0.299933	0.00754865	0.247328	0.092515	0.00999999	0.0035556	0.00302004	0.000429793	1.76918	0.144226	0.909537	0.00978463	0.494838	0.0439718	0.879032	0.032243	0.550829	0.0352169	0.0572515	0.0070454	0.145983	0.00896079	0.239328	0.0340375	-32388.5	4.0	1.89179e-05	-226305.0	7.0	0.000124675	1.0	7985.03	118.121	2446.24	71.2482	0.234511	0.0061809	1181.86	52.4564	
0.0-2.4	7.5-8.5	0.0-100.0	0.000-1.571	0.008	0.145	10496.0	10490.0	5990.87	98.5054	4499.2	90.6171	-0.206264	0.0618272	-0.05	0.0	0.568302	0.0744652	3.09093	0.000562078	0.0274024	0.00127528	0.051234	0.00439034	0.03	0.0	1.492	0.0	5.0	0.0	1.733	0.0	0.0394956	0.00153449	8.73167e-05	0.000503063	0.296944	0.0089439	0.23764	0.117549	0.00999999	0.0168022	0.00235021	0.000585884	1.61931	0.149835	0.876389	0.0151818	0.488835	0.0549321	0.888533	0.0545882	0.411624	0.0564924	0.0461949	0.00683242	0.188736	0.0119507	0.177848	0.0469242	-16321.3	4.0	3.61353e-05	-93351.9	7.0	1.74331e-05	1.0	4356.04	87.1251	1634.83	56.4207	0.272887	0.0082802	1099.39	56.2602	
0.0-2.4	8.0-10.0	0.0-100.0	0.000-1.571	0.008	0.152	12248.0	12242.0	7656.22	107.244	4585.81	91.7542	-0.169423	0.0594868	-0.05	0.0	0.452931	0.0480248	3.093	0.000454714	0.046252	0.00205636	0.0226897	0.000961795	0.03	0.0	1.492	0.0	5.0	0.0	1.733	0.0	0.0353634	0.00083883	8.77568e-05	0.000222665	0.24004	0.00655143	0.22052	0.162925	0.000482536	0.00445097	0.00250108	0.000495026	1.61158	0.193917	0.888724	0.0133461	0.574217	0.121003	0.749709	0.13314	0.400467	0.101547	0.0334256	0.0105847	0.252055	0.0167511	0.0827435	0.0204064	-21436.7	4.0	5.68379e-07	-112371.0	7.0	6.62781e-06	1.0	5503.39	96.2854	2152.83	65.0972	0.281187	0.00753521	1090.13	74.6814	
0.0-2.4	8.5-9.5	0.0-100.0	0.000-1.571	0.008	0.12	5761.0	5749.0	3655.02	72.9186	2093.96	61.2483	-0.200325	0.0876957	-0.05	0.0	0.476543	0.0662613	3.09419	0.000642209	0.0447001	0.00268434	0.0222849	0.0012616	0.03	0.0	1.492	0.0	5.0	0.0	1.733	0.0	0.0348157	0.00110878	6.95629e-05	0.856416	0.23625	0.00852025	0.195257	0.140777	-0.00999932	0.0168172	0.00173649	0.000720822	1.55521	0.187671	0.892725	0.0192862	0.743768	0.171521	0.686267	0.228497	0.398976	0.102129	0.0457483	0.0205038	0.225932	0.0190342	0.0481849	0.0197376	-10101.4	4.0	2.72913e-06	-48591.3	7.0	1.84015e-06	1.0	2499.1	64.5212	1155.93	47.0002	0.316257	0.0112048	1055.28	60.8066	
0.0-2.4	9.5-11.0	0.0-100.0	0.000-1.571	0.008	0.136	4960.0	4957.0	3447.79	70.915	1509.68	55.5871	-0.312842	0.106471	-0.05	0.0	0.366445	0.0797109	3.09223	0.000660299	0.0473147	0.00357078	0.0243457	0.00162417	0.03	0.0	1.492	0.0	5.0	0.0	1.733	0.0	0.0345814	0.00135357	1.00134e-05	0.000394123	0.250471	0.0100856	0.411816	0.288493	0.0022233	0.00388478	-7.00189e-05	0.000760242	1.51553	0.180886	0.721599	0.0215229	0.966251	0.0359741	0.456732	0.0878647	0.227536	0.139862	0.221583	0.145845	0.256313	0.0196199	0.0455975	0.0120538	-9506.71	4.0	5.59523e-06	-41688.4	7.0	6.29556e-05	1.0	2496.72	63.1502	951.074	41.635	0.27585	0.01066	1118.99	125.166	
0.4-0.8	6.5-30.0	0.0-100.0	0.000-1.571	0.008	0.073	5085.0	5085.0	3359.39	67.0978	1725.57	53.5507	-0.0902034	0.0967168	-0.05	0.0	0.759539	0.072341	3.09242	0.000499998	0.0226349	0.000772645	0.0375524	0.00448085	0.03	0.0	1.492	0.0	5.0	0.0	1.733	0.0	0.0269859	0.000992298	1.07909e-05	6.48731e-06	0.284055	0.0105721	0.164736	0.163076	-0.00113548	0.00593586	-0.000899043	0.000630213	1.82366	0.359661	0.924172	0.0189527	0.734559	0.0674867	0.913333	0.0355504	0.486019	0.0509202	0.0644536	0.020712	0.203119	0.0210976	0.499	0.140361	-9946.47	4.0	7.97901e-06	-43423.0	7.0	1.37495e-05	1.0	2315.17	58.3329	1044.22	41.2243	0.310835	0.010585	1123.06	102.016	
0.8-1.2	6.5-30.0	0.0-100.0	0.000-1.571	0.008	0.105	8687.0	8682.0	5151.95	89.0948	3530.35	79.4718	0.102388	0.0701697	-0.05	0.0	0.125235	0.0912082	3.09304	0.000590545	0.0274051	0.00355859	0.0324942	0.00120224	0.03	0.0	1.492	0.0	5.0	0.0	1.733	0.0	0.0319014	0.000609095	3.76156e-05	0.000218351	0.308484	0.00887228	0.510138	0.279061	0.00698866	0.00378923	-9.71461e-05	0.000702159	1.44442	0.131788	0.709825	0.0190678	0.518941	0.0550387	0.859563	0.0472113	0.441298	0.0487883	0.0484642	0.0074432	0.185493	0.0131573	0.222312	0.0436847	-13561.0	4.0	3.07885e-05	-76061.8	7.0	5.12218e-05	1.0	3489.23	75.2356	1662.72	53.3497	0.322735	0.00872246	1145.05	105.37	
1.2-1.6	6.5-30.0	0.0-10.0	0.000-1.571	0.008	0.136	4868.0	4860.0	1959.33	55.4718	2900.61	63.3891	0.107559	0.0723652	-0.05	0.0	0.440878	0.0	3.09149	0.0	0.046782	0.0	0.0327623	0.00172576	0.03	0.0	1.492	0.0	5.0	0.0	1.733	0.0	0.0395604	0.000399548	2.31047e-05	0.000294422	0.243496	0.0127875	0.103775	0.0	0.00999984	0.0	0.00143012	0.00083254	2.09199	0.0	0.880969	0.0224055	0.911038	0.0785018	0.279776	0.0554509	0.302455	0.0810733	0.182899	0.090547	0.210881	0.0196602	0.0544747	0.00760914	-6172.83	4.0	2.04852e-07	-38219.3	4.0	3.2049e-05	1.0	1339.09	50.3293	620.234	37.471	0.316555	0.0168945	1072.25	8.24905	
1.2-1.6	6.5-30.0	0.0-100.0	0.000-1.571	0.008	0.136	11739.0	11720.0	5982.75	109.645	5736.96	108.49	-0.0597424	0.0555316	-0.05	0.0	0.440878	0.0981069	3.09149	0.00067394	0.046782	0.00289424	0.0317818	0.00169935	0.03	0.0	1.492	0.0	5.0	0.0	1.733	0.0	0.0391107	0.00113031	2.31047e-05	0.000294422	0.223634	0.00724373	0.103775	0.0507441	0.00999984	0.0195355	0.00172526	0.000514904	2.09199	0.256609	0.946442	0.0133397	0.740872	0.0971203	0.442426	0.0941124	0.340617	0.0861484	0.100337	0.0202399	0.210711	0.0140591	0.0429403	0.00960736	-17495.1	4.0	1.78128e-05	-104186.0	7.0	9.72064e-05	1.0	4338.76	96.9088	1643.99	63.0582	0.274788	0.00925908	1121.14	46.8391	
1.2-1.6	6.5-30.0	10.0-20.0	0.000-1.571	0.008	0.128	2592.0	2583.0	1313.81	43.6786	1269.42	43.1663	-0.166496	0.110022	-0.05	0.0	0.440878	0.0	3.09149	0.0	0.046782	0.0	0.0352414	0.00233602	0.03	0.0	1.492	0.0	5.0	0.0	1.733	0.0	0.0407344	0.000564995	2.94195e-05	0.000284662	0.189773	0.0122716	0.103775	0.0	0.00999984	0.0	0.00276534	0.00119382	2.09199	0.0	1.05193	0.0298338	0.569435	0.0842452	0.843406	0.929537	0.556814	0.336064	0.0979246	0.0190708	0.176308	0.0213106	0.0200105	0.158447	-3849.23	4.0	4.39635e-06	-19003.1	4.0	4.62755e-05	1.0	902.469	41.3123	411.344	31.5203	0.313092	0.0216158	1202.45	11.6954	
1.2-1.6	6.5-30.0	20.0-30.0	0.000-1.571	0.008	0.105	1972.0	1965.0	1122.44	38.1929	842.493	34.3345	-0.121411	0.13532	-0.05	0.0	0.440878	0.0	3.09149	0.0	0.046782	0.0	0.0284743	0.00180549	0.03	0.0	1.492	0.0	5.0	0.0	1.733	0.0	0.0376592	0.000381641	1.00889e-05	0.00459463	0.233401	0.0173295	0.103775	0.0	0.00999984	0.0	0.000453084	0.00115055	2.09199	0.0	0.961772	0.0271789	0.452987	1.04844	0.669939	3.41353	0.228882	0.399408	0.0265769	0.0147123	0.146614	0.04736	0.0259955	0.0178379	-3437.78	4.0	1.75173e-06	-14182.4	4.0	1.36202e-05	1.0	842.014	36.0326	280.428	23.8437	0.249837	0.0194675	1132.77	10.3406	
1.2-1.6	6.5-30.0	30.0-40.0	0.000-1.571	0.008	0.12	1120.0	1117.0	663.369	29.4357	453.546	25.6245	0.0307798	0.184263	-0.05	0.0	0.440878	0.0	3.09149	0.0	0.046782	0.0	0.0304722	0.00277234	0.03	0.0	1.492	0.0	5.0	0.0	1.733	0.0	0.0385235	0.000613058	1.72747e-05	0.00459133	0.17289	0.023624	0.103775	0.0	0.00999984	0.0	0.00483018	0.00150047	2.09199	0.0	0.896262	0.0390219	0.999985	0.779194	0.27808	0.0664003	0.27647	0.0847237	0.0848295	2.48495	0.313269	0.0577435	0.07486	0.0118724	-1973.11	4.0	3.02147e-05	-7454.89	4.0	2.08457e-05	1.0	538.459	30.2863	124.91	19.4191	0.188297	0.0280557	1083.55	14.4637	
1.2-1.6	6.5-30.0	40.0-50.0	0.000-1.571	0.016	0.064	609.0	593.0	443.466	22.7322	149.415	14.925	-1.74428	0.363075	-0.05	0.0	0.440878	0.0	3.09149	0.0	0.046782	0.0	0.0304054	0.00323325	0.03	0.0	1.492	0.0	5.0	0.0	1.733	0.0	0.038494	0.00071396	2.95545e-05	0.000300613	0.24441	0.0293896	0.103775	0.0	0.00999984	0.0	-0.00394182	0.00215127	2.09199	0.0	1.04513	0.0585589	0.994657	0.618333	0.999997	8.18602	0.538057	0.0424721	0.00719586	0.186947	0.22477	0.020073	0.0537075	42.3275	-1162.37	4.0	4.73233e-06	-3761.71	4.0	4.07484e-05	1.0	332.202	22.0484	111.264	15.1223	0.250897	0.0315819	1197.12	22.9093	
1.2-1.6	6.5-30.0	50.0-100.0	0.000-1.571	0.016	0.073	576.0	570.0	459.366	22.5929	110.624	12.7164	-1.18993	0.393433	-0.05	0.0	0.440878	0.0	3.09149	0.0	0.046782	0.0	0.0295153	0.00241183	0.03	0.0	1.492	0.0	5.0	0.0	1.733	0.0	0.0381047	0.000522268	1.01642e-05	0.000817577	0.220101	0.0286849	0.103775	0.0	0.00999984	0.0	0.0058862	0.00198076	2.09199	0.0	0.968214	0.0547608	0.705744	0.291336	0.741299	0.312528	1.7169e-05	0.833528	0.0286146	0.0345863	0.326912	0.061418	0.02	0.0998152	-1203.18	4.0	3.37844e-05	-3683.81	4.0	3.99788e-06	1.0	360.532	22.1121	98.8339	14.0766	0.215153	0.0287584	1137.68	20.8837	
1.6-2.0	6.5-30.0	0.0-100.0	0.000-1.571	0.008	0.16	11106.0	11100.0	5475.09	112.719	5624.89	113.379	-0.376773	0.0566329	-0.05	0.0	0.536047	0.111323	3.09102	0.000830407	0.0557197	0.0033055	0.0329406	0.00298933	0.03	0.0	1.492	0.0	5.0	0.0	1.733	0.0	0.0465584	0.00167998	2.61437e-05	0.00458725	0.201662	0.00856926	0.462154	0.274076	0.00485629	0.00340939	0.00259059	0.000765483	1.4787	0.146906	0.841712	0.017265	0.740028	0.792899	0.526109	0.222122	0.588821	0.16278	0.0232081	0.0435405	0.181277	0.0192045	0.100693	0.0210161	-16642.2	4.0	5.73845e-05	-97343.1	7.0	1.74676e-05	1.0	4421.91	104.103	1053.18	54.9534	0.192358	0.00922269	1179.65	95.8771	
1.6-2.4	3.0-30.0	0.0-100.0	0.000-1.571	0.008	0.264	264649.0	264638.0	46290.1	358.366	218348.0	547.67	-0.0287547	0.0083606	-0.05	0.0	0.0463207	0.00483809	3.08936	0.000433205	0.017215	0.00157532	0.052	0.000555041	0.03	0.0	1.89	0.0	5.0	0.0	1.44	0.0	0.0509164	0.000276558	1.05692e-05	6.49144e-05	0.228509	0.00497082	0.19593	0.106578	0.00823221	0.0041731	0.00907065	0.000179244	1.71895	0.159922	0.876987	0.00255676	0.60014	0.0158017	0.921692	0.0045947	0.560565	0.0194179	0.0391391	0.00218182	0.096835	0.00209747	0.333673	0.0103463	-263832.0	4.0	1.92374e-05	-3079980.0	7.0	5.73526e-05	1.0	40119.0	361.56	6171.13	191.157	0.133314	0.0039985	1094.23	58.6423	
1.6-2.4	3.0-4.5	0.0-100.0	0.000-1.571	0.016	0.264	194321.0	194315.0	25765.0	337.361	168550.0	506.526	0.087169	0.0095037	-0.05	0.0	0.0366854	0.00861751	3.08788	0.000659255	0.0130415	0.00242372	0.0516892	0.000863088	0.03	0.0	1.86	0.0	5.0	0.0	1.38	0.0	0.0507937	0.000436295	8.85777e-05	0.0369611	0.236876	0.00814264	0.101357	0.069759	0.0499991	0.0925249	0.00313919	0.000211386	1.84755	0.275177	0.983498	0.0026809	1.0	0.000122238	0.87653	0.00951107	0.69645	0.0347003	0.0137157	1.31718e-09	0.0710044	0.00814037	0.332617	0.0181942	-186559.0	4.0	3.38522e-05	-2197820.0	7.0	8.17243e-05	1.0	22942.4	331.806	2822.6	145.67	0.109552	0.00546881	1102.36	45.2223	
1.6-2.4	3.0-5.5	0.0-100.0	0.000-1.571	0.016	0.264	231986.0	231976.0	34997.9	621.559	196979.0	737.153	-0.0142944	0.00887393	-0.05	0.0	0.752128	0.0261558	3.08847	0.000564184	0.0445857	0.00072981	0.13	0.00425097	0.03	0.0	1.86	0.0	5.0	0.0	1.38	0.0	0.0753935	0.00158882	1.55371e-05	0.00459213	0.235026	0.00679823	0.125652	0.0884483	0.0251244	0.0167426	0.00733729	0.000193236	1.92178	0.271466	0.993239	0.00249714	1.0	0.00721412	0.847153	4.22262e-05	0.795891	2.34266e-05	0.0228944	18.6535	0.100724	1.22522e-05	0.339301	6.33502e-05	-224173.0	4.0	9.98592e-05	-2665870.0	7.0	0.000404972	1.0	30971.3	575.229	4026.58	182.894	0.115052	0.00480984	1151.79	59.2528	
1.6-2.4	3.0-6.5	0.0-10.0	0.000-1.571	0.016	0.264	122889.0	122879.0	12095.9	215.738	110781.0	381.053	-0.135851	0.0116406	-0.05	0.0	0.735093	0.0	3.08909	0.0	0.0440937	0.0	0.0474549	0.00312989	0.03	0.0	1.86	0.0	5.0	0.0	1.38	0.0	0.0450086	0.000437098	1.3729e-05	0.00459296	0.236788	0.0111902	0.173641	0.0	0.0248856	0.0	0.00655308	0.00027782	1.74699	0.0	0.984594	0.00368894	1.0	0.156749	0.808406	0.00130526	0.796177	0.000650729	0.401028	8.67237	0.105058	0.000403915	0.351871	0.00167345	-112011.0	4.0	7.41349e-06	-1332460.0	4.0	0.000110664	1.0	10587.8	215.015	1508.09	106.274	0.124677	0.00849987	1153.71	1.30077	
1.6-2.4	3.0-6.5	0.0-100.0	0.000-1.571	0.016	0.264	249407.0	249396.0	38349.2	503.226	211049.0	650.526	-0.0361572	0.00853442	-0.05	0.0	0.735093	0.0317484	3.08909	0.000514373	0.0440937	0.000796868	0.09	0.00320843	0.03	0.0	1.86	0.0	5.0	0.0	1.38	0.0	0.0597909	0.00106	1.3729e-05	0.00459296	0.235225	0.0060203	0.173641	0.119565	0.0248856	0.0127773	0.00611036	0.000189937	1.74699	0.202734	0.970484	0.00252563	1.0	0.00146106	0.822268	0.00674129	0.785842	0.00540858	0.0228547	0.634929	0.0995684	0.00267399	0.317347	0.00795033	-242697.0	4.0	4.72703e-05	-2885240.0	7.0	0.0011602	1.0	33671.6	473.225	4677.55	180.227	0.121973	0.00441867	1143.79	61.3561	
1.6-2.4	3.0-6.5	0.0-20.0	0.000-1.571	0.016	0.264	202001.0	201991.0	25520.8	332.622	176471.0	511.437	-0.0426517	0.00924913	-0.05	0.0	0.735093	0.0	3.08909	0.0	0.0440937	0.0	0.09	0.00249682	0.03	0.0	1.86	0.0	5.0	0.0	1.38	0.0	0.0597909	0.000497803	1.3729e-05	0.00459296	0.229871	0.00779424	0.173641	0.0	0.0248856	0.0	0.00683548	0.000212881	1.74699	0.0	0.971346	0.00280341	1.0	0.0571456	0.829812	0.000339227	0.790372	0.000189771	0.337672	15.1177	0.0974924	9.95363e-05	0.335475	0.000461261	-193263.0	4.0	9.7727e-06	-2291940.0	4.0	0.000124327	1.0	22578.1	328.053	2942.75	149.987	0.115308	0.00568163	1144.39	0.983162	
1.6-2.4	3.0-6.5	10.0-20.0	0.000-1.571	0.016	0.209	79111.0	78969.0	12348.8	185.907	66620.4	298.044	0.130915	0.015021	-0.05	0.0	0.735093	0.0	3.08909	0.0	0.0440937	0.0	0.09	0.000655082	0.03	0.0	1.86	0.0	5.0	0.0	1.38	0.0	0.0597909	0.000130607	1.37782e-05	0.00459294	0.23124	0.0128285	0.173641	0.0	0.0248856	0.0	0.00927457	0.000328373	1.74699	0.0	0.967198	0.00426471	0.924017	0.00405122	1.0	31.2978	0.834773	0.0179755	0.284868	0.0201573	0.12957	0.00594526	0.038267	102.295	-81720.5	4.0	6.16432e-06	-822923.0	4.0	1.45065e-06	1.0	11326.9	191.395	1021.98	88.2673	0.082759	0.0070384	1141.48	1.49305	
1.6-2.4	3.0-6.5	20.0-30.0	0.000-1.571	0.016	0.192	24888.0	24882.0	4888.34	148.273	19993.7	192.337	-0.0960915	0.0277406	-0.05	0.0	0.735093	0.0	3.08909	0.0	0.0440937	0.0	0.0882562	0.0173393	0.03	0.0	1.86	0.0	5.0	0.0	1.38	0.0	0.0590983	0.00342977	1.37746e-05	0.00459294	0.235745	0.0135505	0.173641	0.0	0.0248856	0.0	0.0030343	0.000601006	1.74699	0.0	0.985169	0.00815504	0.961331	0.0255961	0.780894	0.0508331	0.755407	0.0155724	0.422553	0.119829	0.109787	0.0105622	0.189177	0.0303804	-24739.5	4.0	9.26678e-06	-231024.0	4.0	0.000320315	1.0	4146.92	139.113	741.427	63.5337	0.151672	0.0121555	1154.11	2.87625	
1.6-2.4	3.0-6.5	20.0-40.0	0.000-1.571	0.016	0.192	36931.0	36917.0	8191.15	193.736	28725.8	240.282	-0.075861	0.0231872	-0.05	0.0	0.735093	0.0	3.08909	0.0	0.0440937	0.0	0.0839565	0.00980837	0.03	0.0	1.86	0.0	5.0	0.0	1.38	0.0	0.0574148	0.00189973	1.37746e-05	0.00459294	0.240547	0.0111733	0.173641	0.0	0.0248856	0.0	0.00372158	0.000487368	1.74699	0.0	0.984934	0.00669356	0.872294	0.000935103	1.0	3.39231	0.772796	0.000707758	0.237369	0.00143674	0.124028	0.000302944	0.0573375	10.3646	-37817.4	4.0	9.13654e-05	-357942.0	4.0	5.23446e-05	1.0	7043.8	182.306	1147.35	78.8454	0.140072	0.0090376	1153.95	2.36057	
1.6-2.4	3.0-6.5	30.0-40.0	0.000-1.571	0.016	0.152	12043.0	11971.0	3169.38	93.8047	8801.11	120.099	-0.000958892	0.0415268	-0.05	0.0	0.735093	0.0	3.08909	0.0	0.0440937	0.0	0.059976	0.00941409	0.03	0.0	1.86	0.0	5.0	0.0	1.38	0.0	0.0488069	0.00153228	1.3843e-05	0.00459291	0.245584	0.0189915	0.173641	0.0	0.0248856	0.0	0.0042513	0.00083267	1.74699	0.0	0.965816	0.0116976	0.999997	1.97904	0.744803	0.00765718	0.765713	0.0044022	0.0079499	3.42877	0.109096	0.00154698	0.159762	0.00245109	-13227.8	4.0	3.14464e-06	-103078.0	4.0	5.54347e-05	1.0	2749.82	92.5331	419.559	45.7466	0.132379	0.013892	1140.52	4.09288	
1.6-2.4	3.0-6.5	40.0-100.0	0.000-1.571	0.016	0.168	10474.0	10457.0	4364.65	88.3262	6092.49	97.6135	0.382871	0.0499925	-0.05	0.0	0.735093	0.0	3.08909	0.0	0.0440937	0.0	0.061849	0.00435696	0.03	0.0	1.86	0.0	5.0	0.0	1.38	0.0	0.0494222	0.0007222	1.33924e-05	0.00459311	0.253472	0.017259	0.173641	0.0	0.0248856	0.0	0.00434205	0.00081024	1.74699	0.0	0.890091	0.0115713	1.0	0.0398788	0.834243	0.0362799	0.774952	0.0219194	0.224503	2.03886	0.149345	0.0197742	0.304485	0.0607591	-13199.7	4.0	3.27911e-06	-90141.7	4.0	1.50002e-05	1.0	3830.08	90.4535	534.575	47.868	0.122478	0.0106835	1088.41	3.90988	
1.6-2.4	3.0-6.5	40.0-50.0	0.000-1.571	0.016	0.136	6278.0	6200.0	2200.44	64.2839	3999.44	77.0085	0.42535	0.0615687	-0.05	0.0	0.735093	0.0	3.08909	0.0	0.0440937	0.0	0.0547172	0.00576413	0.03	0.0	1.86	0.0	5.0	0.0	1.38	0.0	0.0471416	0.000886169	1.41936e-05	0.00459275	0.233618	0.0186054	0.173641	0.0	0.0248856	0.0	0.00116618	0.00100621	1.74699	0.0	0.804269	0.0153551	0.999936	1.17644	0.814369	0.0594905	0.670246	0.0968977	0.00719474	6.66308e-08	0.0752852	0.0169968	0.245088	0.0377079	-7695.05	4.0	6.24664e-08	-49855.2	4.0	1.52908e-05	1.0	1827.27	64.5598	373.172	37.9102	0.16959	0.0165007	1031.73	4.94566	
1.6-2.4	3.0-6.5	50.0-100.0	0.000-1.571	0.016	0.168	4196.0	4196.0	2184.26	63.1211	2011.72	61.7305	0.417715	0.0876381	-0.05	0.0	0.735093	0.0	3.08909	0.0	0.0440937	0.0	0.073471	0.00813246	0.03	0.0	1.86	0.0	5.0	0.0	1.38	0.0	0.0534712	0.00148007	1.33924e-05	0.00459311	0.286398	0.0291255	0.173641	0.0	0.0248856	0.0	0.00540052	0.00130811	1.74699	0.0	0.949816	0.0173853	0.925223	0.0257221	0.999992	0.0912929	0.761243	0.0269679	0.273249	0.080598	0.166202	0.0162579	0.0200006	3.97448	-5700.01	4.0	3.03687e-07	-32783.3	4.0	5.03381e-06	1.0	1969.76	63.6602	214.505	29.1702	0.0982047	0.0130497	1129.36	6.04127	
1.6-2.4	4.5-5.5	0.0-100.0	0.000-1.571	0.016	0.184	37665.0	37582.0	7645.22	218.525	29934.7	264.52	-0.40803	0.0267423	-0.05	0.0	0.156962	0.326103	3.09063	0.00100026	0.0644712	0.0198782	0.04656	0.00521206	0.03	0.0	1.86	0.0	5.0	0.0	1.38	0.0	0.0497994	0.00434715	2.30218e-05	0.000291032	0.227094	0.0107335	0.23046	0.240884	0.0112429	0.0129983	0.00713696	0.000495442	1.78882	0.370612	1.01933	0.00749436	1.0	0.196848	0.690149	0.22909	0.815105	0.0697991	0.0431598	18.9424	0.145658	0.100041	0.231607	0.163945	-37994.3	4.0	1.60233e-07	-364753.0	7.0	0.0813726	1.0	6399.26	199.071	1245.96	86.2624	0.162972	0.0102767	1239.77	121.734	
1.6-2.4	5.5-6.5	0.0-100.0	0.000-1.571	0.016	0.168	17420.0	17398.0	5225.77	126.167	12172.3	151.165	-0.451407	0.0376572	-0.05	0.0	0.118038	0.191219	3.0932	0.00110645	0.0404472	0.0110485	0.052897	0.00321856	0.03	0.0	1.86	0.0	5.0	0.0	1.38	0.0	0.0515841	0.00188138	1.49587e-05	0.00459239	0.22016	0.0112448	0.433557	0.413492	0.016385	0.017632	0.00420305	0.000791175	1.45242	0.194727	0.885279	0.013941	1.0	4334.16	0.35143	0.844432	0.705911	0.376334	0.00725145	4299.59	0.216727	0.253225	0.103831	0.0811862	-19417.8	4.0	5.35569e-05	-156524.0	7.0	0.000322123	1.0	4371.14	118.421	854.63	57.5505	0.163541	0.0102807	1165.56	128.849	
1.6-2.4	6.5-30.0	0.0-10.0	0.000-1.571	0.008	0.152	5985.0	5979.0	2479.24	63.0612	3499.81	70.6903	-0.316195	0.0664229	-0.05	0.0	0.647098	0.0	3.0908	0.0	0.0577925	0.0	0.0315626	0.00244664	0.03	0.0	1.492	0.0	5.0	0.0	1.733	0.0	0.0501283	0.000271821	2.77437e-05	0.00458652	0.223134	0.0156964	0.211707	0.0	0.00199102	0.0	0.00339041	0.000905436	1.6767	0.0	1.04106	0.0205056	0.999979	2.84955	0.316456	0.0188636	0.607669	0.00576792	0.106341	3.55379	0.2066	0.00486965	0.0894562	0.00146824	-7998.97	4.0	4.95258e-05	-48106.7	4.0	7.00824e-06	1.0	2076.49	62.2174	402.744	34.4427	0.162447	0.0132638	1203.97	6.98863	
1.6-2.4	6.5-30.0	0.0-100.0	0.000-1.571	0.008	0.152	15242.0	15229.0	7625.71	142.45	7602.8	142.323	-0.386846	0.0493089	-0.05	0.0	0.647098	0.106353	3.0908	0.000738148	0.0577925	0.0029019	0.031102	0.00402571	0.03	0.0	1.492	0.0	5.0	0.0	1.733	0.0	0.0500267	0.00172095	2.77437e-05	0.00458652	0.220267	0.113581	0.211707	0.175346	0.00199102	0.00574194	0.00863093	0.0455854	1.6767	0.235346	1.03599	0.501279	0.539236	19.7647	0.616606	8.96824	0.490483	12.0296	0.00763578	0.440302	0.181349	0.0707306	0.0973693	0.0619439	-22720.3	4.0	1260300.0	-138325.0	7.0	0.000364196	1.0	5719.28	1978.16	1906.43	1975.59	0.25	0.259028	1200.51	185.226	
1.6-2.4	6.5-30.0	10.0-20.0	0.000-1.571	0.008	0.16	3860.0	3860.0	1820.36	52.6929	2039.77	54.734	-0.288959	0.0871306	-0.05	0.0	0.647098	0.0	3.0908	0.0	0.0577925	0.0	0.0334666	0.00322637	0.03	0.0	1.492	0.0	5.0	0.0	1.733	0.0	0.0505623	0.00037681	2.91966e-05	0.00458585	0.180604	0.0129009	0.211707	0.0	0.00199102	0.0	0.00388654	0.00106232	1.6767	0.0	0.911748	0.0230357	0.493983	0.0807006	0.913286	0.0349612	0.315821	0.136771	0.0226966	0.00659001	0.109755	0.0122423	0.227979	0.052146	-5607.97	4.0	1.01248e-05	-29601.1	4.0	8.41078e-06	1.0	1438.35	52.7461	382.01	34.2192	0.209854	0.0177895	1118.25	7.40283	
1.6-2.4	6.5-30.0	20.0-30.0	0.000-1.571	0.008	0.136	2407.0	2398.0	1331.88	42.136	1065.81	38.8504	-0.70211	0.122719	-0.05	0.0	0.647098	0.0	3.0908	0.0	0.0577925	0.0	0.0261196	0.00241106	0.03	0.0	1.492	0.0	5.0	0.0	1.733	0.0	0.0490107	0.000226729	6.70209e-05	0.882424	0.205453	0.0158217	0.211707	0.0	0.00199102	0.0	0.0033155	0.00109881	1.6767	0.0	0.749289	0.0266529	0.846227	0.155766	0.260198	0.102209	0.239706	0.182817	0.113434	0.0665333	0.175495	0.0291685	0.0380248	0.0105228	-4026.81	4.0	4.23351e-06	-17571.6	4.0	8.33696e-05	1.0	1031.39	41.2466	300.491	26.9624	0.225614	0.0189438	1018.7	7.7269	
1.6-2.4	6.5-30.0	30.0-40.0	0.000-1.571	0.008	0.12	1464.0	1462.0	892.066	34.0939	569.876	28.9868	-0.46235	0.16667	-0.05	0.0	0.647098	0.0	3.0908	0.0	0.0577925	0.0	0.0277505	0.00305418	0.03	0.0	1.492	0.0	5.0	0.0	1.733	0.0	0.049326	0.000303189	7.90451e-05	0.000185159	0.15826	0.0137261	0.211707	0.0	0.00199102	0.0	0.000993238	0.00145454	1.6767	0.0	0.843641	0.0316384	1.0	0.00842287	0.999971	0.216038	0.763295	0.0404486	0.982062	0.599827	0.192009	0.0293256	0.0215396	3.04126	-2560.2	4.0	0.000109322	-10090.5	4.0	2.7549e-06	1.0	628.599	34.4983	263.467	26.7274	0.295345	0.0277535	1075.28	9.78379	
1.6-2.4	6.5-30.0	40.0-50.0	0.000-1.571	0.008	0.136	813.0	811.0	535.508	25.7314	275.644	20.0556	-0.892898	0.244465	-0.05	0.0	0.647098	0.0	3.0908	0.0	0.0577925	0.0	0.0301102	0.00355756	0.03	0.0	1.492	0.0	5.0	0.0	1.733	0.0	0.049812	0.000379451	6.70209e-05	0.882424	0.17255	0.0203064	0.211707	0.0	0.00199102	0.0	0.000631606	0.00159513	1.6767	0.0	0.636829	0.0372281	0.595185	0.231182	0.697784	0.272992	0.173039	0.261929	0.0442103	0.0150429	0.22104	0.0401166	0.0304079	0.0273764	-1489.98	4.0	1.57168e-05	-5184.54	4.0	2.9251e-05	1.0	402.41	25.475	133.098	17.7764	0.248546	0.0309726	956.488	9.76947	
1.6-2.4	6.5-30.0	50.0-100.0	0.000-1.571	0.008	0.088	710.0	697.0	552.794	25.5096	144.216	15.5586	-0.0832469	0.335725	-0.05	0.0	0.647098	0.0	3.0908	0.0	0.0577925	0.0	0.0440392	0.00543387	0.03	0.0	1.492	0.0	5.0	0.0	1.733	0.0	0.0533453	0.000791546	7.21792e-05	0.000182081	0.181028	0.0239755	0.211707	0.0	0.00199102	0.0	0.00390505	0.00200893	1.6767	0.0	0.809085	0.0430636	0.914022	0.81409	0.602939	0.408139	0.192589	0.170012	0.0612577	0.0610074	0.19986	0.0523813	0.0510616	0.0256428	-1464.36	4.0	0.000115705	-4485.29	4.0	5.13888e-05	1.0	445.41	25.9282	107.384	16.5636	0.194257	0.028591	1054.14	13.0276	
2.0-2.4	6.5-30.0	0.0-100.0	0.000-1.571	0.008	0.152	4135.0	4132.0	2340.89	71.1862	1791.69	67.174	-0.322516	0.0969922	-0.05	0.0	0.451768	0.0656816	3.08988	0.00160538	0.0405869	0.00339444	0.08	0.0248166	0.03	0.0	1.492	0.0	5.0	0.0	1.733	0.0	0.0652141	0.00844384	7.87116e-05	0.000484264	0.183656	0.0114739	0.0616687	0.0610904	-0.00999983	0.0176875	0.00270133	0.000856645	2.1655	0.541626	0.923874	0.0180266	0.764267	0.0158251	0.999999	50.5392	0.651468	0.00922205	0.0963025	0.00552563	0.164921	0.00432415	0.119195	217.426	-6267.69	4.0	9.02771e-08	-32137.9	7.0	0.000120298	1.0	1804.32	66.3363	536.565	40.6954	0.229215	0.015926	1044.08	66.3639	
