weightedEff_TnPAtRD_4DEff_RapPtEffMap2
rap	pT	cent	dPhi	ctauErrMin	ctauErrMax	NoCutEntry	CutEntry	NSig	NSigErr	NBkg	NBkgErr	coefExp	coefExpErr	coefPol1	coefPol1Err	coeffGaus	coeffGausErr	meanSig1	meanSig1Err	sigmaSig1	sigmaSig1Err	sigmaSig2	sigmaSig2Err	sigmaSig3	sigmaSig3Err	alpha	alphaErr	enne	enneErr	enneW	enneWErr	sigWidth	sigWidthErr	Gmc	GmcErr	bTau	bTauErr	fracRes	fracResErr	meanResSigW	meanResSigWErr	meanResSigN	meanResSigNErr	sigmaResSigW	sigmaResSigWErr	sigmaResSigN	sigmaResSigNErr	fpm	fpmErr	fLiving	fLivingErr	fbkgCtTot	fbkgCtTotErr	lambdam	lambdamErr	lambdap	lambdapErr	lambdasym	lambdasymErr	NLL	nFitPar	EDM	NLLMass	nFitParMass	EDMMass	Prob	PROMPT	PROMPTErr	NON-PROMPT	NON-PROMPTErr	Bfraction	BfractionErr	Resolution	ResolutionErr	
0.0-0.4	6.5-30.0	0.0-100.0	0.000-1.571	0.016	0.064	4484.0	4449.0	2944.49	60.4503	1504.65	47.0541	-0.167764	0.102804	-0.05	0.0	0.416328	0.0895465	3.09372	0.000428177	0.0203854	0.00145664	0.0175957	0.00112951	0.03	0.0	1.492	0.0	5.0	0.0	1.733	0.0	0.0188075	0.000468008	1.00026e-05	0.00176926	0.251259	0.00973367	0.694775	0.303579	-0.00218903	0.0024479	0.00108247	0.00138018	1.32766	0.111972	0.665039	0.0344593	0.770862	0.117249	0.591979	0.125636	0.321635	0.0590318	0.0445269	0.0265428	0.304061	0.0264502	0.0693671	0.0120301	-9010.07	4.0	6.20409e-07	-37909.3	7.0	2.95356e-05	1.0	1967.93	53.2882	976.562	40.1162	0.331657	0.0118007	1166.04	96.7283	
0.0-1.2	6.5-30.0	0.0-10.0	0.000-1.571	0.008	0.088	6512.0	6509.0	3500.23	69.914	3008.57	66.3017	-0.0099526	0.0712426	-0.05	0.0	0.535231	0.0	3.09266	0.0	0.0208644	0.0	0.0362193	0.00165675	0.03	0.0	1.492	0.0	5.0	0.0	1.733	0.0	0.0290293	0.000480362	1.12992e-05	0.000388937	0.223834	0.00813799	0.282557	0.0	0.00228371	0.0	0.000148529	0.00073122	1.58042	0.0	0.854062	0.0218753	0.768028	0.0574376	0.461536	0.0966092	0.266877	0.153011	0.13504	0.0241789	0.221705	0.015608	0.037406	0.011296	-10569.3	4.0	1.17881e-06	-55136.3	4.0	3.5298e-05	1.0	2301.57	61.9843	1198.66	47.9779	0.342452	0.0118784	1108.63	6.04521	
0.0-1.2	6.5-30.0	0.0-100.0	0.000-1.571	0.008	0.105	17542.0	17538.0	11070.9	123.609	6466.9	103.306	-0.0319766	0.0506892	-0.05	0.0	0.535231	0.0520524	3.09266	0.00029994	0.0208644	0.000631917	0.0346291	0.00173826	0.03	0.0	1.492	0.0	5.0	0.0	1.733	0.0	0.028113	0.000623176	1.16782e-05	0.000130175	0.27395	0.00551171	0.282557	0.19576	0.00228371	0.00264771	0.000118998	0.000394294	1.58042	0.170805	0.854272	0.0115965	0.60885	0.0381585	0.930994	0.0191467	0.442482	0.0327841	0.0547092	0.00611008	0.219958	0.010212	0.333613	0.0721624	-31548.5	4.0	3.70162e-06	-169362.0	7.0	0.000171674	1.0	7509.78	107.184	3561.16	77.7099	0.321668	0.00603087	1108.75	85.3414	
0.0-1.2	6.5-30.0	10.0-20.0	0.000-1.571	0.008	0.088	4094.0	4092.0	2500.74	56.5496	1591.13	47.8351	0.000357401	0.0981954	-0.05	0.0	0.535231	0.0	3.09266	0.0	0.0208644	0.0	0.0334214	0.00162485	0.03	0.0	1.492	0.0	5.0	0.0	1.733	0.0	0.0274252	0.000460146	1.12992e-05	0.000388937	0.289546	0.012086	0.282557	0.0	0.00228371	0.0	-0.000629043	0.000847051	1.58042	0.0	0.851551	0.0257742	0.496402	0.108375	0.881328	0.034097	0.333701	0.119432	0.0370609	0.00888447	0.240235	0.0225292	0.381487	0.0749767	-6825.28	4.0	1.77706e-07	-33430.1	4.0	1.53378e-05	1.0	1648.3	49.088	852.437	37.3082	0.340874	0.0127733	1107.25	7.11063	
0.0-1.2	6.5-30.0	20.0-30.0	0.000-1.571	0.008	0.105	2967.0	2964.0	1962.11	49.0437	1001.99	38.0148	0.167879	0.124294	-0.05	0.0	0.535231	0.0	3.09266	0.0	0.0208644	0.0	0.032597	0.00171914	0.03	0.0	1.492	0.0	5.0	0.0	1.733	0.0	0.0269601	0.00048303	1.16782e-05	0.000130175	0.284465	0.0139293	0.282557	0.0	0.00228371	0.0	0.00143141	0.000888641	1.58042	0.0	0.819228	0.0258882	0.527665	0.237377	1.0	0.0868792	0.360874	0.267142	0.0454097	0.0199052	0.222353	0.0260566	0.0408167	97.6755	-5709.98	4.0	1.88523e-06	-23584.0	4.0	8.5639e-06	1.0	1366.48	43.5592	595.626	30.8616	0.303565	0.0137776	1089.61	6.98221	
0.0-1.2	6.5-30.0	30.0-40.0	0.000-1.571	0.008	0.064	1789.0	1787.0	1290.82	39.5759	496.163	27.7767	-0.516926	0.179704	-0.05	0.0	0.535231	0.0	3.09266	0.0	0.0208644	0.0	0.0396625	0.0024628	0.03	0.0	1.492	0.0	5.0	0.0	1.733	0.0	0.0310505	0.000731052	1.32366e-05	0.000329048	0.226403	0.0141957	0.282557	0.0	0.00228371	0.0	-0.00176753	0.00112628	1.58042	0.0	0.824326	0.0296313	0.608757	0.0325653	1.0	40.3989	0.418517	0.0326973	0.0680129	0.00665096	0.192895	0.0136123	0.0628773	155.714	-3863.45	4.0	3.19474e-07	-13484.5	4.0	8.32629e-07	1.0	925.903	36.0578	364.921	24.8894	0.282704	0.0172238	1092.37	8.0212	
0.0-1.2	6.5-30.0	40.0-50.0	0.000-1.571	0.016	0.048	1124.0	1110.0	884.1	31.8692	225.872	18.9062	-0.279839	0.265488	-0.05	0.0	0.535231	0.0	3.09266	0.0	0.0208644	0.0	0.0355073	0.00270099	0.03	0.0	1.492	0.0	5.0	0.0	1.733	0.0	0.0286175	0.00077878	1.43354e-05	8.22848e-05	0.334993	0.0213942	0.282557	0.0	0.00228371	0.0	-0.00284785	0.00142655	1.58042	0.0	0.803207	0.0410076	0.820225	0.27611	0.628327	0.26053	2.60523e-05	0.617882	0.0152727	0.0156299	0.399304	0.057335	0.0222901	0.0170263	-2271.22	4.0	5.83443e-07	-8071.14	4.0	3.76911e-06	1.0	569.466	27.3492	314.634	21.3361	0.355881	0.0204411	1081.02	10.9299	
0.0-1.2	6.5-30.0	50.0-100.0	0.000-1.571	0.008	0.056	1053.0	1051.0	923.03	31.7587	128.047	14.6169	-0.260629	0.357545	-0.05	0.0	0.535231	0.0	3.09266	0.0	0.0208644	0.0	0.0312632	0.00200412	0.03	0.0	1.492	0.0	5.0	0.0	1.733	0.0	0.0262156	0.000555398	1.34486e-05	0.000306561	0.372713	0.0252883	0.282557	0.0	0.00228371	0.0	0.000592836	0.00118085	1.58042	0.0	0.756952	0.0363198	0.978396	0.00512194	1.0	1.21818	0.352847	0.00357607	0.00711315	5.83422e-08	0.215205	0.00160388	0.0206096	3.7477	-2706.27	4.0	2.61357e-05	-7920.27	4.0	7.73306e-05	1.0	649.174	28.0913	273.856	19.468	0.296693	0.0184564	1056.8	9.33202	
0.0-2.4	10.0-13.0	0.0-100.0	0.000-1.571	0.016	0.136	5987.0	5985.0	4430.88	74.9742	1554.22	52.3863	-0.558143	0.105744	-0.05	0.0	0.33788	0.0710664	3.0921	0.000600101	0.0209582	0.00187759	0.0410568	0.00220018	0.03	0.0	1.492	0.0	5.0	0.0	1.733	0.0	0.0355601	0.00106302	1.25623e-05	9.06713e-05	0.241913	0.00773	0.0553227	0.0789039	0.000211463	0.0144846	4.83811e-05	0.000550376	2.09405	0.553677	0.917866	0.0163807	0.671773	0.0456185	0.884631	0.134016	0.218316	0.0862441	0.0386041	0.014016	0.196331	0.0140909	0.10386	0.0473232	-11878.0	4.0	3.68763e-06	-51901.3	7.0	4.24492e-05	1.0	3010.64	67.2202	1420.25	50.0095	0.320533	0.009898	1019.05	75.7727	
0.0-2.4	10.0-30.0	0.0-100.0	0.000-1.571	0.008	0.136	9293.0	9291.0	6959.61	93.9377	2331.57	64.7791	-0.564594	0.0871109	-0.05	0.0	0.402653	0.0584261	3.09273	0.000472305	0.0219169	0.00138819	0.0433308	0.00210622	0.03	0.0	1.492	0.0	5.0	0.0	1.733	0.0	0.0362625	0.000954102	1.01973e-05	0.00191321	0.228304	0.00567495	0.0473596	0.058793	-0.000901407	0.00750486	-0.000502985	0.000418697	2.0393	0.463163	0.939545	0.0134071	0.828585	0.0611075	0.853079	0.155569	0.2939	0.101778	0.0671663	0.0126696	0.206303	0.0103103	0.0297853	0.0204458	-18849.5	4.0	3.40146e-07	-84873.3	7.0	8.91734e-05	1.0	4560.77	83.5755	2398.84	65.1436	0.34468	0.00812218	1018.77	52.446	
0.0-2.4	11.0-13.0	0.0-100.0	0.000-1.571	0.016	0.105	3117.0	3115.0	2360.86	54.3254	754.185	36.6694	-0.714187	0.154264	-0.05	0.0	0.42034	0.0926239	3.09257	0.000832147	0.0221637	0.0021621	0.0459373	0.00411864	0.03	0.0	1.492	0.0	5.0	0.0	1.733	0.0	0.0378115	0.00177685	4.93653e-05	0.000238442	0.257151	0.0107319	0.0327913	0.0389773	-0.000379609	0.0145213	0.000378425	0.000756275	2.53147	0.73527	0.938333	0.0233199	0.795973	0.0749897	0.641481	0.0597198	1.68875e-06	0.0747653	0.0738775	0.0184146	0.208623	0.0160098	0.02	0.0133092	-6104.58	4.0	4.81558e-05	-25063.9	7.0	1.06531e-06	1.0	1543.22	47.9602	817.636	37.3249	0.34633	0.0136543	1030.41	60.9542	
0.0-2.4	13.0-16.0	0.0-100.0	0.000-1.571	0.008	0.08	1971.0	1966.0	1548.85	44.2767	417.162	28.787	-0.371019	0.208689	-0.05	0.0	0.559243	0.0986137	3.09381	0.000995425	0.0245237	0.00256862	0.055012	0.00614098	0.03	0.0	1.492	0.0	5.0	0.0	1.733	0.0	0.0408681	0.00237575	1.00002e-05	0.000966722	0.245572	0.0133573	0.0326157	0.0670782	-0.00999634	0.0183094	0.00166713	0.000907317	1.86063	0.773549	1.00755	0.0296355	0.935702	0.165185	0.69337	0.20713	0.11323	0.0638092	0.0458327	0.0258093	0.186061	0.0212974	0.0410097	0.0108212	-4207.15	4.0	2.41576e-05	-15040.1	7.0	3.41605e-06	1.0	1057.22	39.797	491.637	29.4608	0.31742	0.0167171	1046.4	47.2361	
0.0-2.4	13.0-30.0	0.0-100.0	0.000-1.571	0.008	0.105	3306.0	3306.0	2533.67	56.4739	772.42	37.79	-0.580883	0.151326	-0.05	0.0	0.498821	0.0811143	3.09391	0.000756584	0.0230788	0.0018577	0.0478318	0.00388731	0.03	0.0	1.492	0.0	5.0	0.0	1.733	0.0	0.0375809	0.00158594	2.10356e-05	0.0045896	0.208597	0.00824296	0.0347602	0.122355	-0.00537756	0.015369	-0.000372334	0.000648728	1.80759	0.989032	0.965701	0.0232138	0.852124	0.120148	0.921739	0.209469	0.363683	0.0745615	0.0430517	0.0132396	0.226822	0.0196584	0.0401055	0.0292012	-6986.59	4.0	1.03626e-05	-26930.6	7.0	1.49558e-05	1.0	1554.84	49.4292	978.83	41.451	0.386329	0.0139105	1006.84	78.0981	
0.0-2.4	16.0-30.0	0.0-100.0	0.000-1.571	0.008	0.064	1334.0	1332.0	988.728	35.0402	343.286	24.1329	-0.816928	0.226331	-0.05	0.0	0.239253	0.179652	3.0944	0.00127499	0.0197094	0.0043391	0.0345308	0.00438082	0.03	0.0	1.492	0.0	5.0	0.0	1.733	0.0	0.0316233	0.00217234	5.46616e-05	1.05755	0.18324	0.0105425	0.461092	0.573416	0.00155876	0.00498774	-0.00335068	0.00122918	1.33655	0.440517	0.742611	0.0430637	0.745139	3.16755	0.961793	0.14134	0.375363	1.40561	0.00705885	1.76515e-08	0.271623	0.0306706	0.0605713	0.0556045	-2809.21	4.0	1.75377e-05	-9606.49	7.0	3.17409e-06	1.0	546.98	28.8242	441.748	26.4604	0.446784	0.0215754	1058.71	210.864	
0.0-2.4	6.5-30.0	0.0-10.0	0.000-1.571	0.008	0.184	15868.0	15868.0	7457.66	102.377	8411.19	106.931	-0.0712553	0.0425759	-0.05	0.0	0.409916	0.0	3.09268	0.0	0.0477327	0.0	0.0250685	0.000629805	0.03	0.0	1.492	0.0	5.0	0.0	1.733	0.0	0.0361218	0.000128958	3.80561e-05	6.9663e-05	0.225907	0.00630259	0.192669	0.0	0.00388019	0.0	0.00122386	0.000480707	1.71096	0.0	0.951695	0.0129601	0.820188	0.0790427	0.468163	0.0858384	0.469045	0.0524292	0.139709	0.0296433	0.213917	0.0132949	0.0610509	0.0130939	-22640.7	4.0	1.64202e-06	-145422.0	4.0	5.03869e-05	1.0	5277.06	95.2388	2180.6	68.6925	0.292398	0.0082904	1138.08	4.37476	
0.0-2.4	6.5-30.0	0.0-100.0	0.000-1.571	0.008	0.136	41860.0	41797.0	23665.5	198.035	18131.3	183.524	-0.149272	0.030128	-0.05	0.0	0.409916	0.0326811	3.09268	0.000275756	0.0477327	0.00140682	0.0249977	0.000620638	0.03	0.0	1.492	0.0	5.0	0.0	1.733	0.0	0.0360928	0.000549182	3.37928e-05	7.02542e-05	0.245118	0.00377036	0.192669	0.0807587	0.00388019	0.00252376	0.00173819	0.000267143	1.71096	0.124629	0.918585	0.00711101	0.595271	0.0298027	0.941998	0.0180629	0.501376	0.023763	0.0572523	0.00523884	0.190469	0.0063108	0.280529	0.0588277	-67281.7	4.0	4.58352e-08	-429882.0	7.0	2.54103e-05	1.0	17025.5	175.575	6639.99	116.688	0.280577	0.00433581	1115.9	42.0183	
0.0-2.4	6.5-30.0	0.0-5.0	0.000-1.571	0.008	0.184	8640.0	8640.0	4014.73	75.607	4625.84	79.544	0.0325361	0.0573597	-0.05	0.0	0.409916	0.0	3.09268	0.0	0.0477327	0.0	0.0246028	0.000902875	0.03	0.0	1.492	0.0	5.0	0.0	1.733	0.0	0.0359323	0.000182394	3.80561e-05	6.9663e-05	0.222773	0.00850868	0.192669	0.0	0.00388019	0.0	0.00240533	0.000669583	1.71096	0.0	0.996443	0.0182844	0.740033	0.0483346	0.661851	0.282289	0.46789	0.233931	0.110808	0.0163509	0.167543	0.0100273	0.0230226	0.0288613	-12264.3	4.0	1.98755e-06	-73877.8	4.0	5.47826e-05	1.0	2851.89	70.6679	1162.83	50.8818	0.289642	0.0114399	1168.59	6.2935	
0.0-2.4	6.5-30.0	10.0-15.0	0.000-1.571	0.008	0.152	5549.0	5547.0	2879.26	62.5373	2667.51	60.8199	-0.144467	0.0757896	-0.05	0.0	0.409916	0.0	3.09268	0.0	0.0477327	0.0	0.0247728	0.000946179	0.03	0.0	1.492	0.0	5.0	0.0	1.733	0.0	0.0360012	0.000192094	1.79985e-05	0.004591	0.262271	0.0111381	0.192669	0.0	0.00388019	0.0	0.00404235	0.00077156	1.71096	0.0	0.916054	0.0204824	0.41734	0.0471332	0.862176	0.0567836	0.311099	0.073989	0.031114	0.005922	0.150444	0.014534	0.15335	0.0388935	-8373.19	4.0	0.000109062	-45402.3	4.0	1.27719e-05	1.0	2040.09	57.0434	839.168	40.2832	0.291453	0.0124768	1114.22	6.79753	
0.0-2.4	6.5-30.0	10.0-20.0	0.000-1.571	0.008	0.128	10082.0	10051.0	5454.54	85.1696	4596.0	79.9703	-0.135009	0.0578029	-0.05	0.0	0.409916	0.0	3.09268	0.0	0.0477327	0.0	0.0252761	0.000719062	0.03	0.0	1.492	0.0	5.0	0.0	1.733	0.0	0.036207	0.000148104	3.69757e-05	6.79802e-05	0.249877	0.00786936	0.192669	0.0	0.00388019	0.0	0.00199802	0.00058347	1.71096	0.0	0.942052	0.0154038	0.484864	0.0876709	0.880452	0.0266273	0.395016	0.0906801	0.0360325	0.00687404	0.172656	0.0143782	0.301813	0.0450014	-15239.4	4.0	2.86993e-05	-88615.1	4.0	2.43031e-05	1.0	3843.56	78.4056	1610.98	56.3772	0.295347	0.00924996	1131.59	5.1765	
0.0-2.4	6.5-30.0	15.0-20.0	0.000-1.571	0.008	0.105	4532.0	4485.0	2569.21	57.6301	1915.91	51.6489	-0.0924375	0.0896094	-0.05	0.0	0.409916	0.0	3.09268	0.0	0.0477327	0.0	0.0258946	0.00107506	0.03	0.0	1.492	0.0	5.0	0.0	1.733	0.0	0.0364641	0.000225248	3.69557e-05	0.0270354	0.242694	0.0110614	0.192669	0.0	0.00388019	0.0	-0.00139357	0.000884045	1.71096	0.0	0.97188	0.0230529	0.718519	0.0925137	0.818995	0.050743	0.534478	0.0546043	0.0545239	0.0175443	0.208126	0.0237857	0.367273	0.0699983	-6887.0	4.0	4.2758e-06	-36148.4	4.0	6.21493e-05	1.0	1792.58	53.5629	776.631	39.4419	0.302283	0.0137732	1151.77	7.85223	
0.0-2.4	6.5-30.0	20.0-25.0	0.000-1.571	0.008	0.145	3807.0	3807.0	2267.77	53.4171	1539.15	46.0966	-0.239991	0.100302	-0.05	0.0	0.409916	0.0	3.09268	0.0	0.0477327	0.0	0.0236553	0.000977853	0.03	0.0	1.492	0.0	5.0	0.0	1.733	0.0	0.0355549	0.000191949	3.69686e-05	0.0287936	0.245542	0.0127783	0.192669	0.0	0.00388019	0.0	0.00239128	0.000785994	1.71096	0.0	0.852143	0.0206529	0.471196	0.043044	0.987781	0.0133642	0.391481	0.068451	0.0436124	0.00576671	0.186991	0.0163057	0.420564	0.274091	-6773.68	4.0	9.73493e-06	-30272.7	4.0	7.1568e-06	1.0	1707.55	49.7266	560.215	32.0798	0.247034	0.0128938	1072.5	6.62395	
0.0-2.4	6.5-30.0	20.0-30.0	0.000-1.571	0.008	0.152	6982.0	6982.0	4264.04	72.8522	2717.76	61.3311	-0.154578	0.0754472	-0.05	0.0	0.409916	0.0	3.09268	0.0	0.0477327	0.0	0.0235765	0.00069121	0.03	0.0	1.492	0.0	5.0	0.0	1.733	0.0	0.035524	0.000135348	1.79985e-05	0.004591	0.253579	0.00918442	0.192669	0.0	0.00388019	0.0	0.00243909	0.000593656	1.71096	0.0	0.861264	0.0157046	0.481014	0.0552335	0.987845	0.0134865	0.400029	0.0681392	0.0420722	0.00533426	0.176267	0.0109939	0.316742	0.188086	-12400.6	4.0	7.28399e-06	-59952.6	4.0	1.96382e-05	1.0	3120.42	67.4885	1143.62	45.7623	0.268202	0.00970473	1078.37	5.06311	
0.0-2.4	6.5-30.0	25.0-30.0	0.000-1.571	0.016	0.136	3175.0	3160.0	1980.69	49.3803	1179.2	40.4609	-0.042408	0.114489	-0.05	0.0	0.409916	0.0	3.09268	0.0	0.0477327	0.0	0.0234145	0.000980386	0.03	0.0	1.492	0.0	5.0	0.0	1.733	0.0	0.0354607	0.000190993	1.09746e-05	1.71091e-07	0.260438	0.0130615	0.192669	0.0	0.00388019	0.0	0.0011867	0.000910437	1.71096	0.0	0.872498	0.0241684	0.640743	0.319383	0.725891	3.57301	0.398145	1.29534	0.0535424	0.0341266	0.169017	0.0340247	0.0200137	0.473283	-5595.34	4.0	5.26829e-05	-24730.6	4.0	1.53933e-05	1.0	1392.32	45.5408	588.366	32.9274	0.297051	0.0148835	1085.63	7.84062	
0.0-2.4	6.5-30.0	30.0-35.0	0.000-1.571	0.016	0.128	2441.0	2431.0	1499.38	43.7022	931.489	36.6335	-0.283019	0.129299	-0.05	0.0	0.409916	0.0	3.09268	0.0	0.0477327	0.0	0.0257285	0.00141179	0.03	0.0	1.492	0.0	5.0	0.0	1.733	0.0	0.0363946	0.000294463	2.18671e-05	0.00458922	0.230307	0.0158759	0.192669	0.0	0.00388019	0.0	0.00147945	0.00105676	1.71096	0.0	0.902831	0.0268748	0.589127	0.0721707	0.884779	1.11548	0.444768	0.377445	0.0557775	0.0111673	0.221517	0.024516	0.020006	0.553019	-4367.29	4.0	1.94309e-05	-18276.5	4.0	1.38129e-05	1.0	1149.27	41.5521	350.111	26.6201	0.233504	0.0163978	1105.48	8.85981	
0.0-2.4	6.5-30.0	30.0-40.0	0.000-1.571	0.008	0.128	4178.0	4176.0	2743.06	57.9413	1432.63	45.2417	-0.311201	0.104582	-0.05	0.0	0.409916	0.0	3.09268	0.0	0.0477327	0.0	0.0253681	0.000930129	0.03	0.0	1.492	0.0	5.0	0.0	1.733	0.0	0.036245	0.000192073	3.69757e-05	6.79802e-05	0.196398	0.00979424	0.192669	0.0	0.00388019	0.0	0.000839434	0.000762585	1.71096	0.0	0.844943	0.0193204	0.717188	0.0987669	0.641142	0.18902	0.424768	0.078695	0.064839	0.0149026	0.236253	0.0261917	0.0608903	0.0161684	-7946.33	4.0	2.1039e-05	-34001.0	4.0	3.06869e-05	1.0	2012.58	55.7254	730.485	39.1943	0.266303	0.0131347	1067.89	6.17076	
0.0-2.4	6.5-30.0	35.0-40.0	0.000-1.571	0.008	0.12	1737.0	1737.0	1231.87	37.9737	505.069	26.7447	-0.359432	0.176816	-0.05	0.0	0.409916	0.0	3.09268	0.0	0.0477327	0.0	0.0250932	0.00124207	0.03	0.0	1.492	0.0	5.0	0.0	1.733	0.0	0.0361319	0.000254504	3.63218e-05	5.72307e-05	0.167285	0.0111727	0.192669	0.0	0.00388019	0.0	0.000627352	0.00110259	1.71096	0.0	0.787406	0.0278289	1.0	43.7996	0.382427	0.0666636	0.402547	0.0149841	0.0870633	107.531	0.258157	0.0106421	0.0795531	0.00152453	-3570.34	4.0	1.7724e-05	-12824.8	4.0	4.79228e-06	1.0	855.027	36.8547	376.845	28.258	0.305912	0.0209112	1031.78	8.57293	
0.0-2.4	6.5-30.0	40.0-45.0	0.000-1.571	0.008	0.12	1348.0	1346.0	978.507	33.7517	367.485	22.9866	-0.366134	0.207747	-0.05	0.0	0.409916	0.0	3.09268	0.0	0.0477327	0.0	0.0231025	0.00127874	0.03	0.0	1.492	0.0	5.0	0.0	1.733	0.0	0.0353398	0.00024664	3.63218e-05	5.72307e-05	0.23599	0.0184933	0.192669	0.0	0.00388019	0.0	-0.00122917	0.00128897	1.71096	0.0	0.830977	0.0355536	0.617154	0.130187	0.562219	0.142637	0.0445392	0.114619	0.0271872	0.0119864	0.408143	0.0634907	0.0498077	0.0151805	-2708.52	4.0	5.71221e-07	-9670.62	4.0	0.000112758	1.0	731.182	31.7571	247.326	21.1001	0.252758	0.0197224	1059.01	11.2615	
0.0-2.4	6.5-30.0	40.0-50.0	0.000-1.571	0.008	0.136	2464.0	2461.0	1832.46	45.9986	628.473	30.1982	-0.846136	0.162424	-0.05	0.0	0.409916	0.0	3.09268	0.0	0.0477327	0.0	0.0260145	0.00102417	0.03	0.0	1.492	0.0	5.0	0.0	1.733	0.0	0.0365144	0.000215282	3.37928e-05	7.02542e-05	0.284809	0.0142318	0.192669	0.0	0.00388019	0.0	-0.0015278	0.000926262	1.71096	0.0	0.784778	0.0257933	0.621161	0.167384	0.662693	0.176647	1.27349e-05	0.680572	0.0311496	0.00796568	0.310286	0.0315134	0.0390121	0.0111004	-4671.22	4.0	5.84954e-06	-19187.1	4.0	2.00312e-06	1.0	1274.97	41.6866	557.498	30.1553	0.304234	0.0145768	1030.16	7.93178	
0.0-2.4	6.5-30.0	45.0-50.0	0.000-1.571	0.016	0.136	1116.0	1113.0	853.756	31.2083	259.179	19.4797	-1.5652	0.267263	-0.05	0.0	0.409916	0.0	3.09268	0.0	0.0477327	0.0	0.0294855	0.00173086	0.03	0.0	1.492	0.0	5.0	0.0	1.733	0.0	0.0380391	0.000395844	1.09746e-05	1.71091e-07	0.323458	0.0208759	0.192669	0.0	0.00388019	0.0	-0.00253877	0.00131593	1.71096	0.0	0.722957	0.0365487	0.663339	0.194418	0.855546	0.245916	0.0504873	0.131324	0.0342498	0.00996622	0.221684	0.0308519	0.034407	0.0201462	-1996.03	4.0	9.53179e-05	-7816.53	4.0	1.56359e-05	1.0	537.368	27.0949	316.388	21.9555	0.370584	0.0218592	992.966	10.7417	
0.0-2.4	6.5-30.0	5.0-10.0	0.000-1.571	0.016	0.112	7227.0	7173.0	3421.26	68.9051	3752.01	71.264	-0.184363	0.0638526	-0.05	0.0	0.409916	0.0	3.09268	0.0	0.0477327	0.0	0.0255649	0.000889983	0.03	0.0	1.492	0.0	5.0	0.0	1.733	0.0	0.0363265	0.000184793	1.59385e-05	0.00459194	0.232146	0.009566	0.192669	0.0	0.00388019	0.0	7.33273e-06	0.000700543	1.71096	0.0	0.914863	0.0187474	0.918319	0.0777499	0.285156	0.0518755	0.406635	0.0547154	0.193695	0.0819671	0.282212	0.0247824	0.0726063	0.00968738	-10323.7	4.0	2.56101e-06	-60101.0	4.0	1.09788e-05	1.0	2417.13	63.7192	1004.13	45.8174	0.293498	0.0120168	1113.43	6.21807	
0.0-2.4	6.5-30.0	50.0-100.0	0.000-1.571	0.008	0.088	2283.0	2267.0	1893.07	45.907	373.847	24.2553	-0.412924	0.210237	-0.05	0.0	0.409916	0.0	3.09268	0.0	0.0477327	0.0	0.0247478	0.00105115	0.03	0.0	1.492	0.0	5.0	0.0	1.733	0.0	0.0359911	0.000213251	3.69533e-05	0.0259228	0.303898	0.0165076	0.192669	0.0	0.00388019	0.0	0.00254846	0.000906666	1.71096	0.0	0.845409	0.0250415	0.820888	0.0110189	1.0	9.68017	0.320865	0.0104288	0.021416	0.00281032	0.231211	0.00392891	0.0273612	93.5861	-5107.19	4.0	5.53636e-05	-17998.1	4.0	4.78896e-06	1.0	1422.23	42.6961	470.836	27.6374	0.248716	0.0132952	1068.19	8.0002	
0.0-2.4	6.5-30.0	50.0-55.0	0.000-1.571	0.016	0.08	787.0	772.0	630.095	26.7057	141.867	14.9996	-0.338273	0.338667	-0.05	0.0	0.409916	0.0	3.09268	0.0	0.0477327	0.0	0.0282432	0.00208689	0.03	0.0	1.492	0.0	5.0	0.0	1.733	0.0	0.0374787	0.000463993	1.13115e-05	2.82051e-05	0.186616	0.0211759	0.192669	0.0	0.00388019	0.0	0.00254431	0.00180315	1.71096	0.0	0.917895	0.0526524	0.566638	0.293566	0.906237	0.84828	0.00011869	0.990677	0.0289628	0.0220551	0.205515	0.0408329	0.0243885	0.10871	-1796.09	4.0	9.45759e-06	-5232.5	4.0	1.99132e-05	1.0	494.9	26.831	135.195	17.6849	0.214562	0.0265529	1115.45	17.4898	
0.0-2.4	6.5-30.0	50.0-60.0	0.000-1.571	0.016	0.08	1274.0	1255.0	1039.95	34.191	214.998	18.5507	-0.407606	0.27725	-0.05	0.0	0.409916	0.0	3.09268	0.0	0.0477327	0.0	0.0280596	0.00158959	0.03	0.0	1.492	0.0	5.0	0.0	1.733	0.0	0.0373972	0.000351894	1.13115e-05	2.82051e-05	0.183887	0.0154087	0.192669	0.0	0.00388019	0.0	0.00292551	0.00132353	1.71096	0.0	0.868915	0.0368415	0.702177	2.58372	0.693455	2.80583	0.00375154	1.58612	0.0200944	0.028614	0.273266	0.052214	0.0200016	0.0983582	-2928.23	4.0	3.00337e-07	-9151.93	4.0	1.76437e-05	1.0	795.098	33.8375	244.851	22.9441	0.235445	0.0206601	1083.31	11.9284	
0.0-2.4	6.5-30.0	55.0-60.0	0.000-1.571	0.016	0.073	486.0	480.0	407.857	21.268	72.1306	10.7986	-0.558375	0.482153	-0.05	0.0	0.409916	0.0	3.09268	0.0	0.0477327	0.0	0.027618	0.00239415	0.03	0.0	1.492	0.0	5.0	0.0	1.733	0.0	0.0372028	0.000524388	3.69173e-05	0.0282483	0.184341	0.0226898	0.192669	0.0	0.00388019	0.0	0.00410274	0.00187999	1.71096	0.0	0.790815	0.0499886	0.611917	0.788657	0.81604	0.900466	0.00213321	0.683341	0.00710394	0.0233833	0.387439	0.102067	0.0200001	0.184157	-1136.3	4.0	7.50903e-05	-3066.18	4.0	4.06627e-06	1.0	300.641	20.4887	107.216	14.3273	0.262876	0.0323432	1033.88	15.4346	
0.0-2.4	6.5-30.0	60.0-100.0	0.000-1.571	0.008	0.088	1008.0	1002.0	842.127	30.4513	159.946	15.6561	-0.42835	0.319502	-0.05	0.0	0.409916	0.0	3.09268	0.0	0.0477327	0.0	0.020186	0.00129361	0.03	0.0	1.492	0.0	5.0	0.0	1.733	0.0	0.0342695	0.000224816	3.69533e-05	0.0259228	0.402717	0.0289879	0.192669	0.0	0.00388019	0.0	0.00187626	0.00125721	1.71096	0.0	0.779833	0.0332862	0.838764	0.0238572	1.0	2.20167	0.24987	0.0284426	0.0478155	0.00799063	0.191971	0.00902007	0.150653	10.4174	-2197.58	4.0	4.7786e-07	-7208.79	4.0	1.10928e-05	1.0	597.366	27.0604	244.761	18.5474	0.290646	0.0193552	1027.13	10.2015	
0.0-2.4	6.5-30.0	60.0-70.0	0.000-1.571	0.008	0.088	679.0	674.0	575.036	24.9908	98.931	12.184	-0.561544	0.40635	-0.05	0.0	0.409916	0.0	3.09268	0.0	0.0477327	0.0	0.0174615	0.00125275	0.03	0.0	1.492	0.0	5.0	0.0	1.733	0.0	0.0333748	0.00019338	3.69533e-05	0.0259228	0.452736	0.0368868	0.192669	0.0	0.00388019	0.0	0.0020293	0.00154979	1.71096	0.0	0.784612	0.0406565	0.999935	0.842616	0.999991	1.53001	0.498531	0.0555087	0.00708797	0.653433	0.220213	0.0257965	0.0200705	11.3853	-1469.88	4.0	2.5485e-06	-4634.38	4.0	1.23344e-05	1.0	389.719	21.6569	185.317	15.717	0.32227	0.0234709	1030.06	12.501	
0.0-2.4	6.5-30.0	70.0-100.0	0.000-1.571	0.016	0.073	329.0	325.0	265.032	17.3111	59.9152	9.726	-0.223382	0.5156	-0.05	0.0	0.409916	0.0	3.09268	0.0	0.0477327	0.0	0.0267311	0.00293242	0.03	0.0	1.492	0.0	5.0	0.0	1.733	0.0	0.0368185	0.000628145	3.69173e-05	0.0282483	0.233143	0.0349533	0.192669	0.0	0.00388019	0.0	0.00164	0.00230483	1.71096	0.0	0.820197	0.06164	0.768308	0.0446399	1.0	1.52962	2.89409e-07	0.0290041	0.0461031	0.0137427	0.155997	0.0134102	0.116284	8.25499	-740.495	4.0	3.74145e-07	-1928.98	4.0	1.5663e-05	1.0	201.129	16.36	63.9025	10.6058	0.241113	0.036788	1052.2	19.3956	
0.0-2.4	6.5-7.5	0.0-100.0	0.000-1.571	0.024	0.136	15027.0	14974.0	6406.17	112.41	8567.89	121.555	0.0156401	0.0425288	-0.05	0.0	0.651627	0.0274638	3.0896	0.000625901	0.03	0.00437373	0.07	0.0102021	0.03	0.0	1.492	0.0	5.0	0.0	1.733	0.0	0.0478904	0.00280582	8.01189e-05	0.000324225	0.23566	0.00893061	0.280575	0.122818	0.00999999	0.00282967	0.00307803	0.000575224	1.74302	0.169292	0.933698	0.0126501	0.501964	0.0309493	0.903804	0.0292725	0.621233	0.0318212	0.0658776	0.00760657	0.16458	0.0149138	0.31775	0.053153	-20637.7	4.0	6.50181e-05	-135005.0	7.0	5.56298e-06	1.0	5126.17	104.38	1279.99	57.5202	0.199806	0.00826608	1216.39	64.5029	
0.0-2.4	6.5-8.0	0.0-100.0	0.000-1.571	0.016	0.136	20551.0	20503.0	9399.38	137.705	11103.9	143.738	-0.0336075	0.0402396	-0.05	0.0	0.56309	0.075359	3.09036	0.000501148	0.0279188	0.00136854	0.0584254	0.00653512	0.03	0.0	1.492	0.0	5.0	0.0	1.733	0.0	0.0439353	0.00222259	1.09347e-05	0.000200957	0.245499	0.00704825	0.305289	0.105534	0.0099999	0.0123306	0.00248986	0.000485515	1.67893	0.121704	0.892541	0.0110463	0.508955	0.0422249	0.89497	0.0313436	0.572284	0.0324673	0.06121	0.0075957	0.169059	0.0101872	0.262974	0.0440515	-28790.9	4.0	8.01624e-06	-192214.0	7.0	3.77816e-05	1.0	7301.35	124.906	2098.04	71.4438	0.22321	0.00686149	1189.11	52.0517	
0.0-2.4	7.5-8.5	0.0-100.0	0.000-1.571	0.016	0.184	9789.0	9789.0	5629.87	93.962	4159.12	85.778	-0.189702	0.0638778	-0.05	0.0	0.473717	0.074226	3.09126	0.000573328	0.0246436	0.0015664	0.0483484	0.0034005	0.03	0.0	1.492	0.0	5.0	0.0	1.733	0.0	0.0389604	0.0014026	8.69412e-05	0.000593911	0.269785	0.00880855	0.237323	0.116681	0.00999998	0.0164187	0.00215695	0.000605976	1.6166	0.148916	0.884043	0.0157505	0.506132	0.0556204	0.898156	0.0470348	0.424124	0.0548488	0.04811	0.00720153	0.194054	0.0119831	0.199317	0.0528887	-15483.9	4.0	4.31446e-06	-86463.2	7.0	4.51046e-07	1.0	4156.55	84.9575	1473.32	54.8623	0.261696	0.00871124	1102.85	55.1522	
0.0-2.4	8.0-10.0	0.0-100.0	0.000-1.571	0.016	0.184	12014.0	12014.0	7594.88	105.989	4419.14	89.7592	-0.182306	0.0607809	-0.05	0.0	0.461172	0.0493493	3.09318	0.000452219	0.045793	0.00193352	0.0222811	0.0010474	0.03	0.0	1.492	0.0	5.0	0.0	1.733	0.0	0.0351365	0.000827942	8.20597e-05	0.000220638	0.263145	0.00693274	0.223696	0.161641	0.000490403	0.00440363	0.00269194	0.000501291	1.60773	0.189769	0.901421	0.0135326	0.578736	0.0617323	0.978835	0.0126483	0.465325	0.0554327	0.0476225	0.0064429	0.232423	0.0117013	0.369443	0.17759	-20821.2	4.0	2.03457e-06	-110256.0	7.0	1.37538e-06	1.0	5409.81	94.1726	2185.07	64.021	0.287703	0.00741189	1099.55	72.2769	
0.0-2.4	8.5-9.5	0.0-100.0	0.000-1.571	0.016	0.12	5673.0	5662.0	3620.63	72.2757	2041.31	60.3681	-0.217462	0.0891051	-0.05	0.0	0.482313	0.0695762	3.09435	0.000649439	0.0441747	0.00254764	0.0225353	0.00135659	0.03	0.0	1.492	0.0	5.0	0.0	1.733	0.0	0.0347	0.00108966	6.95629e-05	0.856416	0.240014	0.00861475	0.195184	0.13966	-0.00999942	0.0168092	0.00211106	0.000727635	1.55529	0.186244	0.894838	0.0195118	0.713101	0.166075	0.716262	0.233361	0.393598	0.106109	0.0449392	0.0174039	0.233701	0.0194246	0.0469446	0.0207991	-9900.5	4.0	1.81475e-06	-47812.1	7.0	5.03441e-06	1.0	2462.83	63.7635	1157.8	46.7217	0.319779	0.0112148	1056.68	60.1562	
0.0-2.4	9.5-11.0	0.0-100.0	0.000-1.571	0.016	0.136	4946.0	4942.0	3467.92	71.2071	1474.12	55.4671	-0.328528	0.108	-0.05	0.0	0.37086	0.0813383	3.09231	0.000664954	0.0474031	0.00357087	0.0245375	0.00166304	0.03	0.0	1.492	0.0	5.0	0.0	1.733	0.0	0.0348158	0.00136813	1.00134e-05	0.000394123	0.256811	0.0101907	0.411649	0.288515	0.00222243	0.00388551	-0.000163721	0.000762371	1.51563	0.180968	0.728079	0.0216465	0.959471	0.0413514	0.488576	0.0887853	0.252989	0.128741	0.209278	0.12856	0.252234	0.0194284	0.0472713	0.0137112	-9489.06	4.0	4.25205e-06	-41595.7	7.0	4.11483e-06	1.0	2503.14	63.1652	964.779	41.7205	0.278201	0.0105878	1121.38	124.377	
0.4-0.8	6.5-30.0	0.0-100.0	0.000-1.571	0.008	0.073	5083.0	5083.0	3390.61	67.0631	1692.35	52.9017	-0.0566011	0.0976882	-0.05	0.0	0.728827	0.069808	3.09246	0.00049153	0.0218471	0.000789503	0.0374431	0.00388243	0.03	0.0	1.492	0.0	5.0	0.0	1.733	0.0	0.0269823	0.000972408	1.07909e-05	6.48731e-06	0.318086	0.0112011	0.164736	0.163076	-0.00113548	0.00593586	-0.000911181	0.000630992	1.82366	0.359661	0.919463	0.0190782	0.728257	0.0712252	0.891503	0.0341292	0.469359	0.0524965	0.0587711	0.0174039	0.192582	0.0190128	0.501008	0.110925	-9752.22	4.0	1.68718e-06	-43472.1	7.0	4.48836e-06	1.0	2288.81	57.4034	1101.8	41.4809	0.324957	0.0104097	1119.83	102.589	
0.8-1.2	6.5-30.0	0.0-100.0	0.000-1.571	0.008	0.105	7975.0	7970.0	4712.78	86.4347	3257.23	77.5561	0.0472254	0.0728702	-0.05	0.0	0.313923	0.0978947	3.09286	0.000626905	0.0271821	0.00252626	0.0346397	0.00232315	0.03	0.0	1.492	0.0	5.0	0.0	1.733	0.0	0.0324835	0.000976201	3.76156e-05	0.000218351	0.264142	0.00836295	0.510138	0.279061	0.00698866	0.00378923	-0.000381226	0.000721028	1.44442	0.131788	0.71119	0.0196936	0.5415	0.053049	0.899081	0.0413053	0.448799	0.0473488	0.050418	0.00764041	0.201745	0.0130826	0.234595	0.0565119	-13018.3	4.0	8.39283e-05	-69239.9	7.0	5.07486e-06	1.0	3258.43	74.1338	1454.35	51.3409	0.308597	0.00930835	1145.47	105.227	
1.2-1.6	6.5-30.0	0.0-10.0	0.000-1.571	0.016	0.136	4195.0	4182.0	1803.06	51.9307	2378.88	57.2068	0.111159	0.0799271	-0.05	0.0	0.483754	0.0	3.09139	0.0	0.0456288	0.0	0.032222	0.00183107	0.03	0.0	1.492	0.0	5.0	0.0	1.733	0.0	0.0392832	0.000387684	1.84654e-05	0.00459078	0.237348	0.0131038	0.103775	0.0	0.00999984	0.0	0.00137033	0.000870462	2.09199	0.0	0.881833	0.0236267	0.898438	0.0961659	0.294359	0.0658794	0.287994	0.0921272	0.175057	0.0930625	0.215979	0.021549	0.0528984	0.00871991	-5576.4	4.0	5.46402e-09	-32422.4	4.0	1.84926e-05	1.0	1247.61	47.623	555.455	35.1101	0.308062	0.0173336	1072.89	8.70203	
1.2-1.6	6.5-30.0	0.0-100.0	0.000-1.571	0.008	0.136	10754.0	10738.0	5693.41	107.774	5044.72	104.594	-0.0536614	0.0585969	-0.05	0.0	0.483754	0.100512	3.09139	0.000695636	0.0456288	0.0029678	0.0315785	0.00156242	0.03	0.0	1.492	0.0	5.0	0.0	1.733	0.0	0.0390124	0.00114003	2.31047e-05	0.000294422	0.221134	0.00730466	0.103775	0.0507441	0.00999984	0.0195355	0.00159764	0.000528126	2.09199	0.256609	0.949763	0.0138042	0.745216	0.0914925	0.47681	0.10003	0.347007	0.0955284	0.10121	0.0202525	0.210154	0.0140399	0.0412466	0.0107754	-16510.6	4.0	9.88423e-05	-94872.5	7.0	4.78786e-06	1.0	4126.16	94.8479	1567.25	61.446	0.275274	0.00945117	1123.66	46.6958	
1.2-1.6	6.5-30.0	10.0-20.0	0.000-1.571	0.008	0.128	2533.0	2525.0	1308.06	43.3217	1217.27	42.262	-0.162629	0.112316	-0.05	0.0	0.483754	0.0	3.09139	0.0	0.0456288	0.0	0.03564	0.0025712	0.03	0.0	1.492	0.0	5.0	0.0	1.733	0.0	0.0407788	0.00058005	2.94195e-05	0.000284662	0.198273	0.0127665	0.103775	0.0	0.00999984	0.0	0.0025714	0.0011922	2.09199	0.0	1.0528	0.0299867	0.592705	0.0303545	0.999982	10.0773	0.604954	0.0718064	0.0993643	0.0129329	0.167135	0.016623	0.0210475	37.3018	-3783.63	4.0	9.27713e-05	-18559.1	4.0	7.97595e-05	1.0	900.307	40.8195	407.755	30.9763	0.311724	0.0213121	1203.13	11.7584	
1.2-1.6	6.5-30.0	20.0-30.0	0.000-1.571	0.016	0.105	1833.0	1823.0	1054.65	36.849	768.273	32.7332	-0.0386417	0.141466	-0.05	0.0	0.483754	0.0	3.09139	0.0	0.0456288	0.0	0.0272645	0.00196602	0.03	0.0	1.492	0.0	5.0	0.0	1.733	0.0	0.0372951	0.000370988	1.01652e-05	0.000874629	0.226232	0.017129	0.103775	0.0	0.00999984	0.0	0.000164242	0.00118343	2.09199	0.0	0.958141	0.0284144	0.504355	1.0429	0.662323	3.2913	0.27551	0.413949	0.0281395	0.0158084	0.148715	0.0518486	0.0277289	0.0162425	-3218.9	4.0	5.76398e-06	-13054.9	4.0	4.17652e-06	1.0	783.17	34.8248	271.481	23.5367	0.257413	0.0204245	1130.01	10.7962	
1.2-1.6	6.5-30.0	30.0-40.0	0.000-1.571	0.016	0.12	1060.0	1057.0	637.669	28.7008	419.176	24.6013	0.0329907	0.19162	-0.05	0.0	0.483754	0.0	3.09139	0.0	0.0456288	0.0	0.0305687	0.00302334	0.03	0.0	1.492	0.0	5.0	0.0	1.733	0.0	0.038595	0.000618102	1.0296e-05	0.000975254	0.183664	0.0252742	0.103775	0.0	0.00999984	0.0	0.00475868	0.00153416	2.09199	0.0	0.902591	0.0401792	1.0	0.618721	0.339552	0.0200466	0.279729	0.0196758	0.153617	1.58111	0.320088	0.0171535	0.0677259	0.00339395	-1870.79	4.0	4.42831e-05	-7014.86	4.0	4.13474e-05	1.0	514.943	29.2633	122.726	18.6996	0.19246	0.0280163	1088.25	14.9331	
1.2-1.6	6.5-30.0	40.0-50.0	0.000-1.571	0.016	0.064	579.0	566.0	423.27	22.2035	142.637	14.5745	-1.71275	0.37027	-0.05	0.0	0.483754	0.0	3.09139	0.0	0.0456288	0.0	0.0303094	0.00368556	0.03	0.0	1.492	0.0	5.0	0.0	1.733	0.0	0.0384893	0.000749149	2.95545e-05	0.000300613	0.238951	0.0289621	0.103775	0.0	0.00999984	0.0	-0.0044653	0.00219669	2.09199	0.0	1.04441	0.0608941	0.999979	0.808755	0.999986	6.53568	0.524708	0.0740193	0.00914752	0.725457	0.214286	0.0224696	0.0204177	19.2212	-1110.8	4.0	1.74937e-06	-3565.2	4.0	2.62492e-05	1.0	314.483	21.5123	108.788	14.9398	0.257017	0.0326197	1196.56	23.8177	
1.2-1.6	6.5-30.0	50.0-100.0	0.000-1.571	0.016	0.073	553.0	547.0	441.881	22.1428	105.09	12.3906	-1.13874	0.401404	-0.05	0.0	0.483754	0.0	3.09139	0.0	0.0456288	0.0	0.0292769	0.00263893	0.03	0.0	1.492	0.0	5.0	0.0	1.733	0.0	0.0380744	0.000523776	1.01642e-05	0.000817577	0.225089	0.0299016	0.103775	0.0	0.00999984	0.0	0.00540284	0.00198939	2.09199	0.0	0.974063	0.0562688	0.858111	0.904367	0.626299	0.785423	1.59239e-06	0.808199	0.0214115	0.048988	0.300898	0.0603614	0.0200018	0.18741	-1172.12	4.0	1.26693e-06	-3516.87	4.0	2.75847e-06	1.0	348.467	21.627	93.4147	13.5914	0.211402	0.0288763	1142.15	21.504	
1.6-2.0	6.5-30.0	0.0-100.0	0.000-1.571	0.008	0.16	10096.0	10091.0	5155.13	109.901	4936.01	108.886	-0.348622	0.0619453	-0.05	0.0	0.521945	0.124557	3.09114	0.000858024	0.0552968	0.00337501	0.0338136	0.0033507	0.03	0.0	1.492	0.0	5.0	0.0	1.733	0.0	0.0462878	0.00176296	2.61437e-05	0.00458725	0.201407	0.00862589	0.462154	0.274076	0.00485629	0.00340939	0.00210495	0.000798153	1.4787	0.146906	0.851698	0.0180252	0.999679	0.536442	0.473066	0.234311	0.63337	0.151226	0.00741959	0.000201073	0.183076	0.0129484	0.102544	0.0133223	-15298.2	4.0	5.97016e-06	-87762.4	7.0	1.8518e-05	1.0	4127.4	100.882	1027.73	53.9879	0.19936	0.00957146	1183.5	94.6963	
1.6-2.4	3.0-30.0	0.0-100.0	0.000-1.571	0.008	0.136	228658.0	221238.0	41364.2	366.202	179874.0	522.087	0.138399	0.00921778	-0.05	0.0	0.0463606	0.0135212	3.08944	0.000462713	0.0177226	0.0022489	0.052	0.000192624	0.03	0.0	1.89	0.0	5.0	0.0	1.44	0.0	0.0509235	0.000185184	1.05736e-05	6.47957e-05	0.216919	0.00454591	0.424086	0.192827	0.0067252	0.00270385	0.00707932	0.000248908	1.48829	0.109549	0.857332	0.00349519	0.670454	0.117324	0.867051	0.0173617	0.666045	0.0466493	0.00713603	0.00563797	0.113972	0.00275655	0.22521	0.00682299	-223011.0	4.0	1.46425e-05	-2536820.0	7.0	0.000929045	1.0	35036.4	361.055	6327.8	193.097	0.152978	0.00446745	1167.33	67.9196	
1.6-2.4	3.0-4.5	0.0-100.0	0.000-1.571	0.016	0.264	159831.0	159825.0	19635.6	300.603	140192.0	459.189	0.167142	0.0104092	-0.05	0.0	0.920129	0.0142321	3.08664	0.000775681	0.0524982	0.00122121	0.015505	0.00214488	0.03	0.0	1.86	0.0	5.0	0.0	1.38	0.0	0.0505483	0.00061035	8.85777e-05	0.0369611	0.22644	0.00852063	0.101357	0.069759	0.0499991	0.0925249	0.00280449	0.000241505	1.84755	0.275177	1.01988	0.00311789	1.0	0.0147393	0.85678	0.000142645	0.699819	0.000138133	0.197385	6.74425	0.0782439	4.06922e-05	0.330684	0.00023444	-147345.0	4.0	1.72046e-06	-1776520.0	7.0	0.000557997	1.0	17221.2	295.871	2414.38	139.282	0.122959	0.006839	1131.69	43.099	
1.6-2.4	3.0-5.5	0.0-100.0	0.000-1.571	0.016	0.264	197361.0	197351.0	28467.0	334.036	168883.0	501.959	0.0917569	0.00949903	-0.05	0.0	1.35594e-08	0.0146499	3.08873	0.000593609	0.0542007	0.0577022	0.0492584	0.000591335	0.03	0.0	1.86	0.0	5.0	0.0	1.38	0.0	0.0492584	0.000298102	1.55371e-05	0.00459213	0.23078	0.00687222	0.125652	0.0884483	0.0251244	0.0167426	0.00668453	0.000216342	1.92178	0.271466	1.02727	0.00285763	1.0	0.0962587	0.826061	0.00874755	0.78105	0.00634064	0.0392498	194.29	0.104155	0.0027665	0.328813	0.00951679	-183784.0	4.0	0.000103589	-2236280.0	7.0	3.88519e-05	1.0	24669.1	331.437	3797.95	167.462	0.133416	0.00567053	1177.6	56.8284	
1.6-2.4	3.0-6.5	0.0-10.0	0.000-1.571	0.032	0.264	117610.0	117553.0	13126.8	242.964	104427.0	387.704	0.0889103	0.0119742	-0.05	0.0	1.22023e-10	0.0	3.08985	0.0	0.0399846	0.0	0.0461184	0.00088045	0.03	0.0	1.86	0.0	5.0	0.0	1.38	0.0	0.0461184	0.000440225	1.3729e-05	0.00459296	0.235059	0.0107507	0.342453	0.0	0.0157318	0.0	0.00596286	0.000339236	1.52985	0.0	0.921281	0.00455839	1.0	0.248922	0.802849	0.000679015	0.784853	0.000339969	0.319115	23.1145	0.110718	0.000214338	0.352336	0.000852525	-105593.0	4.0	6.3432e-07	-1269820.0	4.0	3.03452e-05	1.0	11413.6	239.061	1713.19	116.307	0.130511	0.00852456	1166.01	1.18412	
1.6-2.4	3.0-6.5	0.0-100.0	0.000-1.571	0.032	0.136	215096.0	207598.0	34371.9	360.535	173226.0	518.473	0.155617	0.00943833	-0.05	0.0	1.22023e-10	0.0184363	3.08985	0.000528103	0.0399846	0.0530221	0.0502622	0.00064543	0.03	0.0	1.86	0.0	5.0	0.0	1.38	0.0	0.0502622	0.000333735	1.41936e-05	0.00459275	0.226588	0.00573682	0.342453	0.252255	0.0157318	0.00949993	0.00569123	0.000247045	1.52985	0.175655	0.919384	0.00337061	0.999939	0.00813102	0.783351	0.00924661	0.780479	0.00495427	0.0102589	0.95249	0.114739	0.00297675	0.227428	0.00671067	-204372.0	4.0	5.60368e-05	-2364850.0	7.0	0.000153823	1.0	29819.4	354.511	4552.54	173.567	0.132449	0.0048548	1165.03	90.0609	
1.6-2.4	3.0-6.5	0.0-20.0	0.000-1.571	0.032	0.136	173307.0	166795.0	22713.0	306.4	144082.0	463.925	0.170625	0.0102071	-0.05	0.0	1.22023e-10	0.0	3.08985	0.0	0.0399846	0.0	0.0491652	0.000685809	0.03	0.0	1.86	0.0	5.0	0.0	1.38	0.0	0.0491652	0.000342905	1.41936e-05	0.00459275	0.219952	0.00739052	0.342453	0.0	0.0157318	0.0	0.00617586	0.000279562	1.52985	0.0	0.925892	0.00379823	1.0	44.3672	0.799042	0.0372285	0.783246	0.00527369	0.105807	919.016	0.11213	0.00445219	0.244688	0.000413645	-161208.0	4.0	2.83559e-05	-1861540.0	4.0	2.05302e-06	1.0	19891.4	303.724	2821.63	147.284	0.12423	0.00626429	1168.41	0.989558	
1.6-2.4	3.0-6.5	10.0-20.0	0.000-1.571	0.032	0.136	55696.0	53756.0	9308.25	188.403	44447.3	265.44	0.104557	0.0184269	-0.05	0.0	1.22023e-10	0.0	3.08985	0.0	0.0399846	0.0	0.0544924	0.0011625	0.03	0.0	1.86	0.0	5.0	0.0	1.38	0.0	0.0544924	0.00058125	1.41936e-05	0.00459275	0.219879	0.011377	0.342453	0.0	0.0157318	0.0	0.00647355	0.000486742	1.52985	0.0	0.932544	0.00662264	1.0	2.29224	0.7638	0.00047219	0.773572	0.0003302	0.0108834	17.5765	0.112077	0.000146199	0.179457	0.00021894	-54236.1	4.0	1.13764e-05	-539710.0	4.0	2.57648e-05	1.0	8261.1	186.387	1047.15	85.0337	0.112497	0.00884699	1171.89	1.73265	
1.6-2.4	3.0-6.5	20.0-30.0	0.000-1.571	0.032	0.192	22801.0	22766.0	4850.64	123.232	17916.0	167.921	-0.0296715	0.0291098	-0.05	0.0	1.22023e-10	0.0	3.08985	0.0	0.0399846	0.0	0.0553076	0.00142796	0.03	0.0	1.86	0.0	5.0	0.0	1.38	0.0	0.0553076	0.00071398	1.37746e-05	0.00459294	0.228673	0.0132161	0.342453	0.0	0.0157318	0.0	0.00280907	0.000737077	1.52985	0.0	0.911115	0.00995633	0.961443	0.0342413	0.759505	0.0561775	0.753618	0.0155589	0.4064	0.126698	0.118088	0.0141748	0.186143	0.041455	-22499.1	4.0	3.81947e-05	-209423.0	4.0	2.55814e-05	1.0	4090.19	120.706	760.458	64.3846	0.156775	0.0126618	1160.75	2.56939	
1.6-2.4	3.0-6.5	20.0-40.0	0.000-1.571	0.024	0.192	33798.0	33785.0	7906.54	150.455	25878.6	201.513	-0.00124465	0.0242248	-0.05	0.0	1.22023e-10	0.0	3.08985	0.0	0.0399846	0.0	0.0522661	0.00104037	0.03	0.0	1.86	0.0	5.0	0.0	1.38	0.0	0.0522661	0.000520185	1.37746e-05	0.00459294	0.234399	0.010744	0.342453	0.0	0.0157318	0.0	0.0030762	0.00059642	1.52985	0.0	0.907206	0.00820704	0.968762	0.0311458	0.763652	0.0567108	0.755403	0.0124079	0.361834	0.129579	0.116363	0.00948065	0.183573	0.0257656	-34324.3	4.0	3.39441e-05	-324667.0	4.0	1.69809e-06	1.0	6707.02	148.328	1199.52	78.9491	0.151712	0.00955884	1158.74	2.11254	
1.6-2.4	3.0-6.5	30.0-40.0	0.000-1.571	0.032	0.192	10997.0	10985.0	3045.81	85.6657	7939.23	110.596	0.0479305	0.0437457	-0.05	0.0	1.22023e-10	0.0	3.08985	0.0	0.0399846	0.0	0.0472531	0.00144702	0.03	0.0	1.86	0.0	5.0	0.0	1.38	0.0	0.0472531	0.000723512	1.37746e-05	0.00459294	0.244593	0.0184045	0.342453	0.0	0.0157318	0.0	0.00378396	0.00102268	1.52985	0.0	0.896827	0.0145175	1.0	62.4481	0.72328	0.00871026	0.756007	0.00465382	0.0087229	84.8385	0.115005	0.00173202	0.154773	0.00231892	-11824.2	4.0	2.05301e-05	-93655.0	4.0	7.99255e-07	1.0	2609.08	85.651	436.721	45.8472	0.143384	0.0145023	1153.41	3.71118	
1.6-2.4	3.0-6.5	40.0-100.0	0.000-1.571	0.024	0.145	7989.0	7940.0	3795.64	79.8078	4144.19	81.9585	0.163631	0.0613783	-0.05	0.0	1.22023e-10	0.0	3.08985	0.0	0.0399846	0.0	0.0517488	0.0010424	0.03	0.0	1.86	0.0	5.0	0.0	1.38	0.0	0.0517488	0.000521201	1.39771e-05	0.00459285	0.240817	0.0155839	0.342453	0.0	0.0157318	0.0	0.00469586	0.00108643	1.52985	0.0	0.825566	0.0154732	0.999998	9.8517	0.761449	0.0231833	0.761011	0.0142619	0.00884802	7.56008	0.150462	0.00649198	0.214	0.0121714	-10029.1	4.0	9.25494e-06	-66486.5	4.0	1.00645e-05	1.0	3242.79	82.1905	552.845	47.3433	0.145653	0.0120913	1117.88	3.75694	
1.6-2.4	3.0-6.5	40.0-50.0	0.000-1.571	0.032	0.145	4702.0	4670.0	1948.48	59.0404	2721.55	65.2584	0.138832	0.075323	-0.05	0.0	1.22023e-10	0.0	3.08985	0.0	0.0399846	0.0	0.050382	0.00144816	0.03	0.0	1.86	0.0	5.0	0.0	1.38	0.0	0.050382	0.000724079	1.39771e-05	0.00459285	0.22349	0.0171436	0.342453	0.0	0.0157318	0.0	0.00180103	0.00137577	1.52985	0.0	0.724574	0.0214323	0.514014	0.0459752	0.925902	0.0148387	0.000412143	0.622622	0.00707375	1.40555e-08	0.0500006	0.00240817	0.262872	0.0380484	-5636.44	4.0	6.28854e-06	-36355.0	4.0	3.28142e-05	1.0	1561.74	59.4372	386.739	37.8251	0.198483	0.0184575	1070.84	4.76784	
1.6-2.4	3.0-6.5	50.0-100.0	0.000-1.571	0.032	0.145	3287.0	3261.0	1847.91	53.6382	1413.1	49.4183	0.206102	0.106199	-0.05	0.0	1.22023e-10	0.0	3.08985	0.0	0.0399846	0.0	0.0535995	0.00156089	0.03	0.0	1.86	0.0	5.0	0.0	1.38	0.0	0.0535995	0.000780447	1.39771e-05	0.00459285	0.262657	0.0272968	0.342453	0.0	0.0157318	0.0	0.00307285	0.00172052	1.52985	0.0	0.875791	0.0227618	0.87121	0.0388462	0.999999	0.0367403	0.756166	0.0284881	0.247268	0.0667541	0.190103	0.0206759	0.0200004	4.10981	-4423.75	4.0	3.68974e-07	-24712.5	4.0	1.17792e-07	1.0	1633.1	55.6993	214.818	29.9042	0.116249	0.015827	1142.73	5.73535	
1.6-2.4	4.5-5.5	0.0-100.0	0.000-1.571	0.032	0.192	37529.0	37478.0	7785.81	1140.71	29692.0	1015.41	-0.35167	0.087833	-0.05	0.0	0.101912	3.3042	3.09002	0.000799742	0.0649985	0.439009	0.0481026	0.011712	0.03	0.0	1.86	0.0	5.0	0.0	1.38	0.0	0.050086	0.0431458	2.24592e-05	0.000300031	0.237898	0.0106898	0.168249	0.155208	0.013983	0.015875	0.0073894	0.000483098	1.94033	0.379566	1.06982	0.00728648	0.999999	0.0570157	0.687173	0.0302385	0.804843	0.0089854	0.0137377	0.861704	0.145572	0.0106108	0.232053	0.0190447	-36745.8	4.0	7.79935e-05	-363670.0	7.0	0.0157604	1.0	6443.22	947.345	1342.59	212.149	0.17244	0.0102062	1259.12	94.5965	
1.6-2.4	5.5-6.5	0.0-100.0	0.000-1.571	0.016	0.168	17734.0	17709.0	5427.89	112.14	12280.9	139.369	-0.422425	0.0360267	-0.05	0.0	0.0225912	0.025177	3.0939	0.00109502	0.0200059	0.021147	0.0523897	0.0016399	0.03	0.0	1.86	0.0	5.0	0.0	1.38	0.0	0.0518817	0.000862733	1.49587e-05	0.00459239	0.225258	0.0113545	0.433557	0.413492	0.016385	0.017632	0.003861	0.000781159	1.45242	0.194727	0.866763	0.013931	0.819841	0.0555934	0.477584	0.0786171	0.633595	0.0481443	0.162436	0.0261102	0.205165	0.0128009	0.0604736	0.0160799	-19591.2	4.0	2.73364e-06	-159674.0	7.0	0.000461683	1.0	4556.82	108.485	871.075	56.8318	0.160481	0.0099315	1157.65	132.377	
1.6-2.4	6.5-30.0	0.0-10.0	0.000-1.571	0.008	0.184	5160.0	5160.0	2188.22	58.3728	2971.64	64.7346	-0.319268	0.0720535	-0.05	0.0	0.69414	0.0	3.09108	0.0	0.0560567	0.0	0.0304993	0.00277213	0.03	0.0	1.492	0.0	5.0	0.0	1.733	0.0	0.0496563	0.000260389	6.70809e-05	0.00017923	0.224216	0.0161611	0.211707	0.0	0.00199102	0.0	0.003275	0.000971506	1.6767	0.0	1.02887	0.0223251	0.991401	0.0826623	0.340025	0.0648779	0.565982	0.0443006	0.276386	0.883619	0.201516	0.0207979	0.0867955	0.0138391	-6852.1	4.0	6.50735e-07	-40828.3	4.0	1.21406e-05	1.0	1809.21	57.6379	379.009	33.0922	0.173204	0.0143998	1195.67	7.57177	
1.6-2.4	6.5-30.0	0.0-100.0	0.000-1.571	0.008	0.152	13562.0	13551.0	6946.92	126.529	6603.61	124.983	-0.38526	0.0518788	-0.05	0.0	0.69414	0.096517	3.09108	0.000765015	0.0560567	0.00248155	0.0299462	0.00405231	0.03	0.0	1.492	0.0	5.0	0.0	1.733	0.0	0.0495532	0.00151168	2.77437e-05	0.00458652	0.192861	0.00688136	0.211707	0.175346	0.00199102	0.00574194	0.00260883	0.000538464	1.6767	0.235346	0.92961	0.0122215	0.917591	0.117304	0.588801	0.152658	0.604709	0.0366593	0.185409	0.115205	0.176637	0.0124684	0.0733342	0.0289348	-20432.7	4.0	6.23558e-07	-121776.0	7.0	4.16248e-05	1.0	5426.02	116.084	1520.9	66.9019	0.218931	0.00876613	1129.78	84.2058	
1.6-2.4	6.5-30.0	10.0-20.0	0.000-1.571	0.016	0.16	3454.0	3454.0	1679.01	49.8227	1774.95	50.7748	-0.300188	0.0933841	-0.05	0.0	0.69414	0.0	3.09108	0.0	0.0560567	0.0	0.0312685	0.00375402	0.03	0.0	1.492	0.0	5.0	0.0	1.733	0.0	0.0498024	0.000360451	7.1128e-05	0.0211424	0.177374	0.0126441	0.211707	0.0	0.00199102	0.0	0.00162052	0.00113731	1.6767	0.0	0.974832	0.0243742	0.897829	0.000526567	1.0	0.0268009	0.659077	0.000522835	0.211775	0.000953803	0.131793	0.000186665	0.19999	3.01621	-5046.51	4.0	3.782e-06	-26187.1	4.0	3.41285e-05	1.0	1291.2	50.378	387.804	34.6746	0.230972	0.0194814	1159.43	8.0774	
1.6-2.4	6.5-30.0	20.0-30.0	0.000-1.571	0.016	0.152	2182.0	2178.0	1217.25	40.0005	960.488	36.6528	-0.648216	0.12881	-0.05	0.0	0.69414	0.0	3.09108	0.0	0.0560567	0.0	0.0238334	0.00257425	0.03	0.0	1.492	0.0	5.0	0.0	1.733	0.0	0.048528	0.000193347	4.73533e-05	0.0045775	0.207117	0.0164738	0.211707	0.0	0.00199102	0.0	0.00441845	0.00116497	1.6767	0.0	0.83233	0.0276406	0.744207	0.0991303	0.918306	0.0940227	0.663354	0.0606432	0.065294	0.034389	0.142604	0.0209938	0.29712	0.17191	-3626.54	4.0	4.15119e-07	-15774.3	4.0	7.51288e-05	1.0	943.245	39.0027	274.002	25.3281	0.2251	0.0194485	1068.31	8.48797	
1.6-2.4	6.5-30.0	30.0-40.0	0.000-1.571	0.016	0.12	1328.0	1322.0	820.586	32.457	501.313	27.0966	-0.470804	0.177613	-0.05	0.0	0.69414	0.0	3.09108	0.0	0.0560567	0.0	0.0269096	0.00350939	0.03	0.0	1.492	0.0	5.0	0.0	1.733	0.0	0.0490175	0.000294632	7.78689e-05	0.00018502	0.158643	0.0140941	0.211707	0.0	0.00199102	0.0	0.00123344	0.00157894	1.6767	0.0	0.852657	0.0335459	1.0	0.00846553	1.0	0.0462015	0.756461	0.04009	1.49988	0.344488	0.195282	0.0306909	0.109911	2.76268	-2319.65	4.0	6.42586e-05	-9017.91	4.0	8.77356e-06	1.0	570.962	32.9413	249.624	25.9345	0.304202	0.0292249	1080.87	10.4303	
1.6-2.4	6.5-30.0	40.0-50.0	0.000-1.571	0.016	0.136	760.0	758.0	500.038	24.827	257.937	19.3466	-0.869058	0.251817	-0.05	0.0	0.69414	0.0	3.09108	0.0	0.0560567	0.0	0.0297228	0.00413975	0.03	0.0	1.492	0.0	5.0	0.0	1.733	0.0	0.0495121	0.000380054	8.26074e-05	0.000185856	0.171872	0.0203219	0.211707	0.0	0.00199102	0.0	0.000616308	0.00167061	1.6767	0.0	0.6798	0.0402008	0.588256	0.0435227	0.999994	1.27475	0.417422	0.0462541	0.0374182	0.005654	0.232806	0.0195311	0.0201084	4.03211	-1379.13	4.0	4.08761e-05	-4796.38	4.0	1.07795e-06	1.0	370.112	24.4003	129.926	17.3004	0.259833	0.0321031	979.525	10.9966	
1.6-2.4	6.5-30.0	50.0-100.0	0.000-1.571	0.024	0.088	676.0	639.0	505.436	24.3947	133.416	14.9382	-0.191508	0.3484	-0.05	0.0	0.69414	0.0	3.09108	0.0	0.0560567	0.0	0.0479238	0.0061826	0.03	0.0	1.492	0.0	5.0	0.0	1.733	0.0	0.0537001	0.000843801	6.88123e-05	0.774115	0.183832	0.0245537	0.211707	0.0	0.00199102	0.0	0.00705177	0.0020804	1.6767	0.0	0.80111	0.0449137	0.683202	0.224771	0.874166	0.936509	0.281751	0.349634	0.0486324	0.0282729	0.199695	0.0526256	0.036944	0.0626288	-1323.47	4.0	0.000121949	-4052.67	4.0	7.4623e-05	1.0	404.188	24.4805	101.248	15.5761	0.200318	0.0292612	1049.33	13.5151	
2.0-2.4	6.5-30.0	0.0-100.0	0.000-1.571	0.016	0.152	3466.0	3463.0	1977.27	64.4824	1485.7	60.5037	-0.375687	0.125643	-0.05	0.0	0.51281	0.192392	3.09105	0.00174081	0.0439086	0.00488081	0.08	0.368405	0.03	0.0	1.492	0.0	5.0	0.0	1.733	0.0	0.0640835	0.112085	5.32822e-05	0.000637972	0.182481	0.0117553	0.0616077	0.0610709	-0.00999984	0.0176827	0.00227214	0.00096328	2.16559	0.541582	0.926223	0.0201921	0.843028	0.000972997	1.0	16.6897	0.644099	0.000725972	0.115521	0.000605653	0.161663	0.00031858	0.143897	78.0991	-5163.59	4.0	5.17164e-06	-26366.1	7.0	3.4162e-06	1.0	1473.56	59.9047	503.71	39.3584	0.25475	0.0180888	1045.93	66.2744	
