weightedEff
rap	pT	cent	dPhi	ctauErrMin	ctauErrMax	NoCutEntry	CutEntry	NSig	NSigErr	NBkg	NBkgErr	coefExp	coefExpErr	coefPol1	coefPol1Err	coeffGaus	coeffGausErr	meanSig1	meanSig1Err	sigmaSig1	sigmaSig1Err	sigmaSig2	sigmaSig2Err	sigmaSig3	sigmaSig3Err	alpha	alphaErr	enne	enneErr	enneW	enneWErr	sigWidth	sigWidthErr	Gmc	GmcErr	bTau	bTauErr	fracRes	fracResErr	meanResSigW	meanResSigWErr	meanResSigN	meanResSigNErr	sigmaResSigW	sigmaResSigWErr	sigmaResSigN	sigmaResSigNErr	fpm	fpmErr	fLiving	fLivingErr	fbkgCtTot	fbkgCtTotErr	lambdam	lambdamErr	lambdap	lambdapErr	lambdasym	lambdasymErr	NLL	nFitPar	EDM	NLLMass	nFitParMass	EDMMass	Prob	PROMPT	PROMPTErr	NON-PROMPT	NON-PROMPTErr	Bfraction	BfractionErr	Resolution	ResolutionErr	
0.0-1.2	6.5-30.0	10.0-60.0	0.000-0.393	0.016	0.073	3107.0	3081.0	2053.29	48.7355	1027.5	36.7369	0.192983	0.122742	-0.05	0.0	0.555503	0.0	3.09269	0.0	0.0203317	0.0	0.0338252	0.0	0.03	0.0	1.492	0.0	5.0	0.0	1.733	0.0	0.0271699	0.0	1.31827e-05	0.000223047	0.327995	0.0145602	0.285189	0.0	0.00228689	0.0	-0.0031008	0.000990396	1.57403	0.0	0.871803	0.0274519	0.691043	0.144971	0.67805	0.762638	0.360286	0.384022	0.0695105	0.0239297	0.183841	0.0201613	0.0218109	0.0966932	-5757.9	4.0	8.73166e-05	-24684.7	3.0	5.0887e-05	1.0	1375.98	42.9139	677.306	32.1466	0.329864	0.0135578	1117.97	7.65104	
0.0-1.2	6.5-30.0	10.0-60.0	0.000-1.571	0.008	0.08	11609.0	11591.0	7696.79	97.0456	3893.63	74.9297	0.0433116	0.062998	-0.05	0.0	0.555503	0.0	3.09269	0.0	0.0203317	0.0	0.0338252	0.000910551	0.03	0.0	1.492	0.0	5.0	0.0	1.733	0.0	0.0271699	0.00025194	1.14628e-05	0.000348133	0.29061	0.00727788	0.285189	0.0	0.00228689	0.0	-0.00174885	0.000493851	1.57403	0.0	0.854873	0.0135624	0.588271	0.0397235	0.978433	0.0110284	0.426652	0.036924	0.0620987	0.00603788	0.341126	0.0148003	0.481407	0.1721	-21317.1	4.0	8.00859e-06	-108170.0	4.0	5.5866e-05	1.0	5362.9	86.5758	2333.89	61.5553	0.303229	0.00702446	1108.59	3.73793	
0.0-1.2	6.5-30.0	10.0-60.0	0.393-0.785	0.008	0.073	3113.0	3106.0	2062.67	48.8493	1043.34	36.9719	-0.0295831	0.121623	-0.05	0.0	0.555503	0.0	3.09269	0.0	0.0203317	0.0	0.0338252	0.0	0.03	0.0	1.492	0.0	5.0	0.0	1.733	0.0	0.0271699	0.0	1.70432e-05	0.00459144	0.321777	0.0157237	0.285189	0.0	0.00228689	0.0	-0.00100082	0.000935798	1.57403	0.0	0.839933	0.0265705	0.519233	0.0010863	1.0	7.04958	0.256409	0.00138646	0.0551744	0.000174749	0.188915	0.000496514	0.0306692	34.8825	-5870.13	4.0	1.89304e-07	-24863.5	3.0	8.61863e-08	1.0	1500.41	44.3974	562.26	29.7625	0.272588	0.0129044	1100.39	7.24866	
0.0-1.2	6.5-30.0	10.0-60.0	0.785-1.178	0.008	0.073	2768.0	2762.0	1838.18	45.8964	923.81	34.5271	0.344958	0.129816	-0.05	0.0	0.555503	0.0	3.09269	0.0	0.0203317	0.0	0.0338252	0.0	0.03	0.0	1.492	0.0	5.0	0.0	1.733	0.0	0.0271699	0.0	1.055e-05	0.000148389	0.283183	0.0150773	0.285189	0.0	0.00228689	0.0	-0.00207635	0.000940343	1.57403	0.0	0.797178	0.0252123	0.816448	0.063884	0.78212	0.299189	0.377495	0.243549	0.101306	0.0258613	0.553616	0.0405885	0.0237501	0.0392004	-5019.71	4.0	4.54394e-06	-21874.5	3.0	1.67214e-07	1.0	1273.71	41.4714	564.468	30.1183	0.30708	0.0144802	1077.42	6.6672	
0.0-1.2	6.5-30.0	10.0-60.0	1.178-1.571	0.008	0.073	2621.0	2616.0	1726.17	44.7121	889.822	34.0998	-0.350292	0.131864	-0.05	0.0	0.555503	0.0	3.09269	0.0	0.0203317	0.0	0.0338252	0.0	0.03	0.0	1.492	0.0	5.0	0.0	1.733	0.0	0.0271699	0.0	3.93932e-05	0.000262579	0.239901	0.0126805	0.285189	0.0	0.00228689	0.0	-0.00459356	0.001115	1.57403	0.0	0.835976	0.0290659	0.934897	0.0289308	0.316098	0.0438216	0.226891	0.0526914	0.716684	0.357917	0.452692	0.0534914	0.071979	0.00859698	-4763.7	4.0	3.14457e-05	-20483.5	3.0	2.54333e-06	1.0	1183.94	41.2253	542.222	30.9243	0.314119	0.0159608	1098.24	7.90757	
0.0-2.4	10.0-13.0	10.0-60.0	0.000-0.393	0.016	0.12	1058.0	1058.0	789.156	30.3444	268.855	20.0124	0.232928	0.246734	-0.05	0.0	0.359123	0.0	3.09207	0.0	0.0211487	0.0	0.0419341	0.0	0.03	0.0	1.492	0.0	5.0	0.0	1.733	0.0	0.035883	0.0	1.01874e-05	0.00880447	0.246568	0.0170837	0.0574203	0.0	0.000178416	0.0	-0.00279936	0.0012568	2.07899	0.0	0.847432	0.0350039	0.780153	0.0287133	0.999945	3.50816	0.453	0.024823	0.102324	0.010167	0.213159	0.0114301	0.101782	15.3971	-2061.42	4.0	1.76692e-05	-7376.09	3.0	2.23571e-07	1.0	496.892	26.6706	292.264	21.7384	0.37035	0.0235799	961.814	14.5351	
0.0-2.4	10.0-13.0	10.0-60.0	0.000-1.571	0.016	0.16	4013.0	4013.0	3014.36	60.4898	998.706	40.5392	-0.697846	0.128805	-0.05	0.0	0.359123	0.0	3.09207	0.0	0.0211487	0.0	0.0419341	0.00124922	0.03	0.0	1.492	0.0	5.0	0.0	1.733	0.0	0.0358829	0.000467802	1.25471e-05	9.06392e-05	0.281109	0.0108532	0.0574203	0.0	0.000178416	0.0	-0.00218188	0.000719041	2.07899	0.0	0.936531	0.0199753	0.895262	0.0713681	0.581546	0.0747253	0.0207434	0.0639329	0.103136	0.0370423	0.248566	0.0183145	0.0350595	0.0102559	-7583.94	4.0	0.000151718	-33294.8	4.0	2.67756e-06	1.0	2046.13	54.3094	968.23	40.5104	0.321206	0.0117925	1036.78	8.5039	
0.0-2.4	10.0-13.0	10.0-60.0	0.393-0.785	0.016	0.08	1034.0	1030.0	782.923	30.0456	247.077	19.1546	-0.96764	0.260601	-0.05	0.0	0.359123	0.0	3.09207	0.0	0.0211487	0.0	0.0419341	0.0	0.03	0.0	1.492	0.0	5.0	0.0	1.733	0.0	0.035883	0.0	5.32869e-05	0.00457478	0.300608	0.022799	0.0574203	0.0	0.000178416	0.0	-0.00198557	0.00139824	2.07899	0.0	0.972141	0.0400181	0.706918	0.096691	0.99792	1.00237	0.191916	0.0869968	0.0498219	0.0127124	0.23044	0.0255684	0.0200855	3.80578	-1972.28	4.0	2.6278e-05	-7190.95	3.0	1.04984e-06	1.0	541.479	27.215	241.444	19.8672	0.308388	0.0224469	1067.23	17.1798	
0.0-2.4	10.0-13.0	10.0-60.0	0.785-1.178	0.016	0.12	965.0	963.0	736.91	29.1683	226.088	18.4385	-0.994547	0.275237	-0.05	0.0	0.359123	0.0	3.09207	0.0	0.0211487	0.0	0.0419341	0.0	0.03	0.0	1.492	0.0	5.0	0.0	1.733	0.0	0.035883	0.0	9.08992e-05	0.00366287	0.304346	0.024741	0.0574203	0.0	0.000178416	0.0	-0.00298059	0.00150314	2.07899	0.0	0.98614	0.0421842	0.95646	0.0365396	0.547381	0.0612247	1.42656e-06	0.61445	0.215797	0.151126	0.330522	0.0429717	0.0200001	0.00618991	-1789.72	4.0	1.48727e-06	-6615.96	3.0	6.3283e-07	1.0	507.793	26.5795	229.117	19.6145	0.310916	0.0236013	1079.27	18.1655	
0.0-2.4	10.0-13.0	10.0-60.0	1.178-1.571	0.016	0.064	954.0	922.0	673.516	28.0961	248.477	19.0886	-1.18589	0.263068	-0.05	0.0	0.359123	0.0	3.09207	0.0	0.0211487	0.0	0.0419341	0.0	0.03	0.0	1.492	0.0	5.0	0.0	1.733	0.0	0.035883	0.0	4.9503e-05	0.000503315	0.242483	0.0207523	0.0574203	0.0	0.000178416	0.0	0.000665176	0.00157208	2.07899	0.0	1.01296	0.0427983	0.767362	0.170509	0.60691	0.183671	0.000630208	0.1485	0.0362125	0.0188915	0.211612	0.0344224	0.0452399	0.0134407	-1777.5	4.0	5.67907e-07	-6239.88	3.0	1.18955e-06	1.0	474.114	26.0926	199.402	18.9433	0.296061	0.0252694	1102.43	18.5334	
0.0-2.4	10.0-30.0	10.0-60.0	0.000-0.393	0.016	0.12	1658.0	1643.0	1242.72	37.9765	400.284	24.4903	-0.0589806	0.201466	-0.05	0.0	0.407789	0.0	3.09265	0.0	0.0217029	0.0	0.043802	0.0	0.03	0.0	1.492	0.0	5.0	0.0	1.733	0.0	0.0364459	0.0	2.46153e-05	0.00458796	0.284394	0.0155748	0.0481944	0.0	-0.000872845	0.0	-0.00192424	0.000968824	2.03264	0.0	0.901065	0.0283755	0.841945	0.0647355	0.998327	0.629778	0.484157	0.115661	0.103188	0.0355926	0.236154	0.0273	0.020001	4.99813	-3223.45	4.0	1.88052e-06	-12214.8	3.0	2.47888e-07	1.0	786.074	33.0157	456.645	26.6031	0.367457	0.0182256	985.855	12.3426	
0.0-2.4	10.0-30.0	10.0-60.0	0.000-1.571	0.008	0.16	6298.0	6298.0	4762.23	76.0839	1535.91	50.6203	-0.652149	0.103818	-0.05	0.0	0.407789	0.0	3.09265	0.0	0.0217029	0.0	0.043802	0.00111158	0.03	0.0	1.492	0.0	5.0	0.0	1.733	0.0	0.0364458	0.000395577	1.0149e-05	0.00200814	0.271619	0.00806512	0.0481944	0.0	-0.000872845	0.0	-0.00135227	0.000529643	2.03264	0.0	0.968494	0.0160895	0.765333	0.0733522	0.929225	0.771088	0.284126	0.205809	0.0615415	0.0123181	0.250058	0.0140381	0.0235133	0.114392	-12161.5	4.0	1.96574e-07	-55180.3	4.0	7.35266e-06	1.0	3140.43	67.2772	1621.8	51.7711	0.340555	0.00941166	1044.94	7.09689	
0.0-2.4	10.0-30.0	10.0-60.0	0.393-0.785	0.008	0.08	1617.0	1611.0	1205.03	37.4311	405.983	24.5349	-0.721333	0.201294	-0.05	0.0	0.407789	0.0	3.09265	0.0	0.0217029	0.0	0.043802	0.0	0.03	0.0	1.492	0.0	5.0	0.0	1.733	0.0	0.0364459	0.0	2.09153e-05	0.00458966	0.265052	0.0160425	0.0481944	0.0	-0.000872845	0.0	-0.00128865	0.00102796	2.03264	0.0	0.974689	0.0325208	0.595304	0.0661808	1.0	0.037935	0.179879	0.0686406	0.0456626	0.00709856	0.23076	0.021332	0.0389925	6.334	-3141.09	4.0	5.35192e-05	-11906.6	3.0	3.88643e-05	1.0	822.053	33.7913	382.982	25.1266	0.317818	0.0183663	1050.41	14.3611	
0.0-2.4	10.0-30.0	10.0-60.0	0.785-1.178	0.008	0.12	1495.0	1493.0	1135.31	36.1392	357.724	22.988	-0.890344	0.217052	-0.05	0.0	0.407789	0.0	3.09265	0.0	0.0217029	0.0	0.043802	0.0	0.03	0.0	1.492	0.0	5.0	0.0	1.733	0.0	0.0364459	0.0	2.63629e-05	0.00458715	0.272543	0.0175307	0.0481944	0.0	-0.000872845	0.0	-0.00138014	0.00109185	2.03264	0.0	1.00133	0.0336244	0.795717	0.0737168	0.999986	0.116106	0.32671	0.0830115	0.0731691	0.022483	0.343465	0.034174	0.0398013	2.926	-2858.72	4.0	9.52472e-06	-10937.2	3.0	8.86379e-06	1.0	768.859	32.5953	366.447	24.4852	0.322774	0.0189623	1073.99	14.9193	
0.0-2.4	10.0-30.0	10.0-60.0	1.178-1.571	0.008	0.088	1525.0	1510.0	1145.7	36.4558	364.314	23.4023	-0.994321	0.215943	-0.05	0.0	0.407789	0.0	3.09265	0.0	0.0217029	0.0	0.043802	0.0	0.03	0.0	1.492	0.0	5.0	0.0	1.733	0.0	0.0364459	0.0	1.75512e-05	0.000225058	0.244569	0.0144099	0.0481944	0.0	-0.000872845	0.0	-0.000344965	0.0011905	2.03264	0.0	0.991719	0.0350713	0.761736	0.273431	0.69212	0.233512	4.39539e-05	0.683377	0.0308389	0.0172399	0.197211	0.0255011	0.0418871	0.0142053	-2933.26	4.0	8.13955e-05	-11053.9	3.0	5.1297e-07	1.0	735.097	33.0017	410.599	26.6963	0.358384	0.0203202	1065.47	15.5352	
0.0-2.4	13.0-30.0	10.0-60.0	0.000-0.393	0.008	0.073	600.0	598.0	469.297	23.1391	128.702	13.9573	-0.679828	0.358316	-0.05	0.0	0.479001	0.0	3.09374	0.0	0.0223913	0.0	0.0468064	0.0	0.03	0.0	1.492	0.0	5.0	0.0	1.733	0.0	0.0371696	0.0	2.52741e-05	0.00458765	0.339135	0.0297173	0.0347602	0.0	-0.00537756	0.0	-6.62788e-05	0.00144644	1.80759	0.0	0.970095	0.0468274	0.939331	0.0503603	0.999997	3.70072	0.535753	0.0642556	0.0707055	0.0500625	0.279384	0.0411849	0.02	22.0806	-1231.53	4.0	4.68737e-06	-3883.96	3.0	1.01179e-05	1.0	296.894	19.8283	172.403	15.8471	0.367365	0.0284985	1010.91	21.6873	
0.0-2.4	13.0-30.0	10.0-60.0	0.000-1.571	0.008	0.088	2284.0	2278.0	1741.23	45.9105	536.825	30.0568	-0.567993	0.175072	-0.05	0.0	0.479001	0.0	3.09374	0.0	0.0223913	0.0	0.0468064	0.00209085	0.03	0.0	1.492	0.0	5.0	0.0	1.733	0.0	0.0371697	0.000685877	2.15179e-05	0.00010364	0.257696	0.0120621	0.0347602	0.0	-0.00537756	0.0	-0.000908298	0.000791973	1.80759	0.0	0.983846	0.0277435	0.749048	0.0442949	0.999999	18.5546	0.308832	0.0514293	0.0395318	0.00609149	0.261587	0.0192064	0.0335803	80.8457	-4576.71	4.0	3.96224e-06	-17702.9	4.0	2.12399e-06	1.0	1094.44	39.7299	646.797	32.1962	0.371459	0.0156835	1023.66	12.8688	
0.0-2.4	13.0-30.0	10.0-60.0	0.393-0.785	0.008	0.073	582.0	580.0	421.407	22.3031	158.527	15.3148	-0.338669	0.317272	-0.05	0.0	0.479001	0.0	3.09374	0.0	0.0223913	0.0	0.0468064	0.0	0.03	0.0	1.492	0.0	5.0	0.0	1.733	0.0	0.0371696	0.0	1.1512e-05	0.0337834	0.200918	0.0202708	0.0347602	0.0	-0.00537756	0.0	-0.0014892	0.00151807	1.80759	0.0	0.981395	0.0546232	0.572596	0.086906	1.0	0.0534106	0.278651	0.0878176	0.0462731	0.011185	0.225133	0.0361115	0.138258	2.13772	-1175.99	4.0	3.10357e-07	-3658.42	3.0	6.33399e-05	1.0	277.904	20.102	143.503	15.6667	0.340533	0.0325163	1021.39	25.3301	
0.0-2.4	13.0-30.0	10.0-60.0	0.785-1.178	0.008	0.073	530.0	530.0	398.347	21.3368	131.646	13.7312	-0.708659	0.351795	-0.05	0.0	0.479001	0.0	3.09374	0.0	0.0223913	0.0	0.0468064	0.0	0.03	0.0	1.492	0.0	5.0	0.0	1.733	0.0	0.0371696	0.0	1.51659e-05	0.00901638	0.226904	0.0225182	0.0347602	0.0	-0.00537756	0.0	-0.00129476	0.00160104	1.80759	0.0	0.98692	0.0600124	0.896817	0.130495	0.814986	0.227679	0.186813	0.113333	0.0563251	0.0352374	0.362693	0.0599559	0.0421451	0.0333408	-1071.01	4.0	1.36072e-06	-3350.46	3.0	5.08957e-06	1.0	258.971	19.0105	139.375	14.9906	0.349885	0.0326334	1026.51	27.846	
0.0-2.4	13.0-30.0	10.0-60.0	1.178-1.571	0.008	0.088	571.0	569.0	452.042	22.7827	116.945	13.5631	-0.610338	0.375498	-0.05	0.0	0.479001	0.0	3.09374	0.0	0.0223913	0.0	0.0468064	0.0	0.03	0.0	1.492	0.0	5.0	0.0	1.733	0.0	0.0371696	0.0	1.03545e-05	0.00459451	0.248279	0.0204	0.0347602	0.0	-0.00537756	0.0	-0.00266054	0.00173498	1.80759	0.0	0.951106	0.0569854	0.744034	0.0586847	0.999996	9.07999	0.0870489	0.0800041	0.00716212	0.0032628	0.170937	0.0133747	0.0209619	80.1695	-1126.54	4.0	9.39451e-06	-3651.12	3.0	1.30582e-06	1.0	249.856	19.5697	202.186	18.1173	0.447273	0.0331385	993.344	26.3328	
0.0-2.4	6.5-10.0	10.0-60.0	0.000-0.393	0.016	0.176	6416.0	6411.0	3395.29	66.1718	3015.6	63.2372	-0.138422	0.0712869	-0.05	0.0	0.440477	0.0	3.09247	0.0	0.0476827	0.0	0.0249625	0.0	0.03	0.0	1.492	0.0	5.0	0.0	1.733	0.0	0.0367442	0.0	8.61526e-05	0.000304753	0.288243	0.0121419	0.200133	0.0	0.00669256	0.0	-0.00378244	0.000793696	1.75082	0.0	0.852784	0.0168647	0.692054	0.0989329	0.377422	0.106407	0.119916	0.232562	0.0849591	0.0201361	0.184721	0.0155613	0.0242872	0.0104867	-9496.58	4.0	7.20092e-06	-53521.9	3.0	1.72032e-05	1.0	2514.6	62.3508	880.695	42.1957	0.259387	0.0113531	1093.24	5.26124	
0.0-2.4	6.5-10.0	10.0-60.0	0.000-1.571	0.016	0.2	22299.0	22292.0	12415.8	126.941	9876.17	116.508	-0.172532	0.0394778	-0.05	0.0	0.440477	0.0	3.09247	0.0	0.0476827	0.0	0.0249625	0.000455273	0.03	0.0	1.492	0.0	5.0	0.0	1.733	0.0	0.0367442	8.65282e-05	8.78763e-05	0.000176644	0.261116	0.00602564	0.200133	0.0	0.00669256	0.0	-0.00137089	0.000431678	1.75082	0.0	0.905679	0.00929655	0.513985	0.0388699	0.943708	0.0190053	0.537586	0.0325785	0.0666404	0.00663634	0.297573	0.0114357	0.35941	0.0712838	-32472.0	4.0	4.35656e-06	-214839.0	4.0	3.29509e-07	1.0	9174.19	120.588	3241.64	82.7162	0.261089	0.00610398	1126.75	2.98851	
0.0-2.4	6.5-10.0	10.0-60.0	0.393-0.785	0.016	0.168	5825.0	5807.0	3225.99	64.0384	2580.78	58.785	-0.268052	0.0773336	-0.05	0.0	0.440477	0.0	3.09247	0.0	0.0476827	0.0	0.0249625	0.0	0.03	0.0	1.492	0.0	5.0	0.0	1.733	0.0	0.0367442	0.0	4.3064e-05	0.000432894	0.262888	0.0123547	0.200133	0.0	0.00669256	0.0	0.0023116	0.000902207	1.75082	0.0	0.941345	0.0204247	0.371389	0.0347759	0.931519	0.0290778	0.364465	0.0571504	0.0502461	0.00620491	0.23803	0.0192661	0.331493	0.0830242	-8597.82	4.0	4.55166e-05	-48143.0	3.0	4.14892e-05	1.0	2455.86	61.9266	770.129	41.1337	0.238726	0.0118374	1149.9	6.687	
0.0-2.4	6.5-10.0	10.0-60.0	0.785-1.178	0.016	0.2	5172.0	5170.0	2940.56	60.9205	2229.44	54.774	0.00399809	0.0830075	-0.05	0.0	0.440477	0.0	3.09247	0.0	0.0476827	0.0	0.0249625	0.0	0.03	0.0	1.492	0.0	5.0	0.0	1.733	0.0	0.0367442	0.0	1.07615e-05	0.00459432	0.238255	0.0114901	0.200133	0.0	0.00669256	0.0	-0.0025955	0.000868927	1.75082	0.0	0.910329	0.0186449	0.714912	0.0716549	0.844976	0.234431	0.630763	0.0847128	0.127549	0.0234192	0.451592	0.0354102	0.0605982	0.0443347	-7597.97	4.0	2.37598e-05	-42399.2	3.0	1.7705e-07	1.0	2153.13	58.4386	787.425	41.1266	0.267781	0.0128386	1129.75	6.00849	
0.0-2.4	6.5-10.0	10.0-60.0	1.178-1.571	0.016	0.176	4884.0	4880.0	2863.83	59.9882	2016.08	52.4486	-0.299837	0.0876431	-0.05	0.0	0.440477	0.0	3.09247	0.0	0.0476827	0.0	0.0249625	0.0	0.03	0.0	1.492	0.0	5.0	0.0	1.733	0.0	0.0367442	0.0	0.000135442	0.000489366	0.260423	0.0118431	0.200133	0.0	0.00669256	0.0	-0.00467522	0.000908066	1.75082	0.0	0.813708	0.0204034	0.654424	0.0767303	0.518993	0.138512	0.233431	0.210762	0.144784	0.0275289	0.366794	0.0286315	0.0345495	0.0173615	-6918.77	4.0	7.07755e-07	-39821.7	3.0	1.67687e-05	1.0	2030.15	57.0401	833.685	41.8347	0.291108	0.0132744	1069.15	6.21039	
0.0-2.4	6.5-30.0	0.0-10.0	0.000-0.393	0.008	0.2	5151.0	5149.0	2369.64	56.7106	2779.44	60.2151	-0.010592	0.0739442	-0.05	0.0	0.447272	0.0	3.09278	0.0	0.0465239	0.0	0.0233396	0.0	0.03	0.0	1.492	0.0	5.0	0.0	1.733	0.0	0.0356258	0.0	1.25807e-05	0.000103636	0.301746	0.0122658	0.163722	0.0	0.00395442	0.0	0.00205051	0.000936453	1.77	0.0	0.984602	0.0208806	0.587791	0.146011	0.402132	0.143823	0.587543	0.0582099	0.0551505	0.0318184	0.30519	0.0465324	0.122102	0.0176684	-6233.01	4.0	6.03753e-07	-41352.3	3.0	1.07502e-05	1.0	1505.89	49.664	863.75	39.9375	0.364507	0.0144206	1150.5	7.47201	
0.0-2.4	6.5-30.0	0.0-10.0	0.000-1.571	0.008	0.224	19301.0	19301.0	8786.61	111.162	10514.4	118.678	-0.129895	0.0380505	-0.05	0.0	0.447272	0.0	3.09278	0.0	0.0465239	0.0	0.0233396	0.000578823	0.03	0.0	1.492	0.0	5.0	0.0	1.733	0.0	0.0356258	0.000104799	3.63753e-05	6.78306e-05	0.29743	0.0069535	0.163722	0.0	0.00395442	0.0	-0.000977342	0.000489307	1.77	0.0	0.985715	0.0117883	0.659959	0.0431388	0.54123	0.0689016	0.445857	0.0647961	0.132264	0.0125288	0.272886	0.0137357	0.0514004	0.0126638	-23331.7	4.0	1.79423e-07	-180392.0	4.0	3.92323e-08	1.0	5964.62	100.059	2821.98	74.7806	0.321169	0.0074782	1151.3	4.22023	
0.0-2.4	6.5-30.0	0.0-10.0	0.393-0.785	0.016	0.16	5047.0	5030.0	2090.23	54.3518	2939.78	61.6738	-0.380486	0.0721989	-0.05	0.0	0.447272	0.0	3.09278	0.0	0.0465239	0.0	0.0233396	0.0	0.03	0.0	1.492	0.0	5.0	0.0	1.733	0.0	0.0356258	0.0	1.46618e-05	0.00459253	0.234613	0.348897	0.163722	0.0	0.00395442	0.0	-0.00475904	0.00740071	1.77	0.0	1.01283	0.563734	0.400188	0.231914	0.641221	0.130542	0.210316	0.265053	0.00744991	4.1115e-07	0.230055	0.0200375	0.13143	0.0139431	-1e+30	4.0	0.0	-39936.5	3.0	2.71249e-08	1.0	1937.63	763.276	152.601	761.622	0.073007	0.364368	1170.81	203.913	
0.0-2.4	6.5-30.0	0.0-10.0	0.785-1.178	0.016	0.16	4874.0	4866.0	2318.98	55.397	2546.98	57.4174	0.0545501	0.07725	-0.05	0.0	0.447272	0.0	3.09278	0.0	0.0465239	0.0	0.0233396	0.0	0.03	0.0	1.492	0.0	5.0	0.0	1.733	0.0	0.0356258	0.0	1.3517e-05	0.00459306	0.336249	0.0151305	0.163722	0.0	0.00395442	0.0	-0.00279199	0.000996469	1.77	0.0	1.04083	0.0238599	0.628981	0.10501	0.646158	0.189788	0.533716	0.0617423	0.0905662	0.0183803	0.317239	0.0358589	0.0826854	0.0219304	-5848.42	4.0	9.73008e-05	-38978.5	3.0	4.85053e-07	1.0	1582.83	49.9964	736.154	37.1374	0.317447	0.0141053	1191.17	8.71756	
0.0-2.4	6.5-30.0	0.0-10.0	1.178-1.571	0.016	0.192	4227.0	4213.0	1987.73	51.6117	2225.33	53.8655	-0.16661	0.0827783	-0.05	0.0	0.447272	0.0	3.09278	0.0	0.0465239	0.0	0.0233396	0.0	0.03	0.0	1.492	0.0	5.0	0.0	1.733	0.0	0.0356258	0.0	4.33712e-05	0.000227347	0.231191	0.0134454	0.163722	0.0	0.00395442	0.0	-0.000207997	0.00103659	1.77	0.0	1.01116	0.0255248	0.585399	0.0675997	0.427157	0.196933	0.267749	0.317799	0.11828	0.0184404	0.310118	0.0270249	0.024004	0.0125512	-5760.38	4.0	8.05507e-05	-33067.6	3.0	1.09833e-05	1.0	1456.76	49.358	530.973	34.5769	0.267125	0.0159526	1169.61	9.22708	
0.0-2.4	6.5-30.0	10.0-20.0	0.000-0.393	0.016	0.145	3291.0	3272.0	1684.72	46.8881	1587.27	45.8376	0.152466	0.0980265	-0.05	0.0	0.447272	0.0	3.09278	0.0	0.0465239	0.0	0.0243825	0.0	0.03	0.0	1.492	0.0	5.0	0.0	1.733	0.0	0.0360098	0.0	1.22081e-05	0.000115648	0.270508	0.0139404	0.163722	0.0	0.00395442	0.0	-0.00446538	0.00106764	1.77	0.0	0.926678	0.022378	0.462041	0.74933	0.783096	0.297459	0.377817	0.680958	0.00858786	0.0116005	0.167762	0.0205958	0.129264	0.0320632	-4633.37	4.0	6.41831e-05	-25054.2	3.0	2.36647e-07	1.0	1113.36	42.7958	571.361	33.529	0.339142	0.0175211	1109.53	7.81503	
0.0-2.4	6.5-30.0	10.0-20.0	0.000-1.571	0.008	0.2	11686.0	11682.0	6065.72	90.1454	5615.62	87.6125	-0.105261	0.0521786	-0.05	0.0	0.447272	0.0	3.09278	0.0	0.0465239	0.0	0.0243825	0.000698146	0.03	0.0	1.492	0.0	5.0	0.0	1.733	0.0	0.0360099	0.000130643	1.61624e-05	0.00459184	0.254337	0.00782657	0.163722	0.0	0.00395442	0.0	-0.00122382	0.000597812	1.77	0.0	0.978557	0.0138707	0.54805	0.0581794	0.893948	0.0340386	0.520904	0.0443886	0.0616309	0.010203	0.279868	0.0153164	0.322857	0.0629342	-15775.6	4.0	7.83799e-07	-104376.0	4.0	4.22084e-05	1.0	4228.08	84.0136	1837.63	62.0952	0.302954	0.00919384	1146.18	4.95169	
0.0-2.4	6.5-30.0	10.0-20.0	0.393-0.785	0.008	0.168	2928.0	2917.0	1487.37	44.2101	1429.59	43.5519	-0.172517	0.103447	-0.05	0.0	0.447272	0.0	3.09278	0.0	0.0465239	0.0	0.0243825	0.0	0.03	0.0	1.492	0.0	5.0	0.0	1.733	0.0	0.0360098	0.0	1.71805e-05	0.00459137	0.259381	0.0175031	0.163722	0.0	0.00395442	0.0	-0.00379657	0.00124156	1.77	0.0	0.942894	0.0301029	0.888341	0.039477	0.369777	0.0616707	0.14697	0.114898	0.393757	0.128339	0.163657	0.0154796	0.0562713	0.010642	-4118.84	4.0	2.4147e-06	-21965.9	3.0	6.69437e-07	1.0	1126.45	43.0607	360.924	29.1249	0.242659	0.0182047	1120.9	10.5883	
0.0-2.4	6.5-30.0	10.0-20.0	0.785-1.178	0.016	0.2	2898.0	2894.0	1468.22	43.8167	1425.78	43.3294	0.0240969	0.103326	-0.05	0.0	0.447272	0.0	3.09278	0.0	0.0465239	0.0	0.0243825	0.0	0.03	0.0	1.492	0.0	5.0	0.0	1.733	0.0	0.0360098	0.0	1.33932e-05	0.00459311	0.259675	0.0188197	0.163722	0.0	0.00395442	0.0	-0.00157782	0.00117357	1.77	0.0	1.03576	0.0288808	0.764605	0.0110361	0.999995	0.735032	0.639532	0.00704112	0.139677	0.00673104	0.542217	0.0130292	0.0201416	4.12609	-3596.07	4.0	4.5474e-05	-21781.8	3.0	1.86775e-07	1.0	1055.37	41.0578	412.842	29.0781	0.281186	0.0179394	1187.47	10.5333	
0.0-2.4	6.5-30.0	10.0-20.0	1.178-1.571	0.008	0.176	2568.0	2565.0	1425.01	42.5971	1139.99	39.109	-0.579201	0.117279	-0.05	0.0	0.447272	0.0	3.09278	0.0	0.0465239	0.0	0.0243825	0.0	0.03	0.0	1.492	0.0	5.0	0.0	1.733	0.0	0.0360098	0.0	3.50255e-05	0.000240621	0.250203	0.0140198	0.163722	0.0	0.00395442	0.0	-0.00174047	0.00135076	1.77	0.0	0.921785	0.0333323	0.473382	0.0472554	0.930506	0.0426732	0.348778	0.0779252	0.0596978	0.00956846	0.160436	0.0180053	0.377345	0.133701	-3575.46	4.0	1.07837e-05	-19168.8	3.0	2.11174e-09	1.0	916.686	39.6376	508.325	32.4216	0.356716	0.0200983	1106.12	11.6148	
0.0-2.4	6.5-30.0	10.0-30.0	0.000-0.393	0.016	0.16	5546.0	5531.0	2967.81	61.7345	2563.17	58.3654	-0.000612482	0.0772394	-0.05	0.0	0.447272	0.0	3.09278	0.0	0.0465239	0.0	0.0239796	0.0	0.03	0.0	1.492	0.0	5.0	0.0	1.733	0.0	0.03586	0.0	1.21988e-05	0.000115729	0.294476	0.0121157	0.163722	0.0	0.00395442	0.0	0.000292667	0.00080002	1.77	0.0	0.885188	0.0183778	0.292983	1.52417	0.69138	0.775218	0.120009	4.61585	0.0210177	0.0215335	0.175123	0.0501366	0.085588	0.0182721	-8192.37	4.0	1.54494e-05	-45452.8	3.0	3.08326e-06	1.0	2099.59	56.4522	868.219	40.0695	0.292545	0.0120522	1080.83	6.29348	
0.0-2.4	6.5-30.0	10.0-30.0	0.000-1.571	0.008	0.2	19593.0	19589.0	10825.8	118.535	8763.21	109.49	-0.158282	0.0418602	-0.05	0.0	0.447272	0.0	3.09278	0.0	0.0465239	0.0	0.0239796	0.000494702	0.03	0.0	1.492	0.0	5.0	0.0	1.733	0.0	0.03586	9.14232e-05	1.61624e-05	0.00459184	0.267593	0.00606576	0.163722	0.0	0.00395442	0.0	-0.000400544	0.000427609	1.77	0.0	0.927401	0.0102222	0.481169	0.0438772	0.937127	0.0170805	0.444825	0.0456113	0.05422	0.00547517	0.241916	0.00983333	0.33659	0.055795	-28530.5	4.0	1.18862e-06	-186287.0	4.0	1.74732e-07	1.0	7674.85	110.011	3150.94	78.9359	0.291058	0.00655814	1110.04	3.57105	
0.0-2.4	6.5-30.0	10.0-30.0	0.393-0.785	0.008	0.168	5031.0	5014.0	2734.8	58.9711	2279.07	54.9709	-0.205938	0.0820857	-0.05	0.0	0.447272	0.0	3.09278	0.0	0.0465239	0.0	0.0239796	0.0	0.03	0.0	1.492	0.0	5.0	0.0	1.733	0.0	0.03586	0.0	1.71805e-05	0.00459137	0.260895	0.011949	0.163722	0.0	0.00395442	0.0	0.00162187	0.00086388	1.77	0.0	0.918592	0.0215335	0.439785	0.0851982	0.94146	0.028813	0.266508	0.114162	0.0475372	0.00666256	0.153721	0.0110142	0.301036	0.0819837	-7515.91	4.0	5.74262e-08	-40806.1	3.0	2.46231e-05	1.0	1996.64	55.8741	738.164	39.0082	0.269915	0.0130221	1103.9	7.49257	
0.0-2.4	6.5-30.0	10.0-30.0	0.785-1.178	0.016	0.2	4635.0	4625.0	2567.05	56.946	2057.94	52.2855	-0.11891	0.086308	-0.05	0.0	0.447272	0.0	3.09278	0.0	0.0465239	0.0	0.0239796	0.0	0.03	0.0	1.492	0.0	5.0	0.0	1.733	0.0	0.03586	0.0	1.33932e-05	0.00459311	0.266301	0.013155	0.163722	0.0	0.00395442	0.0	-0.00220288	0.000852416	1.77	0.0	0.942396	0.0207229	0.777101	0.0662311	0.675269	0.197687	0.51989	0.139299	0.134457	0.0283178	0.457244	0.0330488	0.0406548	0.0250221	-6518.85	4.0	2.7092e-05	-37348.2	3.0	1.41988e-06	1.0	1828.2	53.0613	738.847	37.939	0.287819	0.0133289	1120.55	7.28741	
0.0-2.4	6.5-30.0	10.0-30.0	1.178-1.571	0.008	0.176	4380.0	4377.0	2544.58	56.4942	1832.42	49.7941	-0.371452	0.0920083	-0.05	0.0	0.447272	0.0	3.09278	0.0	0.0465239	0.0	0.0239796	0.0	0.03	0.0	1.492	0.0	5.0	0.0	1.733	0.0	0.03586	0.0	3.50255e-05	0.000240621	0.254991	0.0113509	0.163722	0.0	0.00395442	0.0	-0.00187152	0.000928537	1.77	0.0	0.894933	0.0229983	0.477864	0.0350654	0.958013	0.0237639	0.366605	0.0508044	0.0585739	0.00656684	0.210394	0.0166384	0.415856	0.139219	-6410.73	4.0	3.1729e-06	-35243.3	3.0	2.48931e-07	1.0	1725.08	52.6552	819.497	40.4564	0.322056	0.0142005	1087.52	7.9135	
0.0-2.4	6.5-30.0	10.0-60.0	0.000-0.393	0.016	0.176	8075.0	8055.0	4608.93	75.8981	3446.02	67.8056	-0.145256	0.0668009	-0.05	0.0	0.447272	0.0	3.09278	0.0	0.0465239	0.0	0.0244034	0.0	0.03	0.0	1.492	0.0	5.0	0.0	1.733	0.0	0.0360177	0.0	1.2176e-05	0.000116603	0.288924	0.00967873	0.163722	0.0	0.00395442	0.0	5.39552e-05	0.000620718	1.77	0.0	0.870854	0.0145262	0.337423	0.16605	0.784705	0.106832	0.201885	0.271744	0.0233332	0.00827957	0.203899	0.0179414	0.0951576	0.0215514	-12556.2	4.0	4.40541e-05	-69731.7	3.0	1.60037e-05	1.0	3298.56	69.6939	1310.37	48.706	0.284311	0.00947402	1071.05	4.93865	
0.0-2.4	6.5-30.0	10.0-60.0	0.000-1.571	0.008	0.2	28597.0	28590.0	17060.0	146.489	11530.0	126.212	-0.254105	0.0366406	-0.05	0.0	0.447272	0.0	3.09278	0.0	0.0465239	0.0	0.0244034	0.000382764	0.03	0.0	1.492	0.0	5.0	0.0	1.733	0.0	0.0360177	7.16716e-05	1.61624e-05	0.00459184	0.263604	0.00482145	0.163722	0.0	0.00395442	0.0	-0.00103725	0.000337218	1.77	0.0	0.913957	0.00806543	0.554702	0.0363819	0.952737	0.0159866	0.472783	0.0323215	0.062106	0.00591376	0.274975	0.00867923	0.345477	0.0704598	-44203.6	4.0	1.44103e-06	-284830.0	4.0	3.87891e-07	1.0	12214.7	136.663	4845.33	96.991	0.284017	0.00513565	1100.67	2.80037	
0.0-2.4	6.5-30.0	10.0-60.0	0.393-0.785	0.008	0.168	7442.0	7424.0	4403.72	73.7885	3020.26	63.7274	-0.350363	0.0717068	-0.05	0.0	0.447272	0.0	3.09278	0.0	0.0465239	0.0	0.0244034	0.0	0.03	0.0	1.492	0.0	5.0	0.0	1.733	0.0	0.0360177	0.0	1.71805e-05	0.00459137	0.261515	0.00975759	0.163722	0.0	0.00395442	0.0	0.000387289	0.000685271	1.77	0.0	0.936697	0.0172123	0.473927	0.0694398	0.947052	0.0232789	0.346531	0.0838091	0.0520364	0.00689434	0.222587	0.0134359	0.332391	0.0849106	-11649.4	4.0	1.29782e-08	-63922.5	3.0	9.97851e-07	1.0	3250.79	70.2629	1152.93	48.4055	0.261808	0.0100786	1116.55	6.03786	
0.0-2.4	6.5-30.0	10.0-60.0	0.785-1.178	0.008	0.2	6668.0	6666.0	4047.58	70.5233	2618.39	59.536	-0.136819	0.076808	-0.05	0.0	0.447272	0.0	3.09278	0.0	0.0465239	0.0	0.0244034	0.0	0.03	0.0	1.492	0.0	5.0	0.0	1.733	0.0	0.0360177	0.0	1.00201e-05	0.00459466	0.246301	0.00969103	0.163722	0.0	0.00395442	0.0	-0.00225673	0.000681676	1.77	0.0	0.899007	0.0162748	0.757299	0.0603375	0.630324	0.153601	0.413343	0.142067	0.123927	0.0220303	0.411902	0.0253831	0.0373634	0.0183898	-10371.4	4.0	1.80209e-07	-56846.0	3.0	6.60128e-06	1.0	2896.42	66.465	1151.16	47.6768	0.284407	0.010686	1090.33	5.61103	
0.0-2.4	6.5-30.0	10.0-60.0	1.178-1.571	0.008	0.176	6410.0	6406.0	3995.29	69.9729	2410.52	57.5454	-0.421144	0.0805196	-0.05	0.0	0.447272	0.0	3.09278	0.0	0.0465239	0.0	0.0244034	0.0	0.03	0.0	1.492	0.0	5.0	0.0	1.733	0.0	0.0360177	0.0	3.50255e-05	0.000240621	0.26201	0.00951113	0.163722	0.0	0.00395442	0.0	-0.00381209	0.000732767	1.77	0.0	0.850056	0.0178696	0.937435	0.0433475	0.335873	0.0326062	0.173502	0.0479645	0.366257	0.175368	0.355116	0.0247123	0.0573052	0.00720794	-9718.07	4.0	1.00612e-05	-54478.3	3.0	3.90661e-05	1.0	2746.84	65.5091	1248.45	49.5496	0.31248	0.0111292	1056.98	6.00916	
0.0-2.4	6.5-30.0	20.0-30.0	0.000-0.393	0.016	0.145	2254.0	2246.0	1284.59	40.1012	961.362	35.8446	-0.254044	0.126594	-0.05	0.0	0.447272	0.0	3.09278	0.0	0.0465239	0.0	0.0234851	0.0	0.03	0.0	1.492	0.0	5.0	0.0	1.733	0.0	0.0356786	0.0	1.22081e-05	0.000115648	0.332835	0.0225237	0.163722	0.0	0.00395442	0.0	0.000404272	0.0011816	1.77	0.0	0.899621	0.0285883	0.464255	0.0793522	0.950688	0.122778	0.393823	0.0728353	0.0574816	0.0130511	0.130486	0.0153389	0.138612	0.118181	-3595.07	4.0	4.08945e-06	-16572.3	3.0	1.39364e-05	1.0	971.615	37.0936	312.977	23.4825	0.243639	0.0166228	1090.75	9.85923	
0.0-2.4	6.5-30.0	20.0-30.0	0.000-1.571	0.008	0.2	7906.0	7906.0	4754.97	76.9522	3150.54	65.7085	-0.25352	0.0700774	-0.05	0.0	0.447272	0.0	3.09278	0.0	0.0465239	0.0	0.0234851	0.000691027	0.03	0.0	1.492	0.0	5.0	0.0	1.733	0.0	0.0356786	0.000125707	1.61624e-05	0.00459184	0.286204	0.00959004	0.163722	0.0	0.00395442	0.0	0.000761755	0.000609084	1.77	0.0	0.8464	0.015048	0.415999	0.0404092	0.804083	0.11076	0.228698	0.0724685	0.0533192	0.00485407	0.199813	0.0145333	0.0416598	0.0162114	-12787.8	4.0	3.17365e-06	-68733.9	4.0	5.30963e-05	1.0	3429.62	70.9405	1325.35	49.1119	0.278729	0.00929146	1054.53	5.0503	
0.0-2.4	6.5-30.0	20.0-30.0	0.393-0.785	0.016	0.16	2103.0	2090.0	1237.52	38.8698	852.485	33.5533	-0.258309	0.13445	-0.05	0.0	0.447272	0.0	3.09278	0.0	0.0465239	0.0	0.0234851	0.0	0.03	0.0	1.492	0.0	5.0	0.0	1.733	0.0	0.0356786	0.0	1.46618e-05	0.00459253	0.262029	0.0163514	0.163722	0.0	0.00395442	0.0	0.00211177	0.00119646	1.77	0.0	0.873116	0.0301245	0.471522	0.123249	0.999998	0.104658	0.4518	0.13699	0.0479225	0.0103179	0.195703	0.0213539	0.0777291	3.43352	-3400.91	4.0	1.12223e-06	-15384.0	3.0	1.41339e-08	1.0	855.016	35.9871	382.503	26.7991	0.309088	0.0193574	1072.59	10.2537	
0.0-2.4	6.5-30.0	20.0-30.0	0.785-1.178	0.016	0.128	1736.0	1721.0	1095.74	36.2186	625.125	29.0016	-0.441712	0.158336	-0.05	0.0	0.447272	0.0	3.09278	0.0	0.0465239	0.0	0.0234851	0.0	0.03	0.0	1.492	0.0	5.0	0.0	1.733	0.0	0.0356786	0.0	1.21148e-05	0.0045937	0.294574	0.0193889	0.163722	0.0	0.00395442	0.0	-0.000876482	0.00120607	1.77	0.0	0.822152	0.0290945	0.479447	0.0695629	0.990548	0.0902146	0.318155	0.112456	0.0537851	0.00913186	0.158144	0.0188705	0.02	3.06239	-2967.74	4.0	1.23438e-05	-12461.3	3.0	7.15463e-05	1.0	773.907	32.9915	321.833	23.3929	0.293713	0.0190138	1038.36	9.63243	
0.0-2.4	6.5-30.0	20.0-30.0	1.178-1.571	0.008	0.16	1812.0	1810.0	1121.96	37.1251	687.949	30.7294	-0.0483278	0.149647	-0.05	0.0	0.447272	0.0	3.09278	0.0	0.0465239	0.0	0.0234851	0.0	0.03	0.0	1.492	0.0	5.0	0.0	1.733	0.0	0.0356786	0.0	4.61674e-05	0.00022466	0.261812	0.0189862	0.163722	0.0	0.00395442	0.0	-0.00278917	0.00126482	1.77	0.0	0.837599	0.0315224	0.53203	0.0696276	0.700627	0.231842	0.210522	0.188804	0.0575301	0.0112476	0.294322	0.037721	0.0372741	0.0233045	-2837.33	4.0	2.11786e-05	-13102.8	3.0	2.36544e-05	1.0	806.678	34.791	315.281	24.6323	0.281009	0.0198884	1048.63	10.5281	
0.0-2.4	6.5-30.0	30.0-60.0	0.000-0.393	0.016	0.16	2528.0	2519.0	1634.36	44.0255	884.593	34.4756	-0.561564	0.133661	-0.05	0.0	0.447272	0.0	3.09278	0.0	0.0465239	0.0	0.0249968	0.0	0.03	0.0	1.492	0.0	5.0	0.0	1.733	0.0	0.0362419	0.0	1.21988e-05	0.000115729	0.281342	0.0159982	0.163722	0.0	0.00395442	0.0	-0.00149151	0.00096584	1.77	0.0	0.839708	0.0229123	0.616638	0.010208	1.0	15.566	0.496234	0.00911198	0.039632	0.00173008	0.25364	0.00480611	0.0282227	53.4084	-4424.79	4.0	1.86967e-05	-19265.5	3.0	3.57674e-06	1.0	1189.05	40.6279	445.305	27.7235	0.272465	0.0152929	1050.04	7.66144	
0.0-2.4	6.5-30.0	30.0-60.0	0.000-1.571	0.008	0.184	9003.0	9001.0	6229.83	85.9665	2770.88	62.7023	-0.564836	0.0758972	-0.05	0.0	0.447272	0.0	3.09278	0.0	0.0465239	0.0	0.0249968	0.000602741	0.03	0.0	1.492	0.0	5.0	0.0	1.733	0.0	0.0362419	0.000114891	3.80561e-05	6.9663e-05	0.258244	0.00793829	0.163722	0.0	0.00395442	0.0	-0.00202417	0.00054214	1.77	0.0	0.845679	0.0131007	0.7143	0.0494645	0.513416	0.0423399	0.000460544	0.824345	0.0871362	0.0119594	0.341701	0.0166546	0.02	0.0026117	-15924.7	4.0	5.22847e-07	-80899.6	4.0	1.24786e-05	1.0	4526.69	80.7861	1703.14	56.364	0.273385	0.00822342	1054.04	4.39505	
0.0-2.4	6.5-30.0	30.0-60.0	0.393-0.785	0.016	0.112	2410.0	2385.0	1646.88	43.9573	738.044	31.99	-0.809482	0.14848	-0.05	0.0	0.447272	0.0	3.09278	0.0	0.0465239	0.0	0.0249968	0.0	0.03	0.0	1.492	0.0	5.0	0.0	1.733	0.0	0.0362419	0.0	1.01974e-05	8.32476e-05	0.252896	0.0176337	0.163722	0.0	0.00395442	0.0	-0.00211652	0.00111442	1.77	0.0	0.895993	0.0288373	0.594156	0.057328	0.645686	0.11426	0.080881	0.112144	0.0702542	0.0114074	0.362704	0.0358809	0.0322438	0.0127639	-4209.47	4.0	3.43923e-05	-18261.9	3.0	1.42734e-05	1.0	1237.65	42.3596	409.225	28.6769	0.248485	0.0161003	1088.25	9.92773	
0.0-2.4	6.5-30.0	30.0-60.0	0.785-1.178	0.008	0.136	2033.0	2020.0	1466.25	41.2672	553.735	28.1168	-0.223975	0.169014	-0.05	0.0	0.447272	0.0	3.09278	0.0	0.0465239	0.0	0.0249968	0.0	0.03	0.0	1.492	0.0	5.0	0.0	1.733	0.0	0.0362419	0.0	1.23058e-05	0.00459361	0.212219	0.0134901	0.163722	0.0	0.00395442	0.0	-0.00236631	0.001159	1.77	0.0	0.847418	0.0266934	0.768474	0.0962403	0.645888	0.130587	0.162306	0.13919	0.123153	0.0390928	0.288163	0.032131	0.0351875	0.0217839	-3879.21	4.0	2.36525e-07	-15270.9	3.0	3.36575e-06	1.0	1061.4	39.8942	404.844	28.792	0.276109	0.0180334	1055.21	8.96362	
0.0-2.4	6.5-30.0	30.0-60.0	1.178-1.571	0.008	0.145	2030.0	2026.0	1448.29	41.1721	577.711	28.7156	-0.575192	0.166171	-0.05	0.0	0.447272	0.0	3.09278	0.0	0.0465239	0.0	0.0249968	0.0	0.03	0.0	1.492	0.0	5.0	0.0	1.733	0.0	0.0362419	0.0	1.49137e-05	0.00459242	0.286017	0.0172504	0.163722	0.0	0.00395442	0.0	-0.00168483	0.00117381	1.77	0.0	0.880198	0.02733	0.911028	0.161521	0.701623	0.215393	0.34283	0.0726633	0.119348	0.0526847	0.458107	0.0540509	0.101327	0.0391113	-3381.66	4.0	1.90493e-05	-15245.2	3.0	8.98598e-08	1.0	1032.96	38.2569	415.329	27.2156	0.286772	0.0169311	1077.42	9.33592	
0.0-2.4	6.5-30.0	60.0-100.0	0.000-0.393	0.016	0.064	256.0	249.0	214.656	15.3504	34.3859	7.43721	0.325891	0.671693	-0.05	0.0	0.447272	0.0	3.09278	0.0	0.0465239	0.0	0.0212462	0.0	0.03	0.0	1.492	0.0	5.0	0.0	1.733	0.0	0.0348943	0.0	1.10141e-05	0.000360415	0.352463	0.0519038	0.163722	0.0	0.00395442	0.0	0.00336115	0.00316219	1.77	0.0	0.932876	0.0803761	0.741357	0.253324	0.999996	11.1279	1.45038e-05	1.01274	0.0166949	0.0604442	0.141275	0.0584162	0.0496047	14.2744	-535.895	4.0	4.30503e-07	-1439.14	3.0	6.90248e-05	1.0	153.947	13.9386	60.709	9.58814	0.282819	0.0398262	1113.87	28.1474	
0.0-2.4	6.5-30.0	60.0-100.0	0.000-1.571	0.008	0.105	1089.0	1076.0	898.03	31.4396	178.036	16.3854	-0.605983	0.304002	-0.05	0.0	0.447272	0.0	3.09278	0.0	0.0465239	0.0	0.0212462	0.00142296	0.03	0.0	1.492	0.0	5.0	0.0	1.733	0.0	0.0348943	0.000239443	3.69557e-05	0.0270354	0.358548	0.0263013	0.163722	0.0	0.00395442	0.0	0.000191708	0.00134565	1.77	0.0	0.830552	0.0340788	0.894737	0.681571	0.999994	0.202377	0.255927	0.576991	0.0071325	0.164405	0.217186	0.02967	0.0200278	4.75885	-2307.05	4.0	1.29817e-07	-7788.76	4.0	1.01311e-05	1.0	649.208	28.6805	248.822	19.5416	0.277076	0.0194788	1043.94	11.337	
0.0-2.4	6.5-30.0	60.0-100.0	0.393-0.785	0.016	0.096	273.0	270.0	231.33	15.868	38.6661	7.6895	-0.86113	0.653848	-0.05	0.0	0.447272	0.0	3.09278	0.0	0.0465239	0.0	0.0212462	0.0	0.03	0.0	1.492	0.0	5.0	0.0	1.733	0.0	0.0348943	0.0	1.00324e-05	0.000766952	0.446707	0.0576654	0.163722	0.0	0.00395442	0.0	0.00123089	0.00267871	1.77	0.0	0.809737	0.0740279	0.999983	5.28869	0.999988	0.173213	0.582595	0.145871	0.00705835	5.32383	0.359931	0.0845883	0.0200009	4.31008	-559.013	4.0	2.39419e-05	-1603.46	3.0	1.09609e-06	1.0	155.381	13.9205	75.9485	10.3595	0.328313	0.038708	1030.17	24.3305	
0.0-2.4	6.5-30.0	60.0-100.0	0.785-1.178	0.016	0.096	317.0	303.0	226.092	15.949	76.9405	10.2587	-0.839454	0.45999	-0.05	0.0	0.447272	0.0	3.09278	0.0	0.0465239	0.0	0.0212462	0.0	0.03	0.0	1.492	0.0	5.0	0.0	1.733	0.0	0.0348943	0.0	1.00091e-05	9.39814e-05	0.401399	0.0646917	0.163722	0.0	0.00395442	0.0	-0.00364866	0.00256352	1.77	0.0	0.833539	0.0561056	0.809451	0.0227138	1.0	4.59672	5.47418e-12	0.0415285	0.0130949	0.00422275	0.21739	0.00995456	0.0200577	14.48	-621.574	4.0	6.25111e-06	-1754.12	3.0	1.53241e-05	1.0	176.541	14.7221	49.5515	8.59471	0.219165	0.0347283	1045.93	18.6961	
0.0-2.4	6.5-30.0	60.0-100.0	1.178-1.571	0.016	0.096	241.0	241.0	219.868	15.2612	21.0842	5.84294	-1.8069	0.910324	-0.05	0.0	0.447272	0.0	3.09278	0.0	0.0465239	0.0	0.0212462	0.0	0.03	0.0	1.492	0.0	5.0	0.0	1.733	0.0	0.0348943	0.0	1.32297e-05	0.00459319	0.198077	0.0274109	0.163722	0.0	0.00395442	0.0	0.00135669	0.00223398	1.77	0.0	0.646127	0.0544122	0.773212	0.188067	0.999982	0.168701	0.000124593	0.18037	0.0209784	0.0403515	0.15284	0.0525938	0.0200905	1.10538	-628.165	4.0	2.56688e-05	-1439.8	3.0	2.22851e-05	1.0	144.655	14.2314	75.2124	11.3566	0.342081	0.045871	928.469	15.8332	
0.0-2.4	6.5-8.0	10.0-60.0	0.000-0.393	0.024	0.16	4120.0	4116.0	1959.34	52.0642	2156.69	53.927	-0.17333	0.084535	-0.05	0.0	0.577863	0.0	3.09076	0.0	0.0277685	0.0	0.0575109	0.0	0.03	0.0	1.492	0.0	5.0	0.0	1.733	0.0	0.0429162	0.0	0.000283612	0.00240657	0.339917	0.0194687	0.242766	0.0	0.01	0.0	0.000207494	0.00109255	1.77071	0.0	0.875677	0.0213524	0.226768	0.0593344	0.853291	0.081331	0.334396	0.133933	0.0239822	0.00790674	0.219858	0.0311633	0.124155	0.0441374	-5507.78	4.0	4.30321e-05	-32115.0	3.0	6.13064e-06	1.0	1494.08	48.4899	465.264	30.4621	0.237459	0.0142091	1158.37	6.11144	
0.0-2.4	6.5-8.0	10.0-60.0	0.000-1.571	0.016	0.2	14284.0	14278.0	7253.09	118.691	7024.85	117.722	-0.0983281	0.0470272	-0.05	0.0	0.577863	0.0	3.09076	0.0	0.0277685	0.0	0.0575109	0.00287594	0.03	0.0	1.492	0.0	5.0	0.0	1.733	0.0	0.0429162	0.000813452	7.61746e-05	0.000329707	0.267495	0.00870622	0.242766	0.0	0.01	0.0	-0.00237551	0.000600243	1.77071	0.0	0.902468	0.0115359	0.491426	0.0507093	0.904462	0.0348134	0.62714	0.0347498	0.0756771	0.0111113	0.33092	0.0173374	0.34085	0.0627175	-19082.4	4.0	0.000115818	-129792.0	4.0	1.64478e-06	1.0	5549.53	107.92	1703.56	64.6271	0.234873	0.00803869	1173.84	3.35795	
0.0-2.4	6.5-8.0	10.0-60.0	0.393-0.785	0.024	0.168	3681.0	3660.0	1867.4	50.3811	1792.42	49.6312	-0.149003	0.0929327	-0.05	0.0	0.577863	0.0	3.09076	0.0	0.0277685	0.0	0.0575109	0.0	0.03	0.0	1.492	0.0	5.0	0.0	1.733	0.0	0.0429162	0.0	5.75557e-05	0.0336731	0.248926	0.0169014	0.242766	0.0	0.01	0.0	0.00126497	0.00126181	1.77071	0.0	0.946784	0.0241968	0.340823	0.137531	0.853542	0.0783765	0.504293	0.149486	0.0509288	0.0162217	0.18676	0.0263298	0.250208	0.0656737	-5188.12	4.0	4.34201e-07	-28286.5	3.0	1.65873e-05	1.0	1480.12	49.6275	387.283	31.2643	0.207392	0.0157795	1199.98	7.22826	
0.0-2.4	6.5-8.0	10.0-60.0	0.785-1.178	0.016	0.2	3331.0	3329.0	1743.78	48.2432	1585.08	46.5677	0.192078	0.0987917	-0.05	0.0	0.577863	0.0	3.09076	0.0	0.0277685	0.0	0.0575109	0.0	0.03	0.0	1.492	0.0	5.0	0.0	1.733	0.0	0.0429162	0.0	7.65692e-05	0.00456407	0.183934	0.0130573	0.242766	0.0	0.01	0.0	-0.00456263	0.00121472	1.77071	0.0	0.886472	0.0229853	0.677798	0.0285376	1.0	28.7017	0.645732	0.0175984	0.133761	0.0126865	0.507685	0.0280341	0.239149	165.082	-4540.2	4.0	4.27296e-06	-25523.4	3.0	3.53661e-05	1.0	1324.47	49.0586	419.308	34.6212	0.240459	0.0187064	1164.57	6.62443	
0.0-2.4	6.5-8.0	10.0-60.0	1.178-1.571	0.024	0.176	3151.0	3146.0	1693.34	47.5953	1452.55	44.9947	-0.255281	0.103406	-0.05	0.0	0.577863	0.0	3.09076	0.0	0.0277685	0.0	0.0575109	0.0	0.03	0.0	1.492	0.0	5.0	0.0	1.733	0.0	0.0429162	0.0	0.000494679	0.00157744	0.305321	0.0181845	0.242766	0.0	0.01	0.0	-0.00376635	0.00121988	1.77071	0.0	0.804066	0.0249995	0.429538	0.0651811	0.913096	0.0515637	0.484104	0.0675349	0.0741945	0.0121108	0.292238	0.0291788	0.378601	0.113234	-4013.48	4.0	4.23254e-06	-23957.8	3.0	1.68685e-05	1.0	1228.46	44.5554	464.878	31.0432	0.274533	0.0166294	1118.36	6.80517	
0.0-2.4	8.0-10.0	10.0-60.0	0.000-0.393	0.008	0.176	2295.0	2295.0	1467.19	41.944	827.804	33.4653	-0.0494644	0.136393	-0.05	0.0	0.484478	0.0	3.0934	0.0	0.0449613	0.0	0.0227093	0.0	0.03	0.0	1.492	0.0	5.0	0.0	1.733	0.0	0.035288	0.0	2.05538e-05	0.00458982	0.226834	0.0141516	0.226272	0.0	0.000508036	0.0	-0.00220251	0.00122828	1.60493	0.0	0.864849	0.0280727	0.603157	0.226757	1.0	56.6961	0.353492	0.230766	0.054104	0.0255933	0.157875	0.0331374	0.0737181	144.768	-4058.43	4.0	1.10524e-07	-17290.7	3.0	1.8356e-06	1.0	1056.6	39.9162	410.587	28.6124	0.279846	0.017785	1077.75	8.71492	
0.0-2.4	8.0-10.0	10.0-60.0	0.000-1.571	0.016	0.184	8014.0	8014.0	5278.15	79.6974	2735.42	61.7173	-0.366081	0.075577	-0.05	0.0	0.484478	0.0	3.0934	0.0	0.0449613	0.0	0.0227093	0.000703567	0.03	0.0	1.492	0.0	5.0	0.0	1.733	0.0	0.035288	0.000116708	8.20597e-05	0.000220638	0.254792	0.00826496	0.226263	0.0	0.000507972	0.0	-0.00127163	0.000652794	1.60493	0.0	0.85834	0.0163835	0.656618	0.0917452	0.7012	0.133667	0.323183	0.0682444	0.0572742	0.0115944	0.295513	0.0200355	0.0566373	0.0162956	-13659.7	4.0	6.51799e-06	-70694.9	4.0	3.48795e-05	1.0	3729.75	74.5009	1548.39	54.0866	0.293359	0.00924041	1073.71	5.06689	
0.0-2.4	8.0-10.0	10.0-60.0	0.393-0.785	0.008	0.136	2144.0	2141.0	1390.09	40.6084	750.87	31.7793	-0.568694	0.144789	-0.05	0.0	0.484478	0.0	3.0934	0.0	0.0449613	0.0	0.0227093	0.0	0.03	0.0	1.492	0.0	5.0	0.0	1.733	0.0	0.035288	0.0	0.000175415	0.00127153	0.269095	0.0177336	0.226272	0.0	0.000508036	0.0	-0.00239412	0.00130987	1.60493	0.0	0.842439	0.0377853	0.977074	0.0176826	0.375084	0.049444	0.0773715	0.0935003	0.672557	0.519661	0.333168	0.034295	0.0455639	0.00745849	-3524.15	4.0	1.56476e-05	-16044.6	3.0	8.68458e-06	1.0	984.633	38.3376	405.461	27.977	0.291679	0.0182333	1063.93	11.5746	
0.0-2.4	8.0-10.0	10.0-60.0	0.785-1.178	0.008	0.136	1841.0	1835.0	1231.41	38.2477	603.546	28.8987	-0.44996	0.161582	-0.05	0.0	0.484478	0.0	3.0934	0.0	0.0449613	0.0	0.0227093	0.0	0.03	0.0	1.492	0.0	5.0	0.0	1.733	0.0	0.035288	0.0	0.000116749	0.00071768	0.321394	0.0190636	0.226272	0.0	0.000508036	0.0	-0.000946274	0.0013033	1.60493	0.0	0.907155	0.0341769	0.730038	0.019897	0.999999	4.70579	0.66587	0.0121183	0.0724492	0.0050615	0.200649	0.00708569	0.0466415	27.6444	-3134.13	4.0	4.76996e-05	-13515.2	3.0	8.50953e-06	1.0	838.96	34.2968	392.451	25.4131	0.3187	0.0181084	1104.34	10.861	
0.0-2.4	8.0-10.0	10.0-60.0	1.178-1.571	0.008	0.136	1733.0	1731.0	1190.88	37.3767	540.11	27.3173	-0.428968	0.17054	-0.05	0.0	0.484478	0.0	3.0934	0.0	0.0449613	0.0	0.0227093	0.0	0.03	0.0	1.492	0.0	5.0	0.0	1.733	0.0	0.035288	0.0	0.000171735	0.000555709	0.216565	0.0144901	0.226272	0.0	0.000508036	0.0	-0.0023395	0.00143399	1.60493	0.0	0.841589	0.0356082	0.656972	0.0853342	0.74992	0.173103	0.225457	0.116451	0.0616506	0.0165126	0.443468	0.0528788	0.0581393	0.0337363	-2980.14	4.0	5.84243e-07	-12708.8	3.0	4.64292e-06	1.0	828.601	35.8258	362.284	27.1377	0.304214	0.0206912	1063.41	10.902	
1.2-1.6	6.5-30.0	10.0-60.0	0.000-0.393	0.016	0.16	2142.0	2138.0	1147.63	38.2865	990.368	36.1751	-0.0559788	0.124158	-0.05	0.0	0.556254	0.0	3.0912	0.0	0.0425225	0.0	0.0326904	0.0	0.03	0.0	1.492	0.0	5.0	0.0	1.733	0.0	0.0384709	0.0	9.48752e-05	0.000667094	0.254602	0.0198849	0.105013	0.0	0.00999838	0.0	-0.00361998	0.00135577	2.07721	0.0	1.01284	0.0286516	0.999776	0.940753	0.328879	0.105253	0.465376	0.14201	0.0953367	1.28891	0.261787	0.0392454	0.0711458	0.0156846	-3173.72	4.0	2.75492e-06	-15497.8	3.0	6.61352e-08	1.0	863.714	37.142	283.917	25.2777	0.247394	0.0204212	1171.0	11.0897	
1.2-1.6	6.5-30.0	10.0-60.0	0.000-1.571	0.008	0.176	7296.0	7287.0	4123.04	73.9523	3163.59	67.1558	-0.299318	0.0698934	-0.05	0.0	0.556254	0.0	3.0912	0.0	0.0425225	0.0	0.0326904	0.00151451	0.03	0.0	1.492	0.0	5.0	0.0	1.733	0.0	0.0384709	0.000285538	1.00321e-05	0.000152057	0.247175	0.00984603	0.105013	0.0	0.00999838	0.0	-0.00224358	0.000728115	2.07721	0.0	0.989889	0.0159276	0.648561	0.0442148	0.604636	0.234377	0.331463	0.242979	0.108463	0.0126317	0.263754	0.0162814	0.0200005	0.0383041	-10748.2	4.0	1.92883e-06	-62025.3	4.0	6.82161e-05	1.0	3021.43	70.9835	1101.61	49.9215	0.267185	0.0111192	1153.3	6.11763	
1.2-1.6	6.5-30.0	10.0-60.0	0.393-0.785	0.016	0.176	1910.0	1905.0	1004.08	36.0958	900.887	34.6369	-0.418345	0.130999	-0.05	0.0	0.556254	0.0	3.0912	0.0	0.0425225	0.0	0.0326904	0.0	0.03	0.0	1.492	0.0	5.0	0.0	1.733	0.0	0.0384709	0.0	1.52922e-05	0.000943016	0.191732	0.0157888	0.105013	0.0	0.00999838	0.0	-0.00221787	0.00154493	2.07721	0.0	1.01175	0.0318105	0.69784	0.131752	0.736077	0.350873	0.622583	0.130224	0.14857	0.0517259	0.300112	0.0477022	0.0638676	0.0537556	-2729.21	4.0	4.33049e-06	-13546.1	3.0	1.31999e-06	1.0	699.776	37.0625	304.308	29.3336	0.30307	0.0271067	1170.15	12.308	
1.2-1.6	6.5-30.0	10.0-60.0	0.785-1.178	0.016	0.128	1635.0	1618.0	956.273	34.522	661.671	29.9541	-0.466037	0.153673	-0.05	0.0	0.556254	0.0	3.0912	0.0	0.0425225	0.0	0.0326904	0.0	0.03	0.0	1.492	0.0	5.0	0.0	1.733	0.0	0.0384709	0.0	6.66906e-05	0.00456861	0.199154	0.0174295	0.105013	0.0	0.00999838	0.0	-0.00514964	0.00138435	2.07721	0.0	0.935967	0.0309457	0.751004	0.280431	0.745787	0.857022	0.501	0.0939169	0.104976	0.0389639	0.205897	0.0504777	0.0952136	0.0574315	-2671.89	4.0	3.05507e-05	-11401.7	3.0	1.33798e-05	1.0	725.698	34.5097	230.576	23.9555	0.241119	0.02349	1112.27	11.653	
1.2-1.6	6.5-30.0	10.0-60.0	1.178-1.571	0.008	0.145	1608.0	1603.0	1005.51	35.0958	597.406	28.6991	-0.362655	0.161618	-0.05	0.0	0.556254	0.0	3.0912	0.0	0.0425225	0.0	0.0326904	0.0	0.03	0.0	1.492	0.0	5.0	0.0	1.733	0.0	0.0384709	0.0	0.00019046	0.00100465	0.317495	0.022395	0.105013	0.0	0.00999838	0.0	0.00062968	0.00155416	2.07721	0.0	0.98035	0.0359715	0.546897	0.00697598	1.0	6.61729	0.363967	0.00733738	0.0977935	0.00205231	0.344733	0.0056729	0.23858	36.1682	-2210.06	4.0	0.000112513	-11365.3	3.0	6.33321e-06	1.0	699.473	32.4955	306.041	23.9587	0.304363	0.0213281	1145.98	13.7705	
1.2-2.4	6.5-30.0	10.0-60.0	0.000-0.393	0.016	0.176	4968.0	4963.0	2558.73	58.4687	2404.24	57.1318	-0.301306	0.0801831	-0.05	0.0	0.597136	0.0	3.09145	0.0	0.0518217	0.0	0.0308204	0.0	0.03	0.0	1.492	0.0	5.0	0.0	1.733	0.0	0.0445677	0.0	6.78336e-05	0.000213869	0.241338	0.0125712	0.133409	0.0	0.00558601	0.0	-0.0033645	0.00085289	1.89143	0.0	0.879744	0.0168304	0.823204	0.12307	0.576876	0.190032	0.508371	0.108078	0.113139	0.0380624	0.204315	0.0201769	0.0531694	0.0236251	-7052.97	4.0	2.6617e-05	-39786.4	3.0	3.44155e-06	1.0	1915.91	56.7073	642.82	38.9205	0.251226	0.014086	1071.43	5.98783	
1.2-2.4	6.5-30.0	10.0-60.0	0.000-1.571	0.008	0.2	16988.0	16981.0	9413.24	112.642	7567.19	104.126	-0.42517	0.0454646	-0.05	0.0	0.597136	0.0	3.09145	0.0	0.0518217	0.0	0.0308204	0.00100344	0.03	0.0	1.492	0.0	5.0	0.0	1.733	0.0	0.0445677	0.000139777	1.02446e-05	0.00459456	0.237265	0.00630415	0.133409	0.0	0.00558601	0.0	-0.00102081	0.000496154	1.89143	0.0	0.936424	0.0102216	0.584027	0.0614226	0.905808	0.0420424	0.527909	0.0460763	0.0643738	0.0123657	0.227775	0.00999013	0.252335	0.0504441	-23683.0	4.0	7.62831e-08	-157860.0	4.0	5.77717e-05	1.0	6887.19	108.972	2526.05	77.437	0.268351	0.00757376	1112.28	3.72871	
1.2-2.4	6.5-30.0	10.0-60.0	0.393-0.785	0.016	0.168	4329.0	4307.0	2339.35	55.4375	1967.53	51.9771	-0.523428	0.0893697	-0.05	0.0	0.597136	0.0	3.09145	0.0	0.0518217	0.0	0.0308204	0.0	0.03	0.0	1.492	0.0	5.0	0.0	1.733	0.0	0.0445677	0.0	1.14219e-05	0.00210854	0.191672	0.0113775	0.133409	0.0	0.00558601	0.0	0.00187418	0.0010918	1.89143	0.0	0.98075	0.0225128	0.447892	0.122865	0.902781	0.0410142	0.425085	0.135339	0.0487563	0.0112465	0.256886	0.0223513	0.335923	0.079749	-5966.62	4.0	4.12257e-07	-34080.8	3.0	1.19901e-05	1.0	1713.38	56.9567	625.969	42.6085	0.267582	0.0170743	1144.91	8.35602	
1.2-2.4	6.5-30.0	10.0-60.0	0.785-1.178	0.016	0.2	3900.0	3896.0	2231.79	53.8529	1663.96	48.2925	-0.42866	0.0970923	-0.05	0.0	0.597136	0.0	3.09145	0.0	0.0518217	0.0	0.0308204	0.0	0.03	0.0	1.492	0.0	5.0	0.0	1.733	0.0	0.0445677	0.0	2.84079e-05	0.000393629	0.213094	0.0116365	0.133409	0.0	0.00558601	0.0	-0.00272952	0.00103782	1.89143	0.0	0.95872	0.0214674	0.633311	0.0151232	0.999987	16.1095	0.561543	0.0115003	0.108856	0.00434332	0.190129	0.00553509	0.127791	45.6716	-5640.12	4.0	6.92561e-06	-30569.5	3.0	8.49372e-05	1.0	1638.34	53.0609	593.45	38.1793	0.265907	0.0158581	1128.63	7.90143	
1.2-2.4	6.5-30.0	10.0-60.0	1.178-1.571	0.008	0.176	3789.0	3784.0	2291.13	53.9836	1492.86	45.9993	-0.50333	0.10286	-0.05	0.0	0.597136	0.0	3.09145	0.0	0.0518217	0.0	0.0308204	0.0	0.03	0.0	1.492	0.0	5.0	0.0	1.733	0.0	0.0445677	0.0	0.000176837	0.00056817	0.286677	0.0137447	0.133409	0.0	0.00558601	0.0	-0.0012327	0.00104219	1.89143	0.0	0.858007	0.0236143	0.624648	0.119748	0.480377	0.0916404	2.83103e-06	0.163374	0.0872119	0.0216138	0.28436	0.0230959	0.0221844	0.00631177	-5123.1	4.0	1.6434e-07	-29755.8	3.0	1.24556e-06	1.0	1582.27	50.7192	708.861	38.2295	0.309394	0.0150092	1056.05	8.31317	
1.6-2.4	3.0-6.5	10.0-60.0	0.000-0.393	0.032	0.289	42535.0	42521.0	8702.99	144.341	33817.8	214.356	0.159124	0.0211282	-0.05	0.0	0.0278901	0.0	3.08942	0.0	0.0200002	0.0	0.0527582	0.0	0.03	0.0	1.86	0.0	5.0	0.0	1.38	0.0	0.0521244	0.0	0.000119847	0.00233378	0.220591	0.0125553	0.232093	0.0	0.00999981	0.0	0.00203129	0.000676072	1.67221	0.0	0.903306	0.00693572	0.800349	0.0385894	0.116846	0.0262564	0.632383	0.0435166	0.621213	0.1072	0.278374	0.0298517	0.0870321	0.00686945	-30458.6	4.0	1.9271e-06	-417760.0	3.0	1.88602e-06	1.0	7469.18	160.949	1233.81	104.773	0.141769	0.0118069	1129.42	2.12986	
1.6-2.4	3.0-6.5	10.0-60.0	0.000-1.571	0.032	0.32	155832.0	155826.0	30242.7	324.519	125582.0	447.926	0.182625	0.010966	-0.05	0.0	0.0278901	0.0	3.08942	0.0	0.0200002	0.0	0.0527582	0.000634071	0.03	0.0	1.86	0.0	5.0	0.0	1.38	0.0	0.0521244	0.000311941	1.37686e-05	0.00459294	0.215111	0.00655801	0.232093	0.0	0.00999981	0.0	-0.00141721	0.000362394	1.67221	0.0	0.983121	0.00346471	0.84599	0.0207151	0.292751	0.0326116	0.758961	0.0208129	0.40485	0.0405376	0.256354	0.0101199	0.0963559	0.0081373	-108519.0	4.0	0.000121192	-1732480.0	4.0	0.000147287	1.0	26096.6	337.712	4146.16	193.941	0.137096	0.00624178	1179.49	1.10881	
1.6-2.4	3.0-6.5	10.0-60.0	0.393-0.785	0.032	0.272	40276.0	40222.0	6275.96	133.357	33946.0	213.197	0.0320028	0.021056	-0.05	0.0	0.0278901	0.0	3.08942	0.0	0.0200002	0.0	0.0527582	0.0	0.03	0.0	1.86	0.0	5.0	0.0	1.38	0.0	0.0521244	0.0	0.000143097	0.00179605	0.162153	0.0122629	0.232093	0.0	0.00999981	0.0	-0.00273956	0.000747224	1.67221	0.0	1.00147	0.00687956	1.0	0.949778	0.352528	0.00205692	0.793808	0.000671159	0.325493	1.08594	0.308122	0.00109235	0.151114	0.000567281	-25968.4	4.0	2.727e-07	-391938.0	3.0	1.94565e-07	1.0	5226.29	164.148	1049.67	122.921	0.167252	0.0192608	1191.29	2.22055	
1.6-2.4	3.0-6.5	10.0-60.0	0.785-1.178	0.04	0.28	37022.0	36902.0	7884.04	135.252	29018.4	198.557	0.233179	0.0228333	-0.05	0.0	0.0278901	0.0	3.08942	0.0	0.0200002	0.0	0.0527582	0.0	0.03	0.0	1.86	0.0	5.0	0.0	1.38	0.0	0.0521244	0.0	4.81501e-05	0.00457714	0.219746	0.0150478	0.232093	0.0	0.00999981	0.0	-0.00499186	0.000739249	1.67221	0.0	0.9895	0.00728825	0.87216	0.114436	0.715893	0.134033	0.73862	0.0397896	0.105709	0.0466699	0.0959697	0.0143222	0.22674	0.0335249	-26207.9	4.0	3.36892e-05	-357563.0	3.0	6.42921e-06	1.0	7043.35	148.637	840.693	87.7566	0.106632	0.0109796	1183.58	2.33948	
1.6-2.4	3.0-6.5	10.0-60.0	1.178-1.571	0.032	0.248	35998.0	35926.0	7462.87	134.39	28464.5	197.627	0.363677	0.0230898	-0.05	0.0	0.0278901	0.0	3.08942	0.0	0.0200002	0.0	0.0527582	0.0	0.03	0.0	1.86	0.0	5.0	0.0	1.38	0.0	0.0521244	0.0	1.0498e-05	0.00459445	0.2569	0.0123993	0.232093	0.0	0.00999981	0.0	-0.0078104	0.000746499	1.67221	0.0	0.970871	0.00685544	0.86837	0.0202946	0.100962	0.0138588	4.68996e-07	0.170232	0.483359	0.0611182	0.184485	0.0109745	0.0257287	0.00345183	-26313.5	4.0	7.82343e-05	-347029.0	3.0	5.55666e-05	1.0	6285.28	139.568	1177.59	84.3689	0.157793	0.0109422	1171.67	2.18106	
1.6-2.4	6.5-30.0	10.0-60.0	0.000-0.393	0.016	0.176	2825.0	2822.0	1408.75	44.0803	1413.32	44.1323	-0.485045	0.105381	-0.05	0.0	0.701889	0.0	3.0915	0.0	0.0565131	0.0	0.0290094	0.0	0.03	0.0	1.492	0.0	5.0	0.0	1.733	0.0	0.0499251	0.0	1.00002e-05	0.000360287	0.234943	0.0165402	0.184357	0.0	0.00198551	0.0	-0.00246587	0.00108692	1.72899	0.0	0.794241	0.0196411	0.767332	0.143229	0.85301	0.142073	0.634056	0.0641731	0.059979	0.0367158	0.178331	0.0190092	0.165344	0.0664985	-3919.16	4.0	2.39597e-07	-20891.3	3.0	1.70075e-06	1.0	1059.48	42.5536	349.266	28.8309	0.247927	0.0189383	1032.3	6.16286	
1.6-2.4	6.5-30.0	10.0-60.0	0.000-1.571	0.016	0.2	9691.0	9687.0	5273.15	84.7742	4413.55	79.5456	-0.534066	0.0598663	-0.05	0.0	0.701889	0.0	3.0915	0.0	0.0565131	0.0	0.0290094	0.00159149	0.03	0.0	1.492	0.0	5.0	0.0	1.733	0.0	0.0499251	0.000137839	7.14374e-05	0.0191277	0.231456	0.00823604	0.184357	0.0	0.00198551	0.0	0.0013595	0.000690927	1.72899	0.0	0.855767	0.0136875	0.453185	0.0330041	0.931312	0.0235634	0.383677	0.0497843	0.0434326	0.00516283	0.199517	0.0112565	0.302186	0.0568611	-12979.0	4.0	1.38767e-05	-84212.3	4.0	4.8096e-05	1.0	3864.39	82.0965	1408.76	58.2503	0.267157	0.0101774	1071.65	4.45754	
1.6-2.4	6.5-30.0	10.0-60.0	0.393-0.785	0.016	0.168	2419.0	2407.0	1324.97	41.7934	1081.74	38.7757	-0.604713	0.121173	-0.05	0.0	0.701889	0.0	3.0915	0.0	0.0565131	0.0	0.0290094	0.0	0.03	0.0	1.492	0.0	5.0	0.0	1.733	0.0	0.0499251	0.0	2.94133e-05	0.00458575	0.188393	0.0166275	0.184357	0.0	0.00198551	0.0	0.00318806	0.00158436	1.72899	0.0	0.95074	0.0319531	0.475877	0.0522311	0.934476	0.0324743	0.339272	0.073956	0.0499538	0.00875675	0.23776	0.0236125	0.433927	0.135831	-3236.76	4.0	1.61521e-07	-17613.5	3.0	4.81348e-05	1.0	1000.12	43.7676	324.847	32.0217	0.245173	0.0228972	1135.07	10.915	
1.6-2.4	6.5-30.0	10.0-60.0	0.785-1.178	0.016	0.192	2265.0	2260.0	1259.99	41.0323	999.72	37.7278	-0.421878	0.125389	-0.05	0.0	0.701889	0.0	3.0915	0.0	0.0565131	0.0	0.0290094	0.0	0.03	0.0	1.492	0.0	5.0	0.0	1.733	0.0	0.0499251	0.0	1.07664e-05	0.00459432	0.226581	0.0156171	0.184357	0.0	0.00198551	0.0	-2.18249e-05	0.00157662	1.72899	0.0	0.9593	0.030416	0.580865	0.114866	0.7484	0.211568	0.541842	0.101942	0.0675374	0.0395224	0.185937	0.0295332	0.172434	0.0506434	-2960.84	4.0	8.69642e-06	-16383.7	3.0	6.61501e-05	1.0	897.609	39.7368	362.379	29.3908	0.287605	0.0213633	1140.93	10.4296	
1.6-2.4	6.5-30.0	10.0-60.0	1.178-1.571	0.016	0.176	2181.0	2179.0	1280.08	40.8556	898.917	35.8891	-0.613479	0.133064	-0.05	0.0	0.701889	0.0	3.0915	0.0	0.0565131	0.0	0.0290094	0.0	0.03	0.0	1.492	0.0	5.0	0.0	1.733	0.0	0.0499251	0.0	4.41992e-05	0.00457895	0.268107	0.0174693	0.184357	0.0	0.00198551	0.0	-0.000475006	0.00141709	1.72899	0.0	0.778862	0.03072	0.525607	0.0836837	0.517009	0.109671	4.61277e-07	0.0959351	0.0376831	0.00983925	0.227229	0.0277998	0.0287786	0.00685059	-2914.01	4.0	5.7564e-07	-15808.9	3.0	7.03407e-07	1.0	890.225	38.5291	389.851	28.8447	0.304553	0.0203293	1022.7	9.54125	
