0.0-1.2	6.5-30.0	10.0-60.0	0.000-0.393	2053.29	48.7355	1027.5	36.7369	1375.98	42.9139	677.306	32.1466	0.329864	0.0135578	
0.0-1.2	6.5-30.0	10.0-60.0	0.000-1.571	7696.79	97.0456	3893.63	74.9297	5362.9	86.5758	2333.89	61.5553	0.303229	0.00702446	
0.0-1.2	6.5-30.0	10.0-60.0	0.393-0.785	2062.67	48.8493	1043.34	36.9719	1500.41	44.3974	562.26	29.7625	0.272588	0.0129044	
0.0-1.2	6.5-30.0	10.0-60.0	0.785-1.178	1838.18	45.8964	923.81	34.5271	1273.71	41.4714	564.468	30.1183	0.30708	0.0144802	
0.0-1.2	6.5-30.0	10.0-60.0	1.178-1.571	1726.17	44.7121	889.822	34.0998	1183.94	41.2253	542.222	30.9243	0.314119	0.0159608	
0.0-2.4	10.0-13.0	10.0-60.0	0.000-0.393	789.156	30.3444	268.855	20.0124	496.892	26.6706	292.264	21.7384	0.37035	0.0235799	
0.0-2.4	10.0-13.0	10.0-60.0	0.000-1.571	3014.36	60.4898	998.706	40.5392	2046.13	54.3094	968.23	40.5104	0.321206	0.0117925	
0.0-2.4	10.0-13.0	10.0-60.0	0.393-0.785	782.923	30.0456	247.077	19.1546	541.479	27.215	241.444	19.8672	0.308388	0.0224469	
0.0-2.4	10.0-13.0	10.0-60.0	0.785-1.178	736.91	29.1683	226.088	18.4385	507.793	26.5795	229.117	19.6145	0.310916	0.0236013	
0.0-2.4	10.0-13.0	10.0-60.0	1.178-1.571	673.516	28.0961	248.477	19.0886	474.114	26.0926	199.402	18.9433	0.296061	0.0252694	
0.0-2.4	10.0-30.0	10.0-60.0	0.000-0.393	1242.72	37.9765	400.284	24.4903	786.074	33.0157	456.645	26.6031	0.367457	0.0182256	
0.0-2.4	10.0-30.0	10.0-60.0	0.000-1.571	4762.23	76.0839	1535.91	50.6203	3140.43	67.2772	1621.8	51.7711	0.340555	0.00941166	
0.0-2.4	10.0-30.0	10.0-60.0	0.393-0.785	1205.03	37.4311	405.983	24.5349	822.053	33.7913	382.982	25.1266	0.317818	0.0183663	
0.0-2.4	10.0-30.0	10.0-60.0	0.785-1.178	1135.31	36.1392	357.724	22.988	768.859	32.5953	366.447	24.4852	0.322774	0.0189623	
0.0-2.4	10.0-30.0	10.0-60.0	1.178-1.571	1145.7	36.4558	364.314	23.4023	735.097	33.0017	410.599	26.6963	0.358384	0.0203202	
0.0-2.4	13.0-30.0	10.0-60.0	0.000-0.393	469.297	23.1391	128.702	13.9573	296.894	19.8283	172.403	15.8471	0.367365	0.0284985	
0.0-2.4	13.0-30.0	10.0-60.0	0.000-1.571	1741.23	45.9105	536.825	30.0568	1094.44	39.7299	646.797	32.1962	0.371459	0.0156835	
0.0-2.4	13.0-30.0	10.0-60.0	0.393-0.785	421.407	22.3031	158.527	15.3148	277.904	20.102	143.503	15.6667	0.340533	0.0325163	
0.0-2.4	13.0-30.0	10.0-60.0	0.785-1.178	398.347	21.3368	131.646	13.7312	258.971	19.0105	139.375	14.9906	0.349885	0.0326334	
0.0-2.4	13.0-30.0	10.0-60.0	1.178-1.571	452.042	22.7827	116.945	13.5631	249.856	19.5697	202.186	18.1173	0.447273	0.0331385	
0.0-2.4	6.5-10.0	10.0-60.0	0.000-0.393	3395.29	66.1718	3015.6	63.2372	2514.6	62.3508	880.695	42.1957	0.259387	0.0113531	
0.0-2.4	6.5-10.0	10.0-60.0	0.000-1.571	12415.8	126.941	9876.17	116.508	9174.19	120.588	3241.64	82.7162	0.261089	0.00610398	
0.0-2.4	6.5-10.0	10.0-60.0	0.393-0.785	3225.99	64.0384	2580.78	58.785	2455.86	61.9266	770.129	41.1337	0.238726	0.0118374	
0.0-2.4	6.5-10.0	10.0-60.0	0.785-1.178	2940.56	60.9205	2229.44	54.774	2153.13	58.4386	787.425	41.1266	0.267781	0.0128386	
0.0-2.4	6.5-10.0	10.0-60.0	1.178-1.571	2863.83	59.9882	2016.08	52.4486	2030.15	57.0401	833.685	41.8347	0.291108	0.0132744	
0.0-2.4	6.5-30.0	0.0-10.0	0.000-0.393	2369.64	56.7106	2779.44	60.2151	1505.89	49.664	863.75	39.9375	0.364507	0.0144206	
0.0-2.4	6.5-30.0	0.0-10.0	0.000-1.571	8786.61	111.162	10514.4	118.678	5964.62	100.059	2821.98	74.7806	0.321169	0.0074782	
0.0-2.4	6.5-30.0	0.0-10.0	0.393-0.785	2090.23	54.3518	2939.78	61.6738	1937.63	763.276	152.601	761.622	0.073007	0.364368	
0.0-2.4	6.5-30.0	0.0-10.0	0.785-1.178	2318.98	55.397	2546.98	57.4174	1582.83	49.9964	736.154	37.1374	0.317447	0.0141053	
0.0-2.4	6.5-30.0	0.0-10.0	1.178-1.571	1987.73	51.6117	2225.33	53.8655	1456.76	49.358	530.973	34.5769	0.267125	0.0159526	
0.0-2.4	6.5-30.0	10.0-20.0	0.000-0.393	1684.72	46.8881	1587.27	45.8376	1113.36	42.7958	571.361	33.529	0.339142	0.0175211	
0.0-2.4	6.5-30.0	10.0-20.0	0.000-1.571	6065.72	90.1454	5615.62	87.6125	4228.08	84.0136	1837.63	62.0952	0.302954	0.00919384	
0.0-2.4	6.5-30.0	10.0-20.0	0.393-0.785	1487.37	44.2101	1429.59	43.5519	1126.45	43.0607	360.924	29.1249	0.242659	0.0182047	
0.0-2.4	6.5-30.0	10.0-20.0	0.785-1.178	1468.22	43.8167	1425.78	43.3294	1055.37	41.0578	412.842	29.0781	0.281186	0.0179394	
0.0-2.4	6.5-30.0	10.0-20.0	1.178-1.571	1425.01	42.5971	1139.99	39.109	916.686	39.6376	508.325	32.4216	0.356716	0.0200983	
0.0-2.4	6.5-30.0	10.0-30.0	0.000-0.393	2967.81	61.7345	2563.17	58.3654	2099.59	56.4522	868.219	40.0695	0.292545	0.0120522	
0.0-2.4	6.5-30.0	10.0-30.0	0.000-1.571	10825.8	118.535	8763.21	109.49	7674.85	110.011	3150.94	78.9359	0.291058	0.00655814	
0.0-2.4	6.5-30.0	10.0-30.0	0.393-0.785	2734.8	58.9711	2279.07	54.9709	1996.64	55.8741	738.164	39.0082	0.269915	0.0130221	
0.0-2.4	6.5-30.0	10.0-30.0	0.785-1.178	2567.05	56.946	2057.94	52.2855	1828.2	53.0613	738.847	37.939	0.287819	0.0133289	
0.0-2.4	6.5-30.0	10.0-30.0	1.178-1.571	2544.58	56.4942	1832.42	49.7941	1725.08	52.6552	819.497	40.4564	0.322056	0.0142005	
0.0-2.4	6.5-30.0	10.0-60.0	0.000-0.393	4608.93	75.8981	3446.02	67.8056	3298.56	69.6939	1310.37	48.706	0.284311	0.00947402	
0.0-2.4	6.5-30.0	10.0-60.0	0.000-1.571	17060.0	146.489	11530.0	126.212	12214.7	136.663	4845.33	96.991	0.284017	0.00513565	
0.0-2.4	6.5-30.0	10.0-60.0	0.393-0.785	4403.72	73.7885	3020.26	63.7274	3250.79	70.2629	1152.93	48.4055	0.261808	0.0100786	
0.0-2.4	6.5-30.0	10.0-60.0	0.785-1.178	4047.58	70.5233	2618.39	59.536	2896.42	66.465	1151.16	47.6768	0.284407	0.010686	
0.0-2.4	6.5-30.0	10.0-60.0	1.178-1.571	3995.29	69.9729	2410.52	57.5454	2746.84	65.5091	1248.45	49.5496	0.31248	0.0111292	
0.0-2.4	6.5-30.0	20.0-30.0	0.000-0.393	1284.59	40.1012	961.362	35.8446	971.615	37.0936	312.977	23.4825	0.243639	0.0166228	
0.0-2.4	6.5-30.0	20.0-30.0	0.000-1.571	4754.97	76.9522	3150.54	65.7085	3429.62	70.9405	1325.35	49.1119	0.278729	0.00929146	
0.0-2.4	6.5-30.0	20.0-30.0	0.393-0.785	1237.52	38.8698	852.485	33.5533	855.016	35.9871	382.503	26.7991	0.309088	0.0193574	
0.0-2.4	6.5-30.0	20.0-30.0	0.785-1.178	1095.74	36.2186	625.125	29.0016	773.907	32.9915	321.833	23.3929	0.293713	0.0190138	
0.0-2.4	6.5-30.0	20.0-30.0	1.178-1.571	1121.96	37.1251	687.949	30.7294	806.678	34.791	315.281	24.6323	0.281009	0.0198884	
0.0-2.4	6.5-30.0	30.0-60.0	0.000-0.393	1634.36	44.0255	884.593	34.4756	1189.05	40.6279	445.305	27.7235	0.272465	0.0152929	
0.0-2.4	6.5-30.0	30.0-60.0	0.000-1.571	6229.83	85.9665	2770.88	62.7023	4526.69	80.7861	1703.14	56.364	0.273385	0.00822342	
0.0-2.4	6.5-30.0	30.0-60.0	0.393-0.785	1646.88	43.9573	738.044	31.99	1237.65	42.3596	409.225	28.6769	0.248485	0.0161003	
0.0-2.4	6.5-30.0	30.0-60.0	0.785-1.178	1466.25	41.2672	553.735	28.1168	1061.4	39.8942	404.844	28.792	0.276109	0.0180334	
0.0-2.4	6.5-30.0	30.0-60.0	1.178-1.571	1448.29	41.1721	577.711	28.7156	1032.96	38.2569	415.329	27.2156	0.286772	0.0169311	
0.0-2.4	6.5-30.0	60.0-100.0	0.000-0.393	214.656	15.3504	34.3859	7.43721	153.947	13.9386	60.709	9.58814	0.282819	0.0398262	
0.0-2.4	6.5-30.0	60.0-100.0	0.000-1.571	898.03	31.4396	178.036	16.3854	649.208	28.6805	248.822	19.5416	0.277076	0.0194788	
0.0-2.4	6.5-30.0	60.0-100.0	0.393-0.785	231.33	15.868	38.6661	7.6895	155.381	13.9205	75.9485	10.3595	0.328313	0.038708	
0.0-2.4	6.5-30.0	60.0-100.0	0.785-1.178	226.092	15.949	76.9405	10.2587	176.541	14.7221	49.5515	8.59471	0.219165	0.0347283	
0.0-2.4	6.5-30.0	60.0-100.0	1.178-1.571	219.868	15.2612	21.0842	5.84294	144.655	14.2314	75.2124	11.3566	0.342081	0.045871	
0.0-2.4	6.5-8.0	10.0-60.0	0.000-0.393	1959.34	52.0642	2156.69	53.927	1494.08	48.4899	465.264	30.4621	0.237459	0.0142091	
0.0-2.4	6.5-8.0	10.0-60.0	0.000-1.571	7253.09	118.691	7024.85	117.722	5549.53	107.92	1703.56	64.6271	0.234873	0.00803869	
0.0-2.4	6.5-8.0	10.0-60.0	0.393-0.785	1867.4	50.3811	1792.42	49.6312	1480.12	49.6275	387.283	31.2643	0.207392	0.0157795	
0.0-2.4	6.5-8.0	10.0-60.0	0.785-1.178	1743.78	48.2432	1585.08	46.5677	1324.47	49.0586	419.308	34.6212	0.240459	0.0187064	
0.0-2.4	6.5-8.0	10.0-60.0	1.178-1.571	1693.34	47.5953	1452.55	44.9947	1228.46	44.5554	464.878	31.0432	0.274533	0.0166294	
0.0-2.4	8.0-10.0	10.0-60.0	0.000-0.393	1467.19	41.944	827.804	33.4653	1056.6	39.9162	410.587	28.6124	0.279846	0.017785	
0.0-2.4	8.0-10.0	10.0-60.0	0.000-1.571	5278.15	79.6974	2735.42	61.7173	3729.75	74.5009	1548.39	54.0866	0.293359	0.00924041	
0.0-2.4	8.0-10.0	10.0-60.0	0.393-0.785	1390.09	40.6084	750.87	31.7793	984.633	38.3376	405.461	27.977	0.291679	0.0182333	
0.0-2.4	8.0-10.0	10.0-60.0	0.785-1.178	1231.41	38.2477	603.546	28.8987	838.96	34.2968	392.451	25.4131	0.3187	0.0181084	
0.0-2.4	8.0-10.0	10.0-60.0	1.178-1.571	1190.88	37.3767	540.11	27.3173	828.601	35.8258	362.284	27.1377	0.304214	0.0206912	
1.2-1.6	6.5-30.0	10.0-60.0	0.000-0.393	1147.63	38.2865	990.368	36.1751	863.714	37.142	283.917	25.2777	0.247394	0.0204212	
1.2-1.6	6.5-30.0	10.0-60.0	0.000-1.571	4123.04	73.9523	3163.59	67.1558	3021.43	70.9835	1101.61	49.9215	0.267185	0.0111192	
1.2-1.6	6.5-30.0	10.0-60.0	0.393-0.785	1004.08	36.0958	900.887	34.6369	699.776	37.0625	304.308	29.3336	0.30307	0.0271067	
1.2-1.6	6.5-30.0	10.0-60.0	0.785-1.178	956.273	34.522	661.671	29.9541	725.698	34.5097	230.576	23.9555	0.241119	0.02349	
1.2-1.6	6.5-30.0	10.0-60.0	1.178-1.571	1005.51	35.0958	597.406	28.6991	699.473	32.4955	306.041	23.9587	0.304363	0.0213281	
1.2-2.4	6.5-30.0	10.0-60.0	0.000-0.393	2558.73	58.4687	2404.24	57.1318	1915.91	56.7073	642.82	38.9205	0.251226	0.014086	
1.2-2.4	6.5-30.0	10.0-60.0	0.000-1.571	9413.24	112.642	7567.19	104.126	6887.19	108.972	2526.05	77.437	0.268351	0.00757376	
1.2-2.4	6.5-30.0	10.0-60.0	0.393-0.785	2339.35	55.4375	1967.53	51.9771	1713.38	56.9567	625.969	42.6085	0.267582	0.0170743	
1.2-2.4	6.5-30.0	10.0-60.0	0.785-1.178	2231.79	53.8529	1663.96	48.2925	1638.34	53.0609	593.45	38.1793	0.265907	0.0158581	
1.2-2.4	6.5-30.0	10.0-60.0	1.178-1.571	2291.13	53.9836	1492.86	45.9993	1582.27	50.7192	708.861	38.2295	0.309394	0.0150092	
1.6-2.4	3.0-6.5	10.0-60.0	0.000-0.393	8702.99	144.341	33817.8	214.356	7469.18	160.949	1233.81	104.773	0.141769	0.0118069	
1.6-2.4	3.0-6.5	10.0-60.0	0.000-1.571	30242.7	324.519	125582.0	447.926	26096.6	337.712	4146.16	193.941	0.137096	0.00624178	
1.6-2.4	3.0-6.5	10.0-60.0	0.393-0.785	6275.96	133.357	33946.0	213.197	5226.29	164.148	1049.67	122.921	0.167252	0.0192608	
1.6-2.4	3.0-6.5	10.0-60.0	0.785-1.178	7884.04	135.252	29018.4	198.557	7043.35	148.637	840.693	87.7566	0.106632	0.0109796	
1.6-2.4	3.0-6.5	10.0-60.0	1.178-1.571	7462.87	134.39	28464.5	197.627	6285.28	139.568	1177.59	84.3689	0.157793	0.0109422	
1.6-2.4	6.5-30.0	10.0-60.0	0.000-0.393	1408.75	44.0803	1413.32	44.1323	1059.48	42.5536	349.266	28.8309	0.247927	0.0189383	
1.6-2.4	6.5-30.0	10.0-60.0	0.000-1.571	5273.15	84.7742	4413.55	79.5456	3864.39	82.0965	1408.76	58.2503	0.267157	0.0101774	
1.6-2.4	6.5-30.0	10.0-60.0	0.393-0.785	1324.97	41.7934	1081.74	38.7757	1000.12	43.7676	324.847	32.0217	0.245173	0.0228972	
1.6-2.4	6.5-30.0	10.0-60.0	0.785-1.178	1259.99	41.0323	999.72	37.7278	897.609	39.7368	362.379	29.3908	0.287605	0.0213633	
1.6-2.4	6.5-30.0	10.0-60.0	1.178-1.571	1280.08	40.8556	898.917	35.8891	890.225	38.5291	389.851	28.8447	0.304553	0.0203293	
