rap0.0-1.2_pT6.5-30.0_cent10.0-60.0
7696.79
2053.29 2062.67 1838.18 1726.17
48.7355 48.8493 45.8964 44.7121
3893.63
1027.5 1043.34 923.81 889.822
36.7369 36.9719 34.5271 34.0998
5362.9
1375.98 1500.41 1273.71 1183.94
42.9139 44.3974 41.4714 41.2253
2333.89
677.306 562.26 564.468 542.222
32.1466 29.7625 30.1183 30.9243
0.303229
0.329864 0.272588 0.30708 0.314119
0.0135578 0.0129044 0.0144802 0.0159608
rap0.0-2.4_pT10.0-13.0_cent10.0-60.0
3014.36
789.156 782.923 736.91 673.516
30.3444 30.0456 29.1683 28.0961
998.706
268.855 247.077 226.088 248.477
20.0124 19.1546 18.4385 19.0886
2046.13
496.892 541.479 507.793 474.114
26.6706 27.215 26.5795 26.0926
968.23
292.264 241.444 229.117 199.402
21.7384 19.8672 19.6145 18.9433
0.321206
0.37035 0.308388 0.310916 0.296061
0.0235799 0.0224469 0.0236013 0.0252694
rap0.0-2.4_pT10.0-30.0_cent10.0-60.0
4762.23
1242.72 1205.03 1135.31 1145.7
37.9765 37.4311 36.1392 36.4558
1535.91
400.284 405.983 357.724 364.314
24.4903 24.5349 22.988 23.4023
3140.43
786.074 822.053 768.859 735.097
33.0157 33.7913 32.5953 33.0017
1621.8
456.645 382.982 366.447 410.599
26.6031 25.1266 24.4852 26.6963
0.340555
0.367457 0.317818 0.322774 0.358384
0.0182256 0.0183663 0.0189623 0.0203202
rap0.0-2.4_pT13.0-30.0_cent10.0-60.0
1741.23
469.297 421.407 398.347 452.042
23.1391 22.3031 21.3368 22.7827
536.825
128.702 158.527 131.646 116.945
13.9573 15.3148 13.7312 13.5631
1094.44
296.894 277.904 258.971 249.856
19.8283 20.102 19.0105 19.5697
646.797
172.403 143.503 139.375 202.186
15.8471 15.6667 14.9906 18.1173
0.371459
0.367365 0.340533 0.349885 0.447273
0.0284985 0.0325163 0.0326334 0.0331385
rap0.0-2.4_pT6.5-10.0_cent10.0-60.0
12415.8
3395.29 3225.99 2940.56 2863.83
66.1718 64.0384 60.9205 59.9882
9876.17
3015.6 2580.78 2229.44 2016.08
63.2372 58.785 54.774 52.4486
9174.19
2514.6 2455.86 2153.13 2030.15
62.3508 61.9266 58.4386 57.0401
3241.64
880.695 770.129 787.425 833.685
42.1957 41.1337 41.1266 41.8347
0.261089
0.259387 0.238726 0.267781 0.291108
0.0113531 0.0118374 0.0128386 0.0132744
rap0.0-2.4_pT6.5-30.0_cent0.0-10.0
8786.61
2369.64 2090.23 2318.98 1987.73
56.7106 54.3518 55.397 51.6117
10514.4
2779.44 2939.78 2546.98 2225.33
60.2151 61.6738 57.4174 53.8655
5964.62
1505.89 1937.63 1582.83 1456.76
49.664 763.276 49.9964 49.358
2821.98
863.75 152.601 736.154 530.973
39.9375 761.622 37.1374 34.5769
0.321169
0.364507 0.073007 0.317447 0.267125
0.0144206 0.364368 0.0141053 0.0159526
rap0.0-2.4_pT6.5-30.0_cent10.0-20.0
6065.72
1684.72 1487.37 1468.22 1425.01
46.8881 44.2101 43.8167 42.5971
5615.62
1587.27 1429.59 1425.78 1139.99
45.8376 43.5519 43.3294 39.109
4228.08
1113.36 1126.45 1055.37 916.686
42.7958 43.0607 41.0578 39.6376
1837.63
571.361 360.924 412.842 508.325
33.529 29.1249 29.0781 32.4216
0.302954
0.339142 0.242659 0.281186 0.356716
0.0175211 0.0182047 0.0179394 0.0200983
rap0.0-2.4_pT6.5-30.0_cent10.0-30.0
10825.8
2967.81 2734.8 2567.05 2544.58
61.7345 58.9711 56.946 56.4942
8763.21
2563.17 2279.07 2057.94 1832.42
58.3654 54.9709 52.2855 49.7941
7674.85
2099.59 1996.64 1828.2 1725.08
56.4522 55.8741 53.0613 52.6552
3150.94
868.219 738.164 738.847 819.497
40.0695 39.0082 37.939 40.4564
0.291058
0.292545 0.269915 0.287819 0.322056
0.0120522 0.0130221 0.0133289 0.0142005
rap0.0-2.4_pT6.5-30.0_cent10.0-60.0
17060.0
4608.93 4403.72 4047.58 3995.29
75.8981 73.7885 70.5233 69.9729
11530.0
3446.02 3020.26 2618.39 2410.52
67.8056 63.7274 59.536 57.5454
12214.7
3298.56 3250.79 2896.42 2746.84
69.6939 70.2629 66.465 65.5091
4845.33
1310.37 1152.93 1151.16 1248.45
48.706 48.4055 47.6768 49.5496
0.284017
0.284311 0.261808 0.284407 0.31248
0.00947402 0.0100786 0.010686 0.0111292
rap0.0-2.4_pT6.5-30.0_cent20.0-30.0
4754.97
1284.59 1237.52 1095.74 1121.96
40.1012 38.8698 36.2186 37.1251
3150.54
961.362 852.485 625.125 687.949
35.8446 33.5533 29.0016 30.7294
3429.62
971.615 855.016 773.907 806.678
37.0936 35.9871 32.9915 34.791
1325.35
312.977 382.503 321.833 315.281
23.4825 26.7991 23.3929 24.6323
0.278729
0.243639 0.309088 0.293713 0.281009
0.0166228 0.0193574 0.0190138 0.0198884
rap0.0-2.4_pT6.5-30.0_cent30.0-60.0
6229.83
1634.36 1646.88 1466.25 1448.29
44.0255 43.9573 41.2672 41.1721
2770.88
884.593 738.044 553.735 577.711
34.4756 31.99 28.1168 28.7156
4526.69
1189.05 1237.65 1061.4 1032.96
40.6279 42.3596 39.8942 38.2569
1703.14
445.305 409.225 404.844 415.329
27.7235 28.6769 28.792 27.2156
0.273385
0.272465 0.248485 0.276109 0.286772
0.0152929 0.0161003 0.0180334 0.0169311
rap0.0-2.4_pT6.5-30.0_cent60.0-100.0
898.03
214.656 231.33 226.092 219.868
15.3504 15.868 15.949 15.2612
178.036
34.3859 38.6661 76.9405 21.0842
7.43721 7.6895 10.2587 5.84294
649.208
153.947 155.381 176.541 144.655
13.9386 13.9205 14.7221 14.2314
248.822
60.709 75.9485 49.5515 75.2124
9.58814 10.3595 8.59471 11.3566
0.277076
0.282819 0.328313 0.219165 0.342081
0.0398262 0.038708 0.0347283 0.045871
rap0.0-2.4_pT6.5-8.0_cent10.0-60.0
7253.09
1959.34 1867.4 1743.78 1693.34
52.0642 50.3811 48.2432 47.5953
7024.85
2156.69 1792.42 1585.08 1452.55
53.927 49.6312 46.5677 44.9947
5549.53
1494.08 1480.12 1324.47 1228.46
48.4899 49.6275 49.0586 44.5554
1703.56
465.264 387.283 419.308 464.878
30.4621 31.2643 34.6212 31.0432
0.234873
0.237459 0.207392 0.240459 0.274533
0.0142091 0.0157795 0.0187064 0.0166294
rap0.0-2.4_pT8.0-10.0_cent10.0-60.0
5278.15
1467.19 1390.09 1231.41 1190.88
41.944 40.6084 38.2477 37.3767
2735.42
827.804 750.87 603.546 540.11
33.4653 31.7793 28.8987 27.3173
3729.75
1056.6 984.633 838.96 828.601
39.9162 38.3376 34.2968 35.8258
1548.39
410.587 405.461 392.451 362.284
28.6124 27.977 25.4131 27.1377
0.293359
0.279846 0.291679 0.3187 0.304214
0.017785 0.0182333 0.0181084 0.0206912
rap1.2-1.6_pT6.5-30.0_cent10.0-60.0
4123.04
1147.63 1004.08 956.273 1005.51
38.2865 36.0958 34.522 35.0958
3163.59
990.368 900.887 661.671 597.406
36.1751 34.6369 29.9541 28.6991
3021.43
863.714 699.776 725.698 699.473
37.142 37.0625 34.5097 32.4955
1101.61
283.917 304.308 230.576 306.041
25.2777 29.3336 23.9555 23.9587
0.267185
0.247394 0.30307 0.241119 0.304363
0.0204212 0.0271067 0.02349 0.0213281
rap1.2-2.4_pT6.5-30.0_cent10.0-60.0
9413.24
2558.73 2339.35 2231.79 2291.13
58.4687 55.4375 53.8529 53.9836
7567.19
2404.24 1967.53 1663.96 1492.86
57.1318 51.9771 48.2925 45.9993
6887.19
1915.91 1713.38 1638.34 1582.27
56.7073 56.9567 53.0609 50.7192
2526.05
642.82 625.969 593.45 708.861
38.9205 42.6085 38.1793 38.2295
0.268351
0.251226 0.267582 0.265907 0.309394
0.014086 0.0170743 0.0158581 0.0150092
rap1.6-2.4_pT3.0-6.5_cent10.0-60.0
30242.7
8702.99 6275.96 7884.04 7462.87
144.341 133.357 135.252 134.39
125582.0
33817.8 33946.0 29018.4 28464.5
214.356 213.197 198.557 197.627
26096.6
7469.18 5226.29 7043.35 6285.28
160.949 164.148 148.637 139.568
4146.16
1233.81 1049.67 840.693 1177.59
104.773 122.921 87.7566 84.3689
0.137096
0.141769 0.167252 0.106632 0.157793
0.0118069 0.0192608 0.0109796 0.0109422
rap1.6-2.4_pT6.5-30.0_cent10.0-60.0
5273.15
1408.75 1324.97 1259.99 1280.08
44.0803 41.7934 41.0323 40.8556
4413.55
1413.32 1081.74 999.72 898.917
44.1323 38.7757 37.7278 35.8891
3864.39
1059.48 1000.12 897.609 890.225
42.5536 43.7676 39.7368 38.5291
1408.76
349.266 324.847 362.379 389.851
28.8309 32.0217 29.3908 28.8447
0.267157
0.247927 0.245173 0.287605 0.304553
0.0189383 0.0228972 0.0213633 0.0203293
