weightedEff_Lxyz_pTtune_PRMC_TnPCorr_v1
rap	pT	cent	dPhi	ctauErrMin	ctauErrMax	NoCutEntry	CutEntry	NSig	NSigErr	NBkg	NBkgErr	coefExp	coefExpErr	coefPol1	coefPol1Err	coeffGaus	coeffGausErr	meanSig1	meanSig1Err	sigmaSig1	sigmaSig1Err	sigmaSig2	sigmaSig2Err	sigmaSig3	sigmaSig3Err	alpha	alphaErr	enne	enneErr	enneW	enneWErr	sigWidth	sigWidthErr	Gmc	GmcErr	bTau	bTauErr	fracRes	fracResErr	meanResSigW	meanResSigWErr	meanResSigN	meanResSigNErr	sigmaResSigW	sigmaResSigWErr	sigmaResSigN	sigmaResSigNErr	fpm	fpmErr	fLiving	fLivingErr	fbkgCtTot	fbkgCtTotErr	lambdam	lambdamErr	lambdap	lambdapErr	lambdasym	lambdasymErr	NLL	nFitPar	EDM	NLLMass	nFitParMass	EDMMass	Prob	PROMPT	PROMPTErr	NON-PROMPT	NON-PROMPTErr	Bfraction	BfractionErr	Resolution	ResolutionErr	
0.0-0.4	6.5-30.0	0.0-100.0	0.000-1.571	0.008	0.064	4841.0	4837.0	3252.43	63.353	1584.71	48.4317	-0.209227	0.100221	-0.05	0.0	0.438211	0.0838447	3.09332	0.000404484	0.0199475	0.00151106	0.0178987	0.00130661	0.03	0.0	1.492	0.0	5.0	0.0	1.733	0.0	0.018824	0.000502327	3.59557e-05	0.000193278	0.303771	0.0107212	0.709974	0.264125	-0.00206547	0.00229629	0.00172485	0.00134	1.32298	0.0992276	0.673803	0.0345695	0.705546	0.0344	1.0	0.00525593	0.426237	0.0354809	0.0698822	0.00882218	0.213985	0.0131239	0.921032	0.886222	-9791.36	4.0	1.33188e-05	-41771.5	7.0	6.1012e-05	1.0	2170.03	54.8944	1082.4	40.8807	0.332798	0.0107687	1172.31	83.1822	
0.0-1.2	6.5-30.0	0.0-10.0	0.000-1.571	0.008	0.088	7384.0	7379.0	3873.67	74.6024	3505.1	72.0859	0.020724	0.0659759	-0.05	0.0	0.536058	0.0	3.0924	0.0	0.0211098	0.0	0.0367253	0.00169673	0.03	0.0	1.492	0.0	5.0	0.0	1.733	0.0	0.0294044	0.000491586	1.12992e-05	0.000388937	0.214776	0.00767126	0.282557	0.0	0.00228371	0.0	0.000373149	0.000693216	1.58042	0.0	0.854275	0.0206327	0.735789	0.0422069	0.446089	0.0836755	0.263969	0.133831	0.16483	0.0232691	0.210741	0.0141973	0.0376056	0.00899374	-11897.7	4.0	4.39661e-06	-63231.0	4.0	4.81632e-05	1.0	2596.47	66.6065	1277.2	50.4079	0.329713	0.0113585	1108.75	5.70265	
0.0-1.2	6.5-30.0	0.0-100.0	0.000-1.571	0.008	0.105	19512.0	19507.0	12236.2	130.309	7270.83	109.602	-0.0213177	0.0478463	-0.05	0.0	0.536058	0.0505987	3.0924	0.000286219	0.0211098	0.000595229	0.0341938	0.00166112	0.03	0.0	1.492	0.0	5.0	0.0	1.733	0.0	0.0279523	0.000586461	1.16782e-05	0.000130175	0.301202	0.0056205	0.282557	0.19576	0.00228371	0.00264771	0.000363178	0.000376841	1.58042	0.170805	0.851476	0.0110247	0.583088	0.0388929	0.903994	0.0207002	0.425955	0.0346241	0.0524533	0.00571458	0.192863	0.0108919	0.321128	0.0567701	-34572.3	4.0	2.94241e-06	-190314.0	7.0	1.63505e-05	1.0	8279.74	111.898	3956.48	80.7577	0.323342	0.00563041	1107.21	85.6471	
0.0-1.2	6.5-30.0	10.0-20.0	0.000-1.571	0.008	0.088	4481.0	4479.0	2716.27	58.962	1762.66	50.2276	-0.0392448	0.0932657	-0.05	0.0	0.536058	0.0	3.0924	0.0	0.0211098	0.0	0.0334969	0.00154497	0.03	0.0	1.492	0.0	5.0	0.0	1.733	0.0	0.027558	0.000435622	1.12992e-05	0.000388937	0.303256	0.0119416	0.282557	0.0	0.00228371	0.0	-0.000695171	0.000810235	1.58042	0.0	0.840533	0.0243295	0.489293	0.0979745	0.894808	0.0307811	0.307072	0.114074	0.0377878	0.00823757	0.182724	0.0181177	0.353016	0.0706119	-7540.99	4.0	1.26818e-08	-36940.3	4.0	7.01494e-06	1.0	1800.93	51.1306	915.339	38.4823	0.336984	0.0121328	1101.19	6.66167	
0.0-1.2	6.5-30.0	20.0-30.0	0.000-1.571	0.008	0.105	3170.0	3168.0	2104.28	50.6054	1063.81	38.993	0.187671	0.120677	-0.05	0.0	0.536058	0.0	3.0924	0.0	0.0211098	0.0	0.0322524	0.00160429	0.03	0.0	1.492	0.0	5.0	0.0	1.733	0.0	0.0268604	0.000446855	1.16782e-05	0.000130175	0.296144	0.0136088	0.282557	0.0	0.00228371	0.0	0.00134797	0.000863542	1.58042	0.0	0.817428	0.0250634	0.529731	0.00216	1.0	1.11985	0.362135	0.00242613	0.0461548	0.000308991	0.207375	0.00106956	0.0362256	5.20845	-6086.7	4.0	2.29966e-06	-25434.0	4.0	1.68539e-05	1.0	1452.46	44.6805	651.819	31.9683	0.309758	0.0132403	1088.64	6.75092	
0.0-1.2	6.5-30.0	30.0-40.0	0.000-1.571	0.008	0.064	1966.0	1964.0	1430.68	41.5948	533.131	28.8541	-0.517755	0.173166	-0.05	0.0	0.536058	0.0	3.0924	0.0	0.0211098	0.0	0.0367597	0.00232343	0.03	0.0	1.492	0.0	5.0	0.0	1.733	0.0	0.0294244	0.000673331	1.32366e-05	0.000329048	0.353298	0.0194048	0.282557	0.0	0.00228371	0.0	-0.00113137	0.00108399	1.58042	0.0	0.833651	0.0289659	0.589895	0.0877984	1.0	0.765496	0.424257	0.0771793	0.0672328	0.0140293	0.196934	0.0229027	0.0200005	5.64947	-4056.51	4.0	3.8621e-07	-15092.0	4.0	8.52636e-05	1.0	1006.79	36.4301	423.889	24.9448	0.296284	0.0151591	1097.43	7.89319	
0.0-1.2	6.5-30.0	40.0-50.0	0.000-1.571	0.016	0.048	1320.0	1304.0	1056.08	34.4701	247.876	19.4946	-0.205537	0.253624	-0.05	0.0	0.536058	0.0	3.0924	0.0	0.0211098	0.0	0.0345649	0.00215227	0.03	0.0	1.492	0.0	5.0	0.0	1.733	0.0	0.0281632	0.000612749	1.43354e-05	8.22848e-05	0.372377	0.0201963	0.282557	0.0	0.00228371	0.0	-0.00259127	0.00134431	1.58042	0.0	0.787562	0.0380068	0.773943	0.249142	0.644562	0.245958	4.51489e-06	0.186259	0.0156733	0.0131455	0.42155	0.0584375	0.0236309	0.0118965	-2562.26	4.0	4.8886e-06	-9734.63	4.0	7.13224e-06	1.0	634.555	28.6438	421.524	24.0996	0.399141	0.0187356	1072.73	10.0095	
0.0-1.2	6.5-30.0	50.0-100.0	0.000-1.571	0.008	0.056	1188.0	1185.0	1044.72	33.7672	140.398	15.357	-0.255619	0.341077	-0.05	0.0	0.536058	0.0	3.0924	0.0	0.0211098	0.0	0.0299311	0.00194936	0.03	0.0	1.492	0.0	5.0	0.0	1.733	0.0	0.0255834	0.00052904	1.34486e-05	0.000306561	0.417665	0.025435	0.282557	0.0	0.00228371	0.0	0.000558748	0.00113138	1.58042	0.0	0.754354	0.0342672	0.985137	0.0271983	1.0	7.70768	0.365596	0.019519	0.007423	0.0125086	0.219235	0.00912303	0.0242865	58.4529	-2985.07	4.0	1.42677e-07	-9112.51	4.0	5.21827e-05	1.0	713.205	29.296	331.517	21.0161	0.317325	0.0173054	1055.47	8.7855	
0.0-2.4	10.0-13.0	0.0-100.0	0.000-1.571	0.008	0.136	6077.0	6076.0	4496.97	75.4206	1579.32	52.6363	-0.558611	0.104894	-0.05	0.0	0.348147	0.0708413	3.09205	0.000589248	0.0208481	0.00180126	0.0410304	0.00224687	0.03	0.0	1.492	0.0	5.0	0.0	1.733	0.0	0.0353371	0.00107191	1.25623e-05	9.06713e-05	0.240472	0.0076373	0.0553454	0.0788853	0.000212513	0.0144851	0.000124886	0.000543507	2.09412	0.553674	0.917113	0.0161988	0.667658	0.044687	0.901687	0.160195	0.225962	0.0919177	0.0402647	0.0150862	0.193618	0.0147104	0.0977788	0.0560736	-12142.8	4.0	2.69956e-06	-52814.1	7.0	8.03536e-05	1.0	3059.17	67.6865	1437.81	50.305	0.319727	0.00981741	1018.46	75.8292	
0.0-2.4	10.0-30.0	0.0-100.0	0.000-1.571	0.004	0.144	9364.0	9363.0	7010.19	94.1191	2353.02	64.8135	-0.575691	0.0865104	-0.05	0.0	0.40497	0.0567367	3.0927	0.000464705	0.0217276	0.00132538	0.0430615	0.00206444	0.03	0.0	1.492	0.0	5.0	0.0	1.733	0.0	0.0359798	0.000929272	1.0177e-05	0.00195203	0.226932	0.00564728	0.0477214	0.0592155	-0.000892962	0.00748279	-0.000433439	0.000415107	2.03646	0.461587	0.937253	0.0132977	0.814725	0.0660302	0.859153	0.154931	0.293035	0.0951405	0.0621064	0.0111683	0.20302	0.01036	0.0312433	0.0218549	-19134.0	4.0	4.83767e-07	-85642.0	7.0	0.000113306	1.0	4613.27	83.9189	2396.92	65.1283	0.341919	0.00807711	1017.07	52.7638	
0.0-2.4	11.0-13.0	0.0-100.0	0.000-1.571	0.008	0.105	3144.0	3143.0	2385.45	54.5282	757.584	36.6814	-0.727035	0.153802	-0.05	0.0	0.425089	0.0894546	3.09254	0.000816306	0.0219528	0.00208498	0.0460574	0.00407804	0.03	0.0	1.492	0.0	5.0	0.0	1.733	0.0	0.0377413	0.0017483	4.93653e-05	0.000238442	0.256889	0.0106922	0.0328637	0.0389686	-0.000371389	0.0145275	0.000617884	0.000750258	2.53131	0.734887	0.94171	0.0231741	0.788878	0.0811171	0.636395	0.0626155	3.7838e-06	0.0947452	0.0697304	0.0178037	0.205846	0.0159277	0.0200001	0.00887118	-6202.82	4.0	5.49607e-07	-25335.0	7.0	2.1542e-06	1.0	1564.62	48.1975	820.834	37.362	0.3441	0.0135441	1033.56	60.7189	
0.0-2.4	13.0-16.0	0.0-100.0	0.000-1.571	0.008	0.08	1963.0	1958.0	1547.04	44.1478	410.977	28.5123	-0.428744	0.211121	-0.05	0.0	0.562486	0.100393	3.09384	0.000991383	0.0243105	0.00258307	0.055107	0.0064582	0.03	0.0	1.492	0.0	5.0	0.0	1.733	0.0	0.0407561	0.00247088	1.00002e-05	0.000966722	0.243237	0.0133222	0.0326157	0.0670782	-0.00999634	0.0183094	0.00161537	0.000902239	1.86063	0.773549	1.00393	0.0294495	0.946606	0.171967	0.676134	0.214756	0.113231	0.0639662	0.0469055	0.0294934	0.18547	0.0218446	0.0416863	0.0107385	-4231.34	4.0	1.04527e-05	-14987.9	7.0	1.15359e-06	1.0	1060.3	39.7717	486.732	29.3117	0.314622	0.0166847	1043.03	47.4463	
0.0-2.4	13.0-30.0	0.0-100.0	0.000-1.571	0.008	0.105	3287.0	3287.0	2517.26	56.2079	769.67	37.5745	-0.616748	0.151487	-0.05	0.0	0.499565	0.0800858	3.09396	0.000753287	0.0229457	0.00180158	0.0475313	0.00387134	0.03	0.0	1.492	0.0	5.0	0.0	1.733	0.0	0.0373312	0.00156883	2.10356e-05	0.0045896	0.206452	0.0082623	0.0347602	0.122355	-0.00537756	0.015369	-0.0003851	0.000646603	1.80759	0.989032	0.963438	0.0231453	0.844298	0.119499	0.917987	0.208	0.360435	0.0729646	0.0427401	0.0129135	0.222059	0.019438	0.0407926	0.0285498	-7005.77	4.0	2.08541e-05	-26766.4	7.0	1.43246e-05	1.0	1557.25	49.3914	960.016	41.109	0.381373	0.0139348	1004.75	78.3738	
0.0-2.4	16.0-30.0	0.0-100.0	0.000-1.571	0.008	0.064	1324.0	1322.0	975.206	34.9381	346.813	24.3366	-0.840852	0.224316	-0.05	0.0	0.268291	0.174663	3.09438	0.00126027	0.0203318	0.00388469	0.0350338	0.00431246	0.03	0.0	1.492	0.0	5.0	0.0	1.733	0.0	0.0317645	0.00209556	5.46616e-05	1.05755	0.180374	0.0105549	0.461092	0.573416	0.00155876	0.00498774	-0.00323511	0.00122522	1.33655	0.440517	0.7414	0.0433408	0.707098	0.847425	0.962936	0.0677688	0.355638	0.673638	0.00708854	0.0100394	0.267269	0.0296777	0.0615738	0.0565828	-2801.9	4.0	1.02497e-06	-9515.25	7.0	1.39079e-06	1.0	545.945	28.8228	429.261	26.1668	0.440175	0.0217088	1058.26	211.15	
0.0-2.4	6.5-30.0	0.0-10.0	0.000-1.571	0.008	0.136	18508.0	18484.0	8443.46	110.087	10041.8	117.12	-0.0703923	0.0389651	-0.05	0.0	0.384995	0.0	3.09249	0.0	0.0485836	0.0	0.0256457	0.000591059	0.03	0.0	1.492	0.0	5.0	0.0	1.733	0.0	0.0362384	0.000128625	3.37928e-05	7.02542e-05	0.227559	0.00606568	0.17037	0.0	0.00383435	0.0	0.00187978	0.000443412	1.75411	0.0	0.982352	0.0117669	0.813072	0.266333	0.389351	0.117755	0.534413	0.0561865	0.029954	0.0278237	0.21669	0.0140624	0.102155	0.00782712	-26038.1	4.0	4.71722e-05	-171810.0	4.0	8.40742e-05	1.0	6043.19	102.447	2400.27	72.5715	0.284275	0.00775476	1151.01	4.16589	
0.0-2.4	6.5-30.0	0.0-100.0	0.000-1.571	0.004	0.152	47149.0	47135.0	26339.4	215.965	20795.6	202.519	-0.154961	0.0280896	-0.05	0.0	0.384995	0.0324899	3.09249	0.000262703	0.0485836	0.00164578	0.0253904	0.000552356	0.03	0.0	1.492	0.0	5.0	0.0	1.733	0.0	0.0361276	0.000586981	1.79985e-05	0.004591	0.263522	0.00379655	0.17037	0.071026	0.00383435	0.00270686	0.00199923	0.000249507	1.75411	0.130378	0.9274	0.00660864	0.569278	0.0303129	0.928581	0.0160845	0.490392	0.0249015	0.054707	0.00460501	0.176016	0.00638229	0.282489	0.0456448	-74763.0	4.0	4.28048e-07	-489766.0	7.0	1.02108e-05	1.0	19001.8	188.605	7337.57	122.136	0.278578	0.00403543	1112.54	39.5433	
0.0-2.4	6.5-30.0	0.0-5.0	0.000-1.571	0.008	0.152	10157.0	10150.0	4584.4	81.6875	5566.42	87.4905	0.0400713	0.0522892	-0.05	0.0	0.384995	0.0	3.09249	0.0	0.0485836	0.0	0.0252142	0.000843252	0.03	0.0	1.492	0.0	5.0	0.0	1.733	0.0	0.0360517	0.000181353	1.79985e-05	0.004591	0.223796	0.0080618	0.17037	0.0	0.00383435	0.0	0.00452292	0.000617038	1.75411	0.0	1.00832	0.0167365	0.504112	0.117932	0.722153	0.0671463	0.489719	0.0902468	0.0307511	0.0117883	0.156065	0.012119	0.153476	0.0185153	-14152.7	4.0	6.69317e-07	-88205.1	4.0	6.9349e-05	1.0	3284.57	76.1157	1299.83	53.8954	0.283534	0.0106153	1169.49	5.98578	
0.0-2.4	6.5-30.0	10.0-15.0	0.000-1.571	0.008	0.152	6074.0	6072.0	3107.86	65.3372	2964.04	64.2271	-0.167016	0.0719353	-0.05	0.0	0.384995	0.0	3.09249	0.0	0.0485836	0.0	0.0252393	0.000901921	0.03	0.0	1.492	0.0	5.0	0.0	1.733	0.0	0.0360625	0.000194106	1.79985e-05	0.004591	0.264493	0.0109607	0.17037	0.0	0.00383435	0.0	0.00432624	0.000731376	1.75411	0.0	0.933527	0.0192504	0.398879	0.043729	0.869237	0.0528705	0.31341	0.0700138	0.0307989	0.00540012	0.156786	0.0144783	0.15209	0.0382817	-9129.13	4.0	7.34446e-05	-50166.4	4.0	3.19471e-06	1.0	2221.77	59.6807	886.087	41.5583	0.285112	0.0119533	1116.79	6.67499	
0.0-2.4	6.5-30.0	10.0-20.0	0.000-1.571	0.008	0.16	11014.0	11012.0	5911.33	89.064	5100.33	84.388	-0.163403	0.0549019	-0.05	0.0	0.384995	0.0	3.09249	0.0	0.0485836	0.0	0.0256467	0.000674332	0.03	0.0	1.492	0.0	5.0	0.0	1.733	0.0	0.0362388	0.000146751	1.00282e-05	0.000232918	0.255152	0.00768936	0.17037	0.0	0.00383435	0.0	0.00221758	0.000546944	1.75411	0.0	0.938601	0.0143359	0.454167	0.0241644	0.884749	0.0243373	0.351462	0.0469952	0.0346067	0.00438466	0.151836	0.0111651	0.263596	0.0363541	-16803.9	4.0	1.15475e-05	-97964.9	4.0	1.17964e-05	1.0	4198.63	81.8821	1712.7	58.0414	0.289731	0.00879492	1120.31	4.98221	
0.0-2.4	6.5-30.0	15.0-20.0	0.000-1.571	0.008	0.16	4939.0	4939.0	2799.66	60.3949	2139.42	54.6528	-0.15711	0.0848615	-0.05	0.0	0.384995	0.0	3.09249	0.0	0.0485836	0.0	0.0260884	0.000987367	0.03	0.0	1.492	0.0	5.0	0.0	1.733	0.0	0.0364322	0.000217415	1.00282e-05	0.000232918	0.247236	0.0107144	0.17037	0.0	0.00383435	0.0	-0.00204937	0.000817858	1.75411	0.0	0.954899	0.0209751	0.725123	0.0771557	0.832481	0.0487929	0.507224	0.0523719	0.0582521	0.0167655	0.147177	0.01644	0.343966	0.060285	-7707.66	4.0	1.30612e-07	-40225.0	4.0	7.4397e-05	1.0	1967.68	56.1239	831.98	40.8686	0.297171	0.0131147	1131.68	7.34165	
0.0-2.4	6.5-30.0	20.0-25.0	0.000-1.571	0.008	0.136	4203.0	4199.0	2511.39	56.2597	1687.36	48.387	-0.268438	0.0959315	-0.05	0.0	0.384995	0.0	3.09249	0.0	0.0485836	0.0	0.0244828	0.000894683	0.03	0.0	1.492	0.0	5.0	0.0	1.733	0.0	0.0357403	0.000188461	3.37928e-05	7.02542e-05	0.254774	0.0124693	0.17037	0.0	0.00383435	0.0	0.00202054	0.000747659	1.75411	0.0	0.836756	0.0195748	0.497831	0.131528	0.562489	0.172837	0.20488	0.105737	0.0421776	0.0107687	0.200675	0.0222349	0.0428567	0.011717	-7495.94	4.0	3.6488e-05	-33801.1	4.0	2.56591e-05	1.0	1888.79	52.2111	622.594	33.6183	0.247909	0.01218	1051.23	6.46328	
0.0-2.4	6.5-30.0	20.0-30.0	0.000-1.571	0.008	0.136	7702.0	7695.0	4715.23	76.6795	2979.35	64.3759	-0.183357	0.0721657	-0.05	0.0	0.384995	0.0	3.09249	0.0	0.0485836	0.0	0.0246588	0.00064847	0.03	0.0	1.492	0.0	5.0	0.0	1.733	0.0	0.0358146	0.000137294	3.37928e-05	7.02542e-05	0.262485	0.00891115	0.17037	0.0	0.00383435	0.0	0.00183565	0.000562616	1.75411	0.0	0.859181	0.0148418	0.52007	0.0979112	0.700167	0.169228	0.310897	0.0998536	0.0436708	0.00783874	0.1811	0.0143122	0.0379679	0.0152355	-13666.4	4.0	2.6743e-06	-66805.3	4.0	6.28431e-05	1.0	3437.31	70.7349	1277.92	48.07	0.271019	0.0091927	1066.13	4.96152	
0.0-2.4	6.5-30.0	25.0-30.0	0.000-1.571	0.008	0.136	3499.0	3495.0	2203.14	52.0879	1291.63	42.4477	-0.0713561	0.109577	-0.05	0.0	0.384995	0.0	3.09249	0.0	0.0485836	0.0	0.0248454	0.000933516	0.03	0.0	1.492	0.0	5.0	0.0	1.733	0.0	0.0358938	0.000198699	3.37928e-05	7.02542e-05	0.269254	0.0126361	0.17037	0.0	0.00383435	0.0	0.00131188	0.000855051	1.75411	0.0	0.89279	0.0225434	0.593898	0.315966	0.896119	3.10425	0.476978	1.3251	0.0465513	0.0264584	0.163565	0.0341235	0.0203571	1.6967	-6176.59	4.0	6.07832e-05	-27698.0	4.0	2.68815e-05	1.0	1545.93	47.7351	657.206	34.412	0.298305	0.0139366	1088.8	7.66788	
0.0-2.4	6.5-30.0	30.0-35.0	0.000-1.571	0.008	0.12	2661.0	2658.0	1617.21	45.432	1040.57	38.5676	-0.307405	0.122375	-0.05	0.0	0.384995	0.0	3.09249	0.0	0.0485836	0.0	0.025138	0.00122959	0.03	0.0	1.492	0.0	5.0	0.0	1.733	0.0	0.0360189	0.000263882	3.63218e-05	5.72307e-05	0.222584	0.0151087	0.17037	0.0	0.00383435	0.0	0.00168418	0.000985332	1.75411	0.0	0.912446	0.0253367	0.541607	0.0630618	0.98676	0.976973	0.485708	0.110006	0.0534429	0.00897053	0.214772	0.0241933	0.0415743	0.26948	-4843.44	4.0	6.59113e-06	-20195.2	4.0	2.15446e-05	1.0	1250.11	43.4363	367.096	27.5629	0.226994	0.0158056	1102.24	8.70034	
0.0-2.4	6.5-30.0	30.0-40.0	0.000-1.571	0.008	0.12	4640.0	4636.0	3030.56	60.8991	1605.05	47.7834	-0.296475	0.0987801	-0.05	0.0	0.384995	0.0	3.09249	0.0	0.0485836	0.0	0.0244762	0.000812708	0.03	0.0	1.492	0.0	5.0	0.0	1.733	0.0	0.0357375	0.00017116	3.63218e-05	5.72307e-05	0.274471	0.0120175	0.17037	0.0	0.00383435	0.0	0.00182454	0.000712384	1.75411	0.0	0.863896	0.018421	0.604475	0.0415546	0.7517	0.266016	0.339267	0.217169	0.0696726	0.00890397	0.207197	0.0163912	0.0200001	0.0444028	-8584.47	4.0	3.55713e-05	-38244.3	4.0	5.06548e-05	1.0	2255.03	56.8533	775.533	37.7059	0.255904	0.0113294	1069.29	6.17353	
0.0-2.4	6.5-30.0	35.0-40.0	0.000-1.571	0.008	0.12	1978.0	1978.0	1408.89	40.5606	569.04	28.3795	-0.274864	0.166421	-0.05	0.0	0.384995	0.0	3.09249	0.0	0.0485836	0.0	0.0237278	0.00109507	0.03	0.0	1.492	0.0	5.0	0.0	1.733	0.0	0.0354257	0.000225543	3.63218e-05	5.72307e-05	0.314615	0.0182429	0.17037	0.0	0.00383435	0.0	0.00214059	0.00102349	1.75411	0.0	0.815733	0.0263484	0.999997	0.658415	0.318221	0.0721045	0.393175	0.0556094	0.0972334	1.76674	0.264592	0.0444837	0.0849153	0.0122121	-3781.52	4.0	3.71568e-05	-14904.3	4.0	5.57915e-06	1.0	991.469	36.9272	417.418	26.3305	0.296275	0.016629	1037.43	8.59404	
0.0-2.4	6.5-30.0	40.0-45.0	0.000-1.571	0.008	0.12	1480.0	1478.0	1075.9	35.3977	402.041	24.0664	-0.308317	0.198516	-0.05	0.0	0.384995	0.0	3.09249	0.0	0.0485836	0.0	0.0232234	0.00116539	0.03	0.0	1.492	0.0	5.0	0.0	1.733	0.0	0.0352196	0.000236299	3.63218e-05	5.72307e-05	0.230167	0.0177606	0.17037	0.0	0.00383435	0.0	-0.00069765	0.00119834	1.75411	0.0	0.83095	0.0325722	0.597645	0.125085	0.535455	0.130853	0.0360396	0.108909	0.0271614	0.0110976	0.435768	0.0671821	0.0507095	0.0139717	-3026.13	4.0	1.29951e-06	-10763.1	4.0	4.09787e-06	1.0	816.352	33.5039	259.545	21.7727	0.241236	0.0186154	1047.4	10.7192	
0.0-2.4	6.5-30.0	40.0-50.0	0.000-1.571	0.008	0.136	2771.0	2768.0	2094.77	49.0064	673.192	31.3055	-0.808489	0.156929	-0.05	0.0	0.384995	0.0	3.09249	0.0	0.0485836	0.0	0.0266971	0.000903372	0.03	0.0	1.492	0.0	5.0	0.0	1.733	0.0	0.0367024	0.000202062	3.37928e-05	7.02542e-05	0.316755	0.0140178	0.17037	0.0	0.00383435	0.0	-0.00143019	0.000869285	1.75411	0.0	0.789995	0.023906	0.647425	0.22324	0.613367	0.202953	4.27928e-05	0.687542	0.0313791	0.00824207	0.32455	0.0318238	0.0386295	0.0100915	-5154.18	4.0	9.62407e-07	-21977.9	4.0	1.83436e-06	1.0	1411.32	43.4997	683.455	32.5229	0.326267	0.0135199	1020.77	7.67461	
0.0-2.4	6.5-30.0	45.0-50.0	0.000-1.571	0.008	0.136	1290.0	1289.0	1018.03	33.8165	270.924	19.9124	-1.58898	0.262461	-0.05	0.0	0.384995	0.0	3.09249	0.0	0.0485836	0.0	0.0298988	0.00141725	0.03	0.0	1.492	0.0	5.0	0.0	1.733	0.0	0.0381904	0.000341189	3.37928e-05	7.02542e-05	0.365138	0.0196271	0.17037	0.0	0.00383435	0.0	-0.00337806	0.00126507	1.75411	0.0	0.734071	0.0350828	0.80462	0.192084	0.66047	0.200726	6.40418e-05	0.743405	0.0297908	0.0180278	0.233064	0.0305844	0.027831	0.0137035	-2197.21	4.0	2.85176e-06	-9312.39	4.0	5.83028e-06	1.0	579.981	28.0769	438.047	25.0774	0.43029	0.0200625	985.529	10.8397	
0.0-2.4	6.5-30.0	5.0-10.0	0.000-1.571	0.008	0.112	8350.0	8317.0	3859.12	73.8607	4458.26	77.81	-0.196968	0.0585834	-0.05	0.0	0.384995	0.0	3.09249	0.0	0.0485836	0.0	0.0261048	0.000831156	0.03	0.0	1.492	0.0	5.0	0.0	1.733	0.0	0.0364394	0.000183096	3.69703e-05	0.0265992	0.233373	0.00924961	0.17037	0.0	0.00383435	0.0	0.00140245	0.000639199	1.75411	0.0	0.933776	0.0171814	0.397886	0.771766	0.425056	0.330533	0.275781	0.399785	0.00704768	0.00675433	0.288673	0.0270043	0.083722	0.00575101	-11890.3	4.0	1.16208e-07	-70737.4	4.0	1.83792e-05	1.0	2767.1	68.2059	1092.02	47.7921	0.282971	0.0111372	1116.96	5.95825	
0.0-2.4	6.5-30.0	50.0-100.0	0.000-1.571	0.008	0.088	2512.0	2497.0	2096.3	48.2427	400.604	25.1345	-0.478737	0.203846	-0.05	0.0	0.384995	0.0	3.09249	0.0	0.0485836	0.0	0.0239838	0.000923784	0.03	0.0	1.492	0.0	5.0	0.0	1.733	0.0	0.0355316	0.000191744	3.69533e-05	0.0259228	0.33667	0.0168927	0.17037	0.0	0.00383435	0.0	0.00273364	0.000862048	1.75411	0.0	0.858462	0.0237515	0.801464	0.79198	1.0	0.0268602	0.305575	0.352364	0.02199	0.0313508	0.248983	0.0254203	0.175306	14.6487	-5551.38	4.0	7.27479e-07	-20123.5	4.0	3.75984e-06	1.0	1558.33	44.4002	537.975	28.9579	0.25663	0.0124876	1065.65	7.9369	
0.0-2.4	6.5-30.0	50.0-55.0	0.000-1.571	0.008	0.08	858.0	848.0	691.507	27.9815	156.493	15.7465	-0.343332	0.323005	-0.05	0.0	0.384995	0.0	3.09249	0.0	0.0485836	0.0	0.0277386	0.00183565	0.03	0.0	1.492	0.0	5.0	0.0	1.733	0.0	0.0371744	0.000421191	1.00002e-05	2.73951e-05	0.179792	0.0194936	0.17037	0.0	0.00383435	0.0	0.00212378	0.00168809	1.75411	0.0	0.927193	0.0497934	0.514921	0.315114	0.957434	0.98097	0.000633475	1.20202	0.0257401	0.0191173	0.212738	0.0395601	0.0204	3.09074	-1978.62	4.0	2.83571e-07	-5830.5	4.0	2.77174e-05	1.0	539.677	28.2922	151.83	19.0081	0.219565	0.0260125	1112.4	17.2161	
0.0-2.4	6.5-30.0	50.0-60.0	0.000-1.571	0.008	0.08	1392.0	1380.0	1142.7	35.8556	237.166	19.4981	-0.462952	0.264724	-0.05	0.0	0.384995	0.0	3.09249	0.0	0.0485836	0.0	0.0279211	0.00145053	0.03	0.0	1.492	0.0	5.0	0.0	1.733	0.0	0.0372583	0.000334261	1.00002e-05	2.73951e-05	0.177437	0.0144182	0.17037	0.0	0.00383435	0.0	0.00272951	0.00124191	1.75411	0.0	0.878162	0.0347181	0.679484	0.817704	0.720456	0.846854	0.012257	0.72772	0.0203864	0.0235991	0.300392	0.0450652	0.0200008	0.0757897	-3223.73	4.0	1.4579e-05	-10195.0	4.0	2.46629e-05	1.0	873.125	35.7583	269.577	24.4872	0.235912	0.0201101	1078.89	11.7222	
0.0-2.4	6.5-30.0	55.0-60.0	0.000-1.571	0.008	0.073	534.0	529.0	449.419	22.3404	79.5683	11.369	-0.718627	0.463961	-0.05	0.0	0.384995	0.0	3.09249	0.0	0.0485836	0.0	0.0280353	0.00225349	0.03	0.0	1.492	0.0	5.0	0.0	1.733	0.0	0.037311	0.000520681	3.34445e-05	6.9324e-05	0.178759	0.0215468	0.17037	0.0	0.00383435	0.0	0.00430981	0.00177836	1.75411	0.0	0.810032	0.0471518	0.585049	0.373576	0.999997	0.0778471	0.0825616	0.790548	0.00705856	3.08535e-08	0.430579	0.0957024	0.10488	3.37759	-1249.92	4.0	3.61314e-07	-3427.45	4.0	1.62176e-06	1.0	334.19	21.721	115.229	15.1208	0.256395	0.0311378	1033.72	15.3268	
0.0-2.4	6.5-30.0	60.0-100.0	0.000-1.571	0.008	0.088	1119.0	1113.0	948.95	32.1966	164.105	15.868	-0.510818	0.317015	-0.05	0.0	0.384995	0.0	3.09249	0.0	0.0485836	0.0	0.0187868	0.00104511	0.03	0.0	1.492	0.0	5.0	0.0	1.733	0.0	0.0335528	0.000179943	3.69533e-05	0.0259228	0.444406	0.0284113	0.17037	0.0	0.00383435	0.0	0.00204917	0.0011995	1.75411	0.0	0.785426	0.0317232	0.831858	0.0204255	1.0	7.22833	0.235052	0.0240055	0.0421156	0.00624712	0.197179	0.00777146	0.14998	24.2963	-2402.36	4.0	1.98775e-05	-8195.56	4.0	6.58243e-06	1.0	646.316	27.9925	302.634	20.2026	0.318915	0.0183347	1017.84	10.1544	
0.0-2.4	6.5-30.0	60.0-70.0	0.000-1.571	0.008	0.088	766.0	761.0	660.22	26.6714	100.801	12.3271	-0.593234	0.404439	-0.05	0.0	0.384995	0.0	3.09249	0.0	0.0485836	0.0	0.0161369	0.00103143	0.03	0.0	1.492	0.0	5.0	0.0	1.733	0.0	0.0326937	0.000156547	3.69533e-05	0.0259228	0.498099	0.0352903	0.17037	0.0	0.00383435	0.0	0.00209866	0.00148536	1.75411	0.0	0.792509	0.038637	0.999974	0.00636791	1.0	11.7534	0.499066	0.0054864	0.00715812	1.04371	0.228746	0.00282642	0.0205229	66.8479	-1617.57	4.0	0.000143426	-5385.92	4.0	1.29364e-06	1.0	420.563	22.4314	239.657	17.5569	0.362996	0.0221839	1022.39	12.4236	
0.0-2.4	6.5-30.0	70.0-100.0	0.000-1.571	0.016	0.073	353.0	349.0	286.629	17.9587	62.3475	9.91228	-0.387351	0.508079	-0.05	0.0	0.384995	0.0	3.09249	0.0	0.0485836	0.0	0.0256314	0.00262769	0.03	0.0	1.492	0.0	5.0	0.0	1.733	0.0	0.0362321	0.000571612	3.69173e-05	0.0282483	0.223289	0.0323991	0.17037	0.0	0.00383435	0.0	0.00166209	0.00219803	1.75411	0.0	0.826494	0.059217	0.801837	0.115277	0.999997	0.689557	1.19738e-05	0.159924	0.0447344	0.0366939	0.156106	0.0337492	0.0630677	9.34141	-808.722	4.0	1.08593e-05	-2106.08	4.0	1.30474e-05	1.0	217.314	17.0563	69.3149	11.1531	0.241828	0.0358399	1044.47	19.4376	
0.0-2.4	6.5-7.5	0.0-100.0	0.000-1.571	0.016	0.16	18702.0	18697.0	7982.68	127.812	10713.7	137.978	-0.039685	0.0380974	-0.05	0.0	0.641342	0.0295711	3.08989	0.000567144	0.03	0.00425121	0.07	0.00931595	0.03	0.0	1.492	0.0	5.0	0.0	1.733	0.0	0.048318	0.00263605	8.17783e-05	0.000350179	0.246422	0.00820477	0.206936	0.0943215	0.00999971	0.0031414	0.00357691	0.000479559	1.88995	0.200823	0.946577	0.0106975	0.465342	0.0275218	0.865904	0.0300305	0.561189	0.037274	0.0561059	0.00624762	0.130854	0.0121685	0.271059	0.0313236	-25720.8	4.0	3.89705e-05	-172645.0	7.0	4.3106e-05	1.0	6363.76	117.537	1618.92	64.0706	0.202804	0.00734003	1204.06	61.816	
0.0-2.4	6.5-8.0	0.0-100.0	0.000-1.571	0.016	0.16	25023.0	25017.0	11112.7	129.0	13904.5	139.396	-0.0653104	0.0345614	-0.05	0.0	0.430395	0.0514512	3.09096	0.000452465	0.045	0.000339795	0.0284087	0.00113117	0.03	0.0	1.492	0.0	5.0	0.0	1.733	0.0	0.0364863	0.000505384	2.99332e-05	0.00458551	0.291963	0.00715786	0.247328	0.092515	0.00999999	0.0035556	0.00310237	0.000415807	1.76918	0.144226	0.908399	0.00956336	0.478543	0.0447793	0.85763	0.0318969	0.539169	0.0368082	0.054257	0.00655267	0.146867	0.00969462	0.235593	0.0296379	-34610.1	4.0	4.36886e-05	-239531.0	7.0	6.65526e-06	1.0	8527.23	119.311	2585.47	73.0574	0.232659	0.00599384	1181.2	52.5168	
0.0-2.4	7.5-8.5	0.0-100.0	0.000-1.571	0.008	0.145	10979.0	10974.0	6387.82	99.9041	4586.38	90.4366	-0.193108	0.0608216	-0.05	0.0	0.531563	0.0668985	3.09053	0.000523176	0.0254137	0.00127135	0.0495737	0.00356463	0.03	0.0	1.492	0.0	5.0	0.0	1.733	0.0	0.038659	0.00134531	8.73167e-05	0.000503063	0.330586	0.00933974	0.23764	0.117549	0.00999999	0.0168022	0.0022703	0.000569315	1.61931	0.149835	0.879466	0.0148871	0.4961	0.0551192	0.876588	0.0615872	0.413811	0.0554273	0.045888	0.00710273	0.190206	0.0122197	0.168749	0.0442832	-17060.3	4.0	9.43557e-07	-98429.4	7.0	1.32474e-05	1.0	4601.79	87.6798	1786.03	57.3427	0.2796	0.00783979	1101.27	56.0317	
0.0-2.4	8.0-10.0	0.0-100.0	0.000-1.571	0.008	0.152	12761.0	12757.0	8094.28	108.731	4663.19	91.5929	-0.172391	0.0590371	-0.05	0.0	0.471458	0.046056	3.09318	0.00042945	0.0453865	0.0017902	0.0214579	0.00100803	0.03	0.0	1.492	0.0	5.0	0.0	1.733	0.0	0.0348502	0.000779876	8.77568e-05	0.000222665	0.270381	0.00687182	0.22052	0.162925	0.000482536	0.00445097	0.00251619	0.000480446	1.61158	0.193917	0.888178	0.0130736	0.591214	0.128601	0.719683	0.120494	0.392495	0.0972439	0.0329611	0.0104069	0.256808	0.0155715	0.0748504	0.0147546	-22342.4	4.0	5.35863e-07	-117981.0	7.0	3.02864e-05	1.0	5773.96	96.5759	2320.31	65.441	0.286661	0.00710891	1089.79	74.7329	
0.0-2.4	8.5-9.5	0.0-100.0	0.000-1.571	0.008	0.12	5947.0	5939.0	3812.65	73.966	2126.44	61.4859	-0.195104	0.0870807	-0.05	0.0	0.486468	0.0659639	3.0942	0.000625087	0.0436818	0.0024692	0.0221508	0.00125341	0.03	0.0	1.492	0.0	5.0	0.0	1.733	0.0	0.034354	0.00104365	6.95629e-05	0.856416	0.237758	0.00835647	0.195257	0.140777	-0.00999932	0.0168172	0.00187833	0.000702382	1.55521	0.187671	0.892203	0.0189167	0.708882	0.153369	0.745752	0.23397	0.399414	0.102796	0.0457935	0.0158515	0.222108	0.0180587	0.0467132	0.0221159	-10551.4	4.0	1.1851e-06	-50496.3	7.0	3.59806e-06	1.0	2606.86	65.4298	1205.78	47.6505	0.316259	0.0108884	1054.92	60.8409	
0.0-2.4	9.5-11.0	0.0-100.0	0.000-1.571	0.008	0.136	5088.0	5085.0	3575.56	71.8922	1509.67	55.6936	-0.308667	0.106404	-0.05	0.0	0.35879	0.0762976	3.09238	0.000643267	0.0474862	0.00358704	0.0243122	0.00153136	0.03	0.0	1.492	0.0	5.0	0.0	1.733	0.0	0.0344682	0.00132426	1.00134e-05	0.000394123	0.256505	0.0100313	0.411816	0.288493	0.0022233	0.00388478	0.00088372	0.000746576	1.51553	0.180886	0.728384	0.0214201	0.580352	0.261143	0.652636	0.115129	0.130493	0.254973	0.0126948	0.0177599	0.263273	0.0212284	0.0656826	0.0122084	-9811.06	4.0	4.91935e-07	-42982.4	7.0	8.00827e-05	1.0	2579.83	63.8008	995.73	42.1985	0.278482	0.0103891	1121.57	124.3	
0.4-0.8	6.5-30.0	0.0-100.0	0.000-1.571	0.008	0.073	5476.0	5476.0	3669.82	69.6387	1805.88	54.6331	-0.0573335	0.0945375	-0.05	0.0	0.745851	0.0668228	3.09223	0.00046866	0.0219318	0.000746336	0.0374632	0.00392848	0.03	0.0	1.492	0.0	5.0	0.0	1.733	0.0	0.0267479	0.000934291	1.07909e-05	6.48731e-06	0.33879	0.0111861	0.164736	0.163076	-0.00113548	0.00593586	-0.000863211	0.000612086	1.82366	0.359661	0.925974	0.0183973	0.734705	0.0628102	0.909795	0.0330885	0.488321	0.047723	0.0654422	0.0190104	0.200951	0.0209822	0.536437	0.134615	-10436.3	4.0	2.33455e-06	-47320.2	7.0	4.71419e-05	1.0	2450.5	59.0965	1219.33	43.1908	0.332258	0.00993787	1124.3	101.786	
0.8-1.2	6.5-30.0	0.0-100.0	0.000-1.571	0.008	0.105	9194.0	9190.0	5314.44	93.2954	3875.67	85.2333	0.0771573	0.0669233	-0.05	0.0	0.302857	0.0941032	3.09269	0.000592376	0.0286972	0.00321575	0.0333402	0.00232299	0.03	0.0	1.492	0.0	5.0	0.0	1.733	0.0	0.0320052	0.000973122	3.76156e-05	0.000218351	0.275366	0.00815825	0.510138	0.279061	0.00698866	0.00378923	0.000192164	0.000680666	1.44442	0.131788	0.706314	0.0184496	0.496099	0.0576664	0.818702	0.0499817	0.43227	0.0511092	0.0460358	0.00722548	0.184382	0.0139308	0.217502	0.035379	-14767.4	4.0	5.75515e-06	-80961.5	7.0	5.20315e-06	1.0	3693.71	79.5177	1620.74	54.1104	0.304968	0.00866059	1143.99	105.743	
1.2-1.6	6.5-30.0	0.0-10.0	0.000-1.571	0.008	0.136	5195.0	5187.0	2123.39	57.8517	3063.51	65.4734	0.0516831	0.0704571	-0.05	0.0	0.418242	0.0	3.09163	0.0	0.0484536	0.0	0.032855	0.0016272	0.03	0.0	1.492	0.0	5.0	0.0	1.733	0.0	0.0401237	0.000387573	2.31047e-05	0.000294422	0.256258	0.0125398	0.103775	0.0	0.00999984	0.0	0.00144102	0.000802894	2.09199	0.0	0.874065	0.0215984	0.912241	0.0686298	0.277314	0.0502757	0.290735	0.0774008	0.187718	0.0842116	0.207928	0.0187866	0.0532303	0.00703227	-6482.7	4.0	7.12386e-06	-41146.0	4.0	2.11548e-05	1.0	1424.79	51.6545	698.597	39.0331	0.329001	0.0160489	1067.18	7.92711	
1.2-1.6	6.5-30.0	0.0-100.0	0.000-1.571	0.008	0.136	12497.0	12481.0	6443.57	115.05	6037.05	113.249	-0.0992162	0.0540259	-0.05	0.0	0.418242	0.0932937	3.09163	0.000649029	0.0484536	0.00317592	0.0316508	0.00156342	0.03	0.0	1.492	0.0	5.0	0.0	1.733	0.0	0.0395565	0.00119334	2.31047e-05	0.000294422	0.23075	0.00710392	0.103775	0.0507441	0.00999984	0.0195355	0.0016278	0.000497328	2.09199	0.256609	0.944008	0.0128743	0.761819	0.095375	0.417905	0.0836733	0.331118	0.0841812	0.10563	0.0224373	0.213843	0.0138897	0.0430893	0.00906456	-18568.8	4.0	3.48134e-05	-111792.0	7.0	0.000152853	1.0	4647.06	100.641	1796.51	65.368	0.278807	0.00883929	1119.3	46.94	
1.2-1.6	6.5-30.0	10.0-20.0	0.000-1.571	0.008	0.128	2741.0	2734.0	1402.88	45.0282	1331.11	44.2238	-0.181762	0.107537	-0.05	0.0	0.418242	0.0	3.09163	0.0	0.0484536	0.0	0.0345555	0.00211268	0.03	0.0	1.492	0.0	5.0	0.0	1.733	0.0	0.0409463	0.000518619	2.94195e-05	0.000284662	0.189909	0.011971	0.103775	0.0	0.00999984	0.0	0.00272646	0.0011559	2.09199	0.0	1.06018	0.0286789	0.583888	0.0801939	0.938008	1.22425	0.605285	0.324854	0.100108	0.0192061	0.183292	0.0210837	0.0201783	0.458705	-4090.41	4.0	4.0253e-06	-20280.3	4.0	3.10211e-07	1.0	968.529	42.6795	434.356	32.3962	0.309616	0.0208449	1208.92	11.2701	
1.2-1.6	6.5-30.0	20.0-30.0	0.000-1.571	0.008	0.105	2126.0	2119.0	1245.8	40.0539	873.267	35.0969	-0.167511	0.133257	-0.05	0.0	0.418242	0.0	3.09163	0.0	0.0484536	0.0	0.028832	0.00161691	0.03	0.0	1.492	0.0	5.0	0.0	1.733	0.0	0.0382823	0.000354222	1.00889e-05	0.00459463	0.247045	0.0169608	0.103775	0.0	0.00999984	0.0	4.02262e-05	0.00110344	2.09199	0.0	0.961726	0.0259984	0.460803	0.349079	0.610431	0.739167	0.200715	0.285527	0.0257671	0.00935649	0.148622	0.0226407	0.0247512	0.0119367	-3726.67	4.0	3.61715e-05	-15499.7	4.0	3.53021e-06	1.0	926.595	37.4398	319.208	24.8909	0.256227	0.0182025	1132.74	9.89135	
1.2-1.6	6.5-30.0	30.0-40.0	0.000-1.571	0.008	0.12	1197.0	1196.0	703.497	30.3834	492.432	26.6843	0.0413612	0.176975	-0.05	0.0	0.418242	0.0	3.09163	0.0	0.0484536	0.0	0.0299931	0.00249223	0.03	0.0	1.492	0.0	5.0	0.0	1.733	0.0	0.0387978	0.000560422	1.72747e-05	0.00459133	0.170437	0.0233714	0.103775	0.0	0.00999984	0.0	0.00498213	0.00146273	2.09199	0.0	0.901348	0.0381046	1.0	0.552094	0.260746	0.00198578	0.262591	0.00208302	0.093202	1.44451	0.315164	0.00203589	0.0747556	0.000356034	-2107.75	4.0	8.80679e-06	-8049.52	4.0	1.50326e-05	1.0	575.2	31.3869	128.297	19.9675	0.18237	0.0272685	1087.33	14.1545	
1.2-1.6	6.5-30.0	40.0-50.0	0.000-1.571	0.016	0.064	633.0	618.0	463.417	23.2151	154.522	15.1686	-1.76973	0.358475	-0.05	0.0	0.418242	0.0	3.09163	0.0	0.0484536	0.0	0.0299831	0.00291594	0.03	0.0	1.492	0.0	5.0	0.0	1.733	0.0	0.0387933	0.000655557	2.95545e-05	0.000300613	0.24205	0.0283035	0.103775	0.0	0.00999984	0.0	-0.00396152	0.00210837	2.09199	0.0	1.04835	0.0573277	0.999871	4.23793	1.0	3.44241	0.550362	0.0153969	0.00752875	30.0164	0.226017	0.00834936	0.0541162	10.6678	-1212.51	4.0	9.3009e-06	-3945.88	4.0	4.21388e-05	1.0	345.612	22.5152	117.805	15.5565	0.254209	0.0310598	1199.64	22.4494	
1.2-1.6	6.5-30.0	50.0-100.0	0.000-1.571	0.016	0.073	603.0	597.0	482.567	23.1477	114.435	12.9497	-1.33936	0.391524	-0.05	0.0	0.418242	0.0	3.09163	0.0	0.0484536	0.0	0.0295438	0.00223672	0.03	0.0	1.492	0.0	5.0	0.0	1.733	0.0	0.0385967	0.000498012	1.01642e-05	0.000817577	0.215426	0.0276898	0.103775	0.0	0.00999984	0.0	0.00542265	0.00194941	2.09199	0.0	0.979383	0.0547886	0.851994	0.864934	0.659651	0.820829	2.04343e-06	0.837821	0.0204263	0.0465181	0.334653	0.0602516	0.0200014	0.0918363	-1260.62	4.0	3.38969e-05	-3885.82	4.0	3.57675e-06	1.0	379.258	22.7338	103.309	14.5061	0.214083	0.0282519	1146.22	20.9779	
1.6-2.0	6.5-30.0	0.0-100.0	0.000-1.571	0.008	0.16	11167.0	11162.0	5617.13	113.164	5544.83	112.837	-0.357181	0.0570903	-0.05	0.0	0.537712	0.108354	3.09116	0.000811919	0.0557345	0.00323664	0.0324948	0.00296255	0.03	0.0	1.492	0.0	5.0	0.0	1.733	0.0	0.0464591	0.00165784	2.61437e-05	0.00458725	0.200916	0.00835022	0.462154	0.274076	0.00485629	0.00340939	0.00249991	0.000754758	1.4787	0.146906	0.833982	0.0171029	0.771915	0.847409	0.469819	0.232953	0.57045	0.167128	0.0183648	0.0391217	0.185655	0.0162797	0.0898634	0.0137488	-17009.0	4.0	8.4813e-07	-98106.1	7.0	2.40599e-05	1.0	4524.21	104.5	1092.93	55.6547	0.19457	0.00909966	1176.7	96.7919	
1.6-2.4	3.0-30.0	0.0-100.0	0.000-1.571	0.008	0.264	241355.0	241347.0	43013.1	363.443	198334.0	536.087	0.132343	0.00876968	-0.05	0.0	0.0438958	0.0095257	3.0893	0.000445521	0.0148442	0.00213098	0.052	0.000100117	0.03	0.0	1.89	0.0	5.0	0.0	1.44	0.0	0.050941	0.000126703	1.05692e-05	6.49144e-05	0.225701	0.00485549	0.19593	0.106578	0.00823221	0.0041731	0.00910056	0.000183605	1.71895	0.159922	0.854304	0.00268133	0.518402	0.0131545	0.934385	0.00390449	0.470165	0.0232792	0.0323246	0.00155445	0.0907399	0.00208623	0.316127	0.00999396	-247081.0	4.0	2.84409e-05	-2787300.0	7.0	0.000475975	1.0	36955.6	359.707	6057.53	185.75	0.14083	0.00415126	1079.71	60.3124	
1.6-2.4	3.0-4.5	0.0-100.0	0.000-1.571	0.016	0.264	174039.0	174034.0	22440.5	439.025	151594.0	566.595	0.270283	0.0101242	-0.05	0.0	0.697955	0.0463818	3.08682	0.000777402	0.042744	0.00129664	0.09	0.00287667	0.03	0.0	1.86	0.0	5.0	0.0	1.38	0.0	0.0610063	0.00139027	8.85777e-05	0.0369611	0.228507	0.00826836	0.101357	0.069759	0.0499991	0.0925249	0.0031208	0.000218209	1.84755	0.275177	0.979027	0.00277902	1.0	0.00014941	0.874612	0.00973722	0.738534	0.0247754	0.0141228	8.99794e-08	0.0750772	0.0069165	0.326268	0.016903	-172125.0	4.0	5.59339e-05	-1949410.0	7.0	3.1211e-05	1.0	19869.5	412.038	2570.95	145.591	0.114567	0.00608839	1098.78	45.4899	
1.6-2.4	3.0-5.5	0.0-100.0	0.000-1.571	0.016	0.264	209212.0	209204.0	29741.6	343.368	179462.0	517.292	0.191242	0.00921368	-0.05	0.0	1.97287e-10	0.0106904	3.08888	0.000585507	0.0477977	0.0563194	0.0493521	0.000578332	0.03	0.0	1.86	0.0	5.0	0.0	1.38	0.0	0.0493521	0.000289281	1.55371e-05	0.00459213	0.228464	0.00681371	0.125652	0.0884483	0.0251244	0.0167426	0.00687537	0.000199095	1.92178	0.271466	0.989749	0.00259287	1.0	0.382679	0.846102	0.000241256	0.816673	0.000116317	0.0148698	26.7492	0.104124	6.83286e-05	0.327682	0.000341541	-207492.0	4.0	9.26721e-05	-2382790.0	7.0	4.78829e-05	1.0	26021.9	339.649	3719.76	164.169	0.125069	0.00532764	1149.16	59.5058	
1.6-2.4	3.0-6.5	0.0-10.0	0.000-1.571	0.016	0.264	106955.0	106947.0	11636.9	193.111	95308.5	347.685	0.0559453	0.0125208	-0.05	0.0	0.961608	0.0	3.08937	0.0	0.0508044	0.0	0.0186428	0.00318594	0.03	0.0	1.86	0.0	5.0	0.0	1.38	0.0	0.0499534	2.28242e-05	1.3729e-05	0.00459296	0.232319	0.0109135	0.173641	0.0	0.0248856	0.0	0.00660037	0.000290677	1.74699	0.0	0.977982	0.00394243	1.0	0.276849	0.807624	0.00108987	0.800237	0.000523708	0.399629	15.7683	0.104703	0.000328068	0.340236	0.00133515	-100407.0	4.0	4.73645e-06	-1145120.0	4.0	0.00933567	1.0	10117.4	196.465	1519.51	105.099	0.130577	0.00876769	1149.05	1.38642	
1.6-2.4	3.0-6.5	0.0-100.0	0.000-1.571	0.016	0.264	226215.0	226207.0	32834.8	349.767	193372.0	531.834	0.127154	0.00886146	-0.05	0.0	0.961608	0.00805683	3.08937	0.000525234	0.0508044	0.000690687	0.0127709	0.00218347	0.03	0.0	1.86	0.0	5.0	0.0	1.38	0.0	0.0498825	0.000352197	1.3729e-05	0.00459296	0.229091	0.00602323	0.173641	0.119565	0.0248856	0.0127773	0.00570488	0.000194925	1.74699	0.202734	0.967429	0.00261447	1.0	0.0138969	0.817599	0.0295264	0.806153	0.029833	0.031902	18.0069	0.103491	0.0165264	0.304975	0.0310672	-225812.0	4.0	2.02431e-06	-2595200.0	7.0	0.00284487	1.0	28572.2	342.786	4262.57	164.1	0.129819	0.00480261	1141.65	61.6109	
1.6-2.4	3.0-6.5	0.0-20.0	0.000-1.571	0.016	0.264	184420.0	184412.0	22012.2	257.075	162400.0	454.38	0.120588	0.00959156	-0.05	0.0	0.961608	0.0	3.08937	0.0	0.0508044	0.0	0.01	0.000405727	0.03	0.0	1.86	0.0	5.0	0.0	1.38	0.0	0.0498581	1.5621e-06	1.3729e-05	0.00459296	0.217136	0.00863888	0.173641	0.0	0.0248856	0.0	0.0084551	0.000217972	1.74699	0.0	0.984364	0.00286799	0.890371	0.0472521	1.0	95.4054	0.861475	0.00840243	0.277737	0.0429864	0.163077	0.00960924	0.130445	277.986	-181098.0	4.0	4.66752e-06	-2075910.0	4.0	7.53904e-06	1.0	19630.4	268.245	2381.84	142.02	0.108205	0.00632692	1153.55	1.0112	
1.6-2.4	3.0-6.5	10.0-20.0	0.000-1.571	0.016	0.209	77465.0	77280.0	10484.6	170.313	66795.3	292.09	0.223937	0.0149598	-0.05	0.0	0.961608	0.0	3.08937	0.0	0.0508044	0.0	0.01	0.000165445	0.03	0.0	1.86	0.0	5.0	0.0	1.38	0.0	0.0498581	6.36983e-07	1.37782e-05	0.00459294	0.211753	0.0113063	0.173641	0.0	0.0248856	0.0	0.00731228	0.000329624	1.74699	0.0	0.968633	0.00421489	0.916676	0.00895739	1.0	0.0380994	0.866816	0.0057778	0.281655	0.0241457	0.134732	0.00415212	0.0351768	3.01642	-81075.9	4.0	4.2272e-05	-803360.0	4.0	0.000118777	1.0	9375.61	176.506	1109.04	91.0188	0.105777	0.0085094	1142.49	1.4765	
1.6-2.4	3.0-6.5	20.0-30.0	0.000-1.571	0.016	0.192	22963.0	22958.0	4588.69	104.146	18369.4	156.929	0.122572	0.0285912	-0.05	0.0	0.961608	0.0	3.08937	0.0	0.0508044	0.0	0.09	0.0678153	0.03	0.0	1.86	0.0	5.0	0.0	1.38	0.0	0.0528485	0.00221691	1.37746e-05	0.00459294	0.232184	0.0135315	0.173641	0.0	0.0248856	0.0	0.00299817	0.000612615	1.74699	0.0	0.987758	0.00852424	0.955906	0.0337146	0.788772	0.066711	0.767074	0.0147491	0.386645	0.123097	0.113826	0.0111621	0.181061	0.0349369	-23479.7	4.0	3.71356e-05	-211471.0	4.0	4.35622e-06	1.0	3875.89	105.071	712.801	59.6927	0.155339	0.0125218	1155.94	3.00961	
1.6-2.4	3.0-6.5	20.0-40.0	0.000-1.571	0.016	0.192	34057.0	34046.0	7641.67	130.374	26404.5	189.102	0.125073	0.02386	-0.05	0.0	0.961608	0.0	3.08937	0.0	0.0508044	0.0	0.0899999	0.0632293	0.03	0.0	1.86	0.0	5.0	0.0	1.38	0.0	0.0528485	0.00206699	1.37746e-05	0.00459294	0.23439	0.0109503	0.173641	0.0	0.0248856	0.0	0.00328849	0.000497091	1.74699	0.0	0.980691	0.00697526	0.965101	0.0376304	0.800599	0.0739212	0.770221	0.0126147	0.340595	0.13651	0.111993	0.00909614	0.187635	0.0254388	-35837.3	4.0	7.99695e-05	-327577.0	4.0	2.85114e-06	1.0	6509.84	132.62	1131.83	75.0044	0.148113	0.00948433	1150.96	2.45568	
1.6-2.4	3.0-6.5	30.0-40.0	0.000-1.571	0.016	0.152	11094.0	11038.0	2980.6	73.2897	8057.53	102.214	0.152106	0.0431615	-0.05	0.0	0.961608	0.0	3.08937	0.0	0.0508044	0.0	0.0100002	0.00734265	0.03	0.0	1.86	0.0	5.0	0.0	1.38	0.0	0.0498581	2.82705e-05	1.3843e-05	0.00459291	0.238565	0.0184914	0.173641	0.0	0.0248856	0.0	0.00384505	0.000849502	1.74699	0.0	0.961688	0.0120329	0.999999	7.59497	0.778832	0.0328104	0.775386	0.0130278	0.0084945	6.52024	0.109608	0.0054738	0.167575	0.0160865	-12491.4	4.0	6.92294e-06	-94215.3	4.0	5.74884e-05	1.0	2562.44	76.7511	418.164	45.0167	0.140295	0.014704	1137.63	4.20284	
1.6-2.4	3.0-6.5	40.0-100.0	0.000-1.571	0.016	0.168	7737.0	7734.0	3408.29	70.2905	4325.71	76.5368	0.37234	0.0591106	-0.05	0.0	0.961608	0.0	3.08937	0.0	0.0508044	0.0	0.0442212	0.0116852	0.03	0.0	1.86	0.0	5.0	0.0	1.38	0.0	0.0505675	0.000196158	1.33924e-05	0.00459311	0.245917	0.0174484	0.173641	0.0	0.0248856	0.0	0.00454486	0.000891346	1.74699	0.0	0.872541	0.0130779	1.0	1.16691	0.854823	0.00319851	0.735399	0.00167213	0.588484	16.0394	0.133587	0.00085767	0.252431	0.00379422	-10193.9	4.0	8.91929e-08	-64559.5	4.0	5.87973e-05	1.0	2973.12	73.1284	435.178	40.8497	0.127682	0.0116925	1076.6	4.37931	
1.6-2.4	3.0-6.5	40.0-50.0	0.000-1.571	0.016	0.136	4639.0	4594.0	1753.8	51.5679	2840.12	61.1996	0.533688	0.0730353	-0.05	0.0	0.961608	0.0	3.08937	0.0	0.0508044	0.0	0.0336279	0.00976943	0.03	0.0	1.86	0.0	5.0	0.0	1.38	0.0	0.0502534	0.000125491	1.41936e-05	0.00459275	0.232317	0.0193049	0.173641	0.0	0.0248856	0.0	0.000710451	0.00111591	1.74699	0.0	0.790092	0.0176819	1.0	1.05978	0.876528	0.000666564	0.509309	0.00110983	0.00751318	0.886228	0.055302	0.000146095	0.249599	0.000938871	-5936.75	4.0	3.78676e-06	-35690.9	4.0	2.29858e-05	1.0	1458.91	52.2868	294.882	31.1273	0.168139	0.0170461	1022.64	5.64445	
1.6-2.4	3.0-6.5	50.0-100.0	0.000-1.571	0.016	0.168	3098.0	3098.0	1675.1	47.3721	1422.92	44.6277	0.15487	0.103295	-0.05	0.0	0.961608	0.0	3.08937	0.0	0.0508044	0.0	0.0874285	0.0741572	0.03	0.0	1.86	0.0	5.0	0.0	1.38	0.0	0.0526826	0.00236238	1.33924e-05	0.00459311	0.252472	0.0284007	0.173641	0.0	0.0248856	0.0	0.0045633	0.00147486	1.74699	0.0	0.934639	0.020088	0.907327	0.00579315	1.0	21.976	0.750335	0.00531234	0.266885	0.0147242	0.181143	0.00336295	0.0270325	62.0998	-4355.41	4.0	8.72271e-07	-23365.0	4.0	0.000141302	1.0	1484.08	50.6494	191.017	28.8628	0.114033	0.016926	1118.84	6.93345	
1.6-2.4	4.5-5.5	0.0-100.0	0.000-1.571	0.016	0.184	35172.0	35108.0	7424.78	175.899	27683.2	226.183	-0.325086	0.0258148	-0.05	0.0	0.088561	0.214365	3.09104	0.000999546	0.0686382	0.0273359	0.0472464	0.00363586	0.03	0.0	1.86	0.0	5.0	0.0	1.38	0.0	0.0495153	0.00353748	2.30218e-05	0.000291032	0.227742	0.0105717	0.23046	0.240884	0.0112429	0.0129983	0.00715804	0.000508855	1.78882	0.370612	1.02414	0.00777369	1.0	0.000529959	0.691737	0.0318138	0.815163	0.00867864	1.49555	2.66326	0.145623	0.0100916	0.224106	0.019066	-35914.2	4.0	1.30732e-07	-338473.0	7.0	0.000752487	1.0	6167.97	165.231	1256.81	82.6775	0.169272	0.0103882	1242.81	121.029	
1.6-2.4	5.5-6.5	0.0-100.0	0.000-1.571	0.016	0.168	17002.0	16983.0	5317.75	1026.37	11664.7	1037.01	-0.423599	0.114731	-0.05	0.0	0.00671978	9.5742	3.09326	0.00193588	0.0438897	1.68119	0.0510824	0.0438746	0.03	0.0	1.86	0.0	5.0	0.0	1.38	0.0	0.0510375	0.0390583	1.49587e-05	0.00459239	0.221014	0.0113593	0.433557	0.413492	0.016385	0.017632	0.00410927	0.000787149	1.45242	0.194727	0.88341	0.013987	1.0	96.6085	0.356838	0.0096829	0.703714	0.00434673	0.0073382	105.88	0.214551	0.0028688	0.102961	0.000931501	-19339.8	4.0	4.21657e-05	-152529.0	7.0	5.67632	1.0	4479.42	866.178	838.337	170.236	0.157649	0.00994968	1164.75	129.206	
1.6-2.4	6.5-30.0	0.0-10.0	0.000-1.571	0.008	0.152	5928.0	5924.0	2508.93	62.7801	3415.07	69.6227	-0.31471	0.0672413	-0.05	0.0	0.647652	0.0	3.09085	0.0	0.0574138	0.0	0.0307414	0.00225373	0.03	0.0	1.492	0.0	5.0	0.0	1.733	0.0	0.0496776	0.000245701	2.77437e-05	0.00458652	0.225	0.0156645	0.211707	0.0	0.00199102	0.0	0.00399619	0.000900893	1.6767	0.0	1.05137	0.0205193	0.636944	0.000409178	1.0	1.26698	0.643634	0.000281316	0.0910463	0.000111857	0.159181	0.000127549	0.139744	100.747	-8059.78	4.0	4.58722e-05	-47680.9	4.0	3.22706e-06	1.0	2107.32	62.0051	401.606	34.1332	0.160071	0.0130017	1211.01	7.02149	
1.6-2.4	6.5-30.0	0.0-100.0	0.000-1.571	0.008	0.152	15140.0	15130.0	7730.87	138.36	7398.73	137.111	-0.383004	0.0494222	-0.05	0.0	0.647652	0.096624	3.09085	0.000722859	0.0574138	0.00272981	0.0306691	0.00361494	0.03	0.0	1.492	0.0	5.0	0.0	1.733	0.0	0.0496619	0.00158496	2.77437e-05	0.00458652	0.220267	0.112365	0.211707	0.175346	0.00199102	0.00574194	0.00860813	0.0483426	1.6767	0.235346	1.02476	0.509583	0.543699	0.394046	0.604721	0.189306	0.477098	0.255077	0.00759176	0.020739	0.180412	0.0114993	0.0923211	0.011322	-22939.8	4.0	1315240.0	-137562.0	7.0	0.000127403	1.0	5798.15	1998.27	1932.72	1995.88	0.25	0.258131	1192.89	187.578	
1.6-2.4	6.5-30.0	10.0-20.0	0.000-1.571	0.008	0.16	3791.0	3791.0	1843.9	52.4732	1947.09	53.4464	-0.319307	0.0892892	-0.05	0.0	0.647652	0.0	3.09085	0.0	0.0574138	0.0	0.0332638	0.00309804	0.03	0.0	1.492	0.0	5.0	0.0	1.733	0.0	0.0502469	0.000361319	2.91966e-05	0.00458585	0.181829	0.012715	0.211707	0.0	0.00199102	0.0	0.0039636	0.00107641	1.6767	0.0	0.921766	0.0233818	0.495222	0.081073	0.913176	0.0363846	0.304533	0.140313	0.0223965	0.00649377	0.109358	0.0122548	0.213682	0.0508683	-5593.92	4.0	9.1794e-06	-29077.3	4.0	5.18413e-06	1.0	1450.65	52.5651	393.257	34.4111	0.213274	0.0176476	1124.7	7.55301	
1.6-2.4	6.5-30.0	20.0-30.0	0.000-1.571	0.008	0.136	2405.0	2397.0	1347.17	42.2483	1049.65	38.5677	-0.638854	0.123292	-0.05	0.0	0.647652	0.0	3.09085	0.0	0.0574138	0.0	0.0261834	0.00240913	0.03	0.0	1.492	0.0	5.0	0.0	1.733	0.0	0.0487488	0.000227964	6.70209e-05	0.882424	0.201659	0.0154316	0.211707	0.0	0.00199102	0.0	0.00335354	0.00108935	1.6767	0.0	0.749872	0.0264752	0.842034	0.219276	0.259787	0.12535	0.259128	0.171509	0.0991666	0.0704736	0.177989	0.0314039	0.0402661	0.0115719	-4074.07	4.0	2.31357e-05	-17589.6	4.0	6.01747e-05	1.0	1043.34	41.3862	303.838	27.0745	0.225537	0.0188115	1019.04	7.67879	
1.6-2.4	6.5-30.0	30.0-40.0	0.000-1.571	0.008	0.12	1476.0	1474.0	911.706	34.3309	562.258	28.7957	-0.450535	0.167858	-0.05	0.0	0.647652	0.0	3.09085	0.0	0.0574138	0.0	0.0275167	0.00295969	0.03	0.0	1.492	0.0	5.0	0.0	1.733	0.0	0.0490069	0.000292771	7.90451e-05	0.000185159	0.156396	0.013378	0.211707	0.0	0.00199102	0.0	0.000595866	0.00144217	1.6767	0.0	0.836949	0.0312927	1.0	0.0070942	0.999154	0.900836	0.759157	0.0961633	1.34049	0.375773	0.192062	0.0276217	0.0208807	3.8407	-2619.32	4.0	2.26791e-05	-10207.8	4.0	1.54832e-06	1.0	639.607	34.8895	272.099	27.243	0.298451	0.0276874	1071.15	9.63716	
1.6-2.4	6.5-30.0	40.0-50.0	0.000-1.571	0.008	0.136	817.0	815.0	541.855	25.8267	273.29	19.9619	-0.803784	0.243974	-0.05	0.0	0.647652	0.0	3.09085	0.0	0.0574138	0.0	0.0298725	0.00342035	0.03	0.0	1.492	0.0	5.0	0.0	1.733	0.0	0.0494905	0.000363716	6.70209e-05	0.882424	0.173429	0.020098	0.211707	0.0	0.00199102	0.0	0.000523902	0.00158046	1.6767	0.0	0.634383	0.0369078	0.601248	0.122385	0.65319	0.254988	0.126798	0.230211	0.0435129	0.0141857	0.221941	0.0402234	0.0287408	0.0204141	-1508.31	4.0	2.49189e-05	-5223.16	4.0	3.43954e-05	1.0	405.832	25.489	136.023	17.8201	0.251032	0.0306334	955.206	9.66118	
1.6-2.4	6.5-30.0	50.0-100.0	0.000-1.571	0.008	0.088	720.0	709.0	565.163	25.7758	143.836	15.5897	-0.0892528	0.336416	-0.05	0.0	0.647652	0.0	3.09085	0.0	0.0574138	0.0	0.0432985	0.00545231	0.03	0.0	1.492	0.0	5.0	0.0	1.733	0.0	0.052872	0.000786628	7.21792e-05	0.000182081	0.18187	0.0239195	0.211707	0.0	0.00199102	0.0	0.00404551	0.00199083	1.6767	0.0	0.811678	0.0428979	0.841051	0.7504	0.668823	0.753781	0.174307	0.179305	0.0559564	0.0402396	0.200573	0.05064	0.0472219	0.0281183	-1499.4	4.0	6.19376e-07	-4583.22	4.0	8.31251e-06	1.0	456.295	26.176	108.868	16.636	0.192631	0.0280941	1055.71	12.9997	
2.0-2.4	6.5-30.0	0.0-100.0	0.000-1.571	0.008	0.152	3972.0	3971.0	2302.66	67.6761	1668.26	62.7822	-0.368359	0.10042	-0.05	0.0	0.462426	0.0583078	3.08958	0.00157508	0.0403195	0.00298543	0.08	0.0182023	0.03	0.0	1.492	0.0	5.0	0.0	1.733	0.0	0.0647474	0.00615493	7.87116e-05	0.000484264	0.18176	0.0112463	0.0616687	0.0610904	-0.00999983	0.0176875	0.00226716	0.000874231	2.1655	0.541626	0.923082	0.0185018	0.790535	0.00109272	1.0	2.85913	0.645534	0.000754314	0.100796	0.000491685	0.161638	0.000337034	0.100247	9.40414	-6116.77	4.0	4.54904e-06	-30805.1	7.0	2.65634e-06	1.0	1772.52	63.9473	530.142	40.226	0.23023	0.0161056	1043.42	66.4457	
