weightedEff_noTnPCorr_RapPtEffForw_noLxyzEff
rap	pT	cent	dPhi	ctauErrMin	ctauErrMax	NoCutEntry	CutEntry	NSig	NSigErr	NBkg	NBkgErr	coefExp	coefExpErr	coefPol1	coefPol1Err	coeffGaus	coeffGausErr	meanSig1	meanSig1Err	sigmaSig1	sigmaSig1Err	sigmaSig2	sigmaSig2Err	sigmaSig3	sigmaSig3Err	alpha	alphaErr	enne	enneErr	enneW	enneWErr	sigWidth	sigWidthErr	Gmc	GmcErr	bTau	bTauErr	fracRes	fracResErr	meanResSigW	meanResSigWErr	meanResSigN	meanResSigNErr	sigmaResSigW	sigmaResSigWErr	sigmaResSigN	sigmaResSigNErr	fpm	fpmErr	fLiving	fLivingErr	fbkgCtTot	fbkgCtTotErr	lambdam	lambdamErr	lambdap	lambdapErr	lambdasym	lambdasymErr	NLL	nFitPar	EDM	NLLMass	nFitParMass	EDMMass	Prob	PROMPT	PROMPTErr	NON-PROMPT	NON-PROMPTErr	Bfraction	BfractionErr	Resolution	ResolutionErr	
0.0-0.4	6.5-30.0	0.0-100.0	0.000-1.571	0.008	0.064	4990.0	4987.0	3305.15	64.0906	1681.83	49.8435	-0.161218	0.0974066	-0.05	0.0	0.370567	0.0846648	3.09389	0.000405572	0.0212952	0.00148362	0.017295	0.000909297	0.03	0.0	1.492	0.0	5.0	0.0	1.733	0.0	0.0188765	0.000441449	3.59557e-05	0.000193278	0.198042	0.00762146	0.709974	0.264125	-0.00206547	0.00229629	0.00170305	0.00131778	1.32298	0.0992276	0.657521	0.033109	0.613294	0.0378298	1.0	0.035494	0.377106	0.0408664	0.0614164	0.00681654	0.168542	0.0105148	0.220504	2.61406	-10822.4	4.0	8.07241e-06	-43032.3	7.0	3.01245e-06	1.0	2279.99	58.5327	1025.16	43.204	0.310171	0.0116058	1169.63	84.443	
0.0-1.2	6.5-30.0	0.0-10.0	0.000-1.571	0.008	0.088	8015.0	8011.0	4100.38	77.6969	3910.48	76.4589	0.0360618	0.0624631	-0.05	0.0	0.529735	0.0	3.09271	0.0	0.0205321	0.0	0.0381634	0.00171582	0.03	0.0	1.492	0.0	5.0	0.0	1.733	0.0	0.0301369	0.000510897	1.12992e-05	0.000388937	0.169223	0.00637166	0.282557	0.0	0.00228371	0.0	0.000503926	0.000663862	1.58042	0.0	0.855944	0.0195028	0.671367	0.0661384	0.520336	0.129631	0.305364	0.161269	0.104472	0.0161113	0.145687	0.0119875	0.0363318	0.015443	-13899.6	4.0	5.23223e-06	-69064.5	4.0	2.64506e-05	1.0	2881.78	72.6731	1218.61	53.2237	0.297193	0.011695	1109.67	5.39641	
0.0-1.2	6.5-30.0	0.0-100.0	0.000-1.571	0.008	0.105	20429.0	20423.0	12414.2	132.424	8009.02	114.589	0.028235	0.0457975	-0.05	0.0	0.529735	0.0541786	3.09271	0.000285154	0.0205321	0.000661455	0.0349185	0.001847	0.03	0.0	1.492	0.0	5.0	0.0	1.733	0.0	0.0282261	0.000671883	1.16782e-05	0.000130175	0.193606	0.00425355	0.282557	0.19576	0.00228371	0.00264771	-7.57398e-05	0.000363482	1.58042	0.170805	0.838537	0.0104	0.572749	0.033064	0.957347	0.0154668	0.426117	0.0321279	0.0575108	0.00529538	0.139378	0.00588326	0.321372	0.064131	-40062.2	4.0	6.01771e-06	-199307.0	7.0	3.41234e-05	1.0	9045.14	121.886	3369.09	82.694	0.271389	0.00599927	1100.1	87.0839	
0.0-1.2	6.5-30.0	10.0-20.0	0.000-1.571	0.008	0.088	4703.0	4700.0	2776.59	59.7852	1923.22	52.1613	0.0492765	0.0892099	-0.05	0.0	0.529735	0.0	3.09271	0.0	0.0205321	0.0	0.0327826	0.00150031	0.03	0.0	1.492	0.0	5.0	0.0	1.733	0.0	0.0269947	0.000428409	1.12992e-05	0.000388937	0.211263	0.00944867	0.282557	0.0	0.00228371	0.0	-0.00114811	0.000781407	1.58042	0.0	0.824049	0.0229856	0.479438	0.0901268	0.91189	0.030326	0.300433	0.108378	0.0397345	0.00823458	0.134058	0.0134232	0.311295	0.068462	-8774.64	4.0	6.11694e-05	-38875.4	4.0	1.18136e-05	1.0	1959.78	54.9924	816.807	39.406	0.294177	0.0127003	1092.22	6.22097	
0.0-1.2	6.5-30.0	20.0-30.0	0.000-1.571	0.008	0.105	3320.0	3317.0	2148.17	51.5093	1168.85	40.9121	0.274626	0.115223	-0.05	0.0	0.529735	0.0	3.09271	0.0	0.0205321	0.0	0.0323734	0.00162493	0.03	0.0	1.492	0.0	5.0	0.0	1.733	0.0	0.0267615	0.000462195	1.16782e-05	0.000130175	0.211767	0.011181	0.282557	0.0	0.00228371	0.0	0.0011604	0.000833513	1.58042	0.0	0.813965	0.0238422	0.504328	0.0149636	0.999992	1.21733	0.374463	0.0173505	0.0452672	0.00195497	0.161826	0.0056578	0.0384677	7.54685	-6918.15	4.0	5.80084e-05	-26674.8	4.0	2.19724e-05	1.0	1592.9	48.0121	555.272	31.9936	0.258486	0.0135424	1086.78	6.40574	
0.0-1.2	6.5-30.0	30.0-40.0	0.000-1.571	0.008	0.064	2029.0	2027.0	1441.88	42.1055	585.096	30.2665	-0.404241	0.164612	-0.05	0.0	0.529735	0.0	3.09271	0.0	0.0205321	0.0	0.03752	0.00238196	0.03	0.0	1.492	0.0	5.0	0.0	1.733	0.0	0.0297546	0.000706247	1.32366e-05	0.000329048	0.183634	0.0118226	0.282557	0.0	0.00228371	0.0	-0.00176889	0.00105328	1.58042	0.0	0.820298	0.0272533	0.552028	0.0161863	0.999916	6.02307	0.437018	0.017441	0.0662989	0.00274007	0.162176	0.00640381	0.0619457	21.2431	-4630.98	4.0	4.77583e-08	-15536.9	4.0	1.38188e-06	1.0	1072.85	39.4998	369.033	26.36	0.255939	0.0166842	1090.19	7.35608	
0.0-1.2	6.5-30.0	40.0-50.0	0.000-1.571	0.016	0.048	1219.0	1204.0	951.514	33.608	252.445	20.7472	-0.2886	0.251308	-0.05	0.0	0.529735	0.0	3.09271	0.0	0.0205321	0.0	0.0353256	0.00310606	0.03	0.0	1.492	0.0	5.0	0.0	1.733	0.0	0.0284633	0.000906415	1.43354e-05	8.22848e-05	0.209387	0.0169556	0.282557	0.0	0.00228371	0.0	-0.00193481	0.00130488	1.58042	0.0	0.812283	0.0365301	0.539172	0.204554	0.890029	0.801392	7.34285e-06	0.666656	0.0136552	0.00876401	0.225447	0.03467	0.0200055	0.12897	-2960.9	4.0	2.07936e-05	-8858.94	4.0	2.04861e-05	1.0	720.982	31.6689	230.531	20.5116	0.242279	0.0197855	1085.87	9.80248	
0.0-1.2	6.5-30.0	50.0-100.0	0.000-1.571	0.008	0.056	1140.0	1137.0	994.645	33.1092	142.367	15.619	-0.237987	0.340007	-0.05	0.0	0.529735	0.0	3.09271	0.0	0.0205321	0.0	0.0339882	0.00208129	0.03	0.0	1.492	0.0	5.0	0.0	1.733	0.0	0.0276869	0.000600756	1.34486e-05	0.000306561	0.201218	0.0172435	0.282557	0.0	0.00228371	0.0	0.00085818	0.00110752	1.58042	0.0	0.754128	0.0330302	0.86344	0.00898129	1.0	23.4281	0.311214	0.00747406	0.0072666	0.00147519	0.185487	0.00258234	0.303693	82.2423	-3285.9	4.0	3.1506e-05	-8588.52	4.0	4.08862e-07	1.0	786.994	31.9863	207.651	19.6116	0.208769	0.0184519	1055.35	8.46674	
0.0-2.4	10.0-13.0	0.0-100.0	0.000-1.571	0.008	0.136	6301.0	6298.0	4629.63	76.9545	1668.27	54.4113	-0.433187	0.102547	-0.05	0.0	0.32832	0.0753613	3.0924	0.000607845	0.0209001	0.00211103	0.0416223	0.00233055	0.03	0.0	1.492	0.0	5.0	0.0	1.733	0.0	0.036153	0.00114366	1.25623e-05	9.06713e-05	0.187776	0.0064543	0.0553454	0.0788853	0.000212513	0.0144851	2.77528e-05	0.000532357	2.09412	0.553674	0.910893	0.0156841	0.640221	0.0494034	0.817107	0.192048	0.208229	0.110047	0.0337772	0.0146004	0.17228	0.0160262	0.0833497	0.0338978	-13293.7	4.0	4.32622e-05	-54802.0	7.0	7.33682e-06	1.0	3277.58	71.9668	1352.05	52.117	0.292044	0.0101568	1013.17	76.4016	
0.0-2.4	10.0-30.0	0.0-100.0	0.000-1.571	0.004	0.144	9607.0	9605.0	7143.51	95.4971	2461.53	66.6136	-0.434384	0.0846758	-0.05	0.0	0.377792	0.0577191	3.09299	0.000476855	0.0216059	0.00150977	0.0435548	0.00200713	0.03	0.0	1.492	0.0	5.0	0.0	1.733	0.0	0.0368335	0.000941863	1.0177e-05	0.00195203	0.179198	0.0048225	0.0477214	0.0592155	-0.000892962	0.00748279	-0.000600774	0.000411301	2.03646	0.461587	0.937402	0.0129518	0.814061	0.0793045	0.841579	0.176082	0.327562	0.0928858	0.0635488	0.0128639	0.176749	0.010046	0.0340833	0.02207	-20649.9	4.0	2.27178e-06	-87823.4	7.0	9.07822e-06	1.0	4881.6	88.9204	2261.91	67.5458	0.316638	0.00845515	1017.2	52.7369	
0.0-2.4	11.0-13.0	0.0-100.0	0.000-1.571	0.008	0.105	3216.0	3214.0	2427.01	55.2673	787.0	37.6107	-0.604156	0.149753	-0.05	0.0	0.41141	0.0838825	3.09325	0.000824499	0.0219994	0.00225384	0.0467313	0.00355149	0.03	0.0	1.492	0.0	5.0	0.0	1.733	0.0	0.038529	0.00159157	4.93653e-05	0.000238442	0.200683	0.00908776	0.0328637	0.0389686	-0.000371389	0.0145275	0.000327302	0.000739656	2.53131	0.734887	0.937668	0.0225622	0.790806	0.0751052	0.602187	0.060442	2.08029e-06	0.103863	0.0769339	0.019023	0.172851	0.0140385	0.02	0.0096587	-6779.8	4.0	2.4445e-06	-25908.4	7.0	8.7934e-07	1.0	1666.61	51.1209	760.395	38.3776	0.313306	0.0141117	1030.0	60.9385	
0.0-2.4	13.0-16.0	0.0-100.0	0.000-1.571	0.008	0.08	2007.0	2000.0	1564.92	44.5818	435.239	29.2909	-0.245363	0.204138	-0.05	0.0	0.517874	0.0960607	3.09387	0.00100868	0.0238622	0.00268013	0.0546598	0.00560064	0.03	0.0	1.492	0.0	5.0	0.0	1.733	0.0	0.0416572	0.00228908	1.00002e-05	0.000966722	0.186933	0.0111667	0.0326157	0.0670782	-0.00999634	0.0183094	0.00152544	0.000910895	1.86063	0.773549	1.00578	0.0293436	0.888139	0.21201	0.725746	0.269318	0.117946	0.121275	0.0435105	0.018057	0.155099	0.0193564	0.0405135	0.013669	-4503.26	4.0	1.32982e-06	-15271.1	7.0	0.000126647	1.0	1108.71	42.1469	456.203	30.7836	0.291519	0.017832	1044.75	47.3114	
0.0-2.4	13.0-30.0	0.0-100.0	0.000-1.571	0.008	0.105	3306.0	3306.0	2517.29	56.3596	788.693	38.0506	-0.436278	0.148936	-0.05	0.0	0.451665	0.0783563	3.09417	0.000774957	0.0224285	0.00197585	0.0472775	0.00343727	0.03	0.0	1.492	0.0	5.0	0.0	1.733	0.0	0.0381159	0.00149255	2.10356e-05	0.0045896	0.166909	0.00720735	0.0347602	0.122355	-0.00537756	0.015369	-0.00052492	0.000650928	1.80759	0.989032	0.967537	0.0229492	0.845009	0.145637	0.891677	0.244187	0.390817	0.0757234	0.0418901	0.0136191	0.192055	0.0185525	0.0419113	0.0243979	-7368.7	4.0	3.60519e-05	-26835.0	7.0	2.04293e-06	1.0	1611.48	51.8405	905.804	42.3908	0.359833	0.0147877	1008.54	77.8547	
0.0-2.4	16.0-30.0	0.0-100.0	0.000-1.571	0.008	0.064	1299.0	1297.0	957.249	34.4846	339.717	23.9105	-0.674992	0.225519	-0.05	0.0	0.20364	0.169898	3.0949	0.00133142	0.0184117	0.00548583	0.0349442	0.0041444	0.03	0.0	1.492	0.0	5.0	0.0	1.733	0.0	0.0322717	0.00215461	5.46616e-05	1.05755	0.159917	0.00999901	0.461092	0.573416	0.00155876	0.00498774	-0.00345345	0.00121806	1.33655	0.440517	0.754418	0.0425563	0.8037	2.08503	0.952091	0.153283	0.478655	1.60858	0.00707771	1.8768e-08	0.227048	0.0272004	0.0584272	0.053378	-2890.38	4.0	3.13344e-07	-9285.1	7.0	7.09774e-05	1.0	563.939	29.5062	393.31	25.6641	0.410876	0.022354	1063.2	208.091	
0.0-2.4	6.5-30.0	0.0-10.0	0.000-1.571	0.008	0.136	21514.0	21469.0	9414.4	117.166	12054.6	127.937	-0.0684746	0.0355318	-0.05	0.0	0.429454	0.0	3.09254	0.0	0.0489929	0.0	0.025658	0.000597561	0.03	0.0	1.492	0.0	5.0	0.0	1.733	0.0	0.0375024	0.000116629	3.37928e-05	7.02542e-05	0.192341	0.0053264	0.17037	0.0	0.00383435	0.0	0.0014792	0.0004234	1.75411	0.0	0.990693	0.0111004	0.939658	0.843196	0.328048	0.230997	0.51885	0.0375961	0.114164	0.0827783	0.180704	0.0222416	0.0813448	0.0188127	-31157.5	4.0	5.98116e-06	-202109.0	4.0	1.32756e-07	1.0	6994.22	113.441	2420.18	78.7337	0.257072	0.00772696	1156.92	3.94302	
0.0-2.4	6.5-30.0	0.0-100.0	0.000-1.571	0.004	0.152	54288.0	54263.0	29059.1	225.423	25204.3	216.69	-0.153528	0.0254614	-0.05	0.0	0.429454	0.0298816	3.09254	0.000258752	0.0489929	0.00132484	0.0250206	0.00059347	0.03	0.0	1.492	0.0	5.0	0.0	1.733	0.0	0.0372559	0.000528632	1.79985e-05	0.004591	0.194392	0.00301847	0.17037	0.071026	0.00383435	0.00270686	0.00162467	0.000238853	1.75411	0.130378	0.933458	0.00617992	0.587518	0.0244774	0.95796	0.0147113	0.508819	0.0202872	0.0614477	0.00451294	0.149063	0.00409155	0.27046	0.0469454	-89190.6	4.0	2.33036e-06	-569071.0	7.0	3.70403e-05	1.0	21728.7	207.473	7330.43	133.668	0.252259	0.00416285	1116.74	39.2269	
0.0-2.4	6.5-30.0	0.0-5.0	0.000-1.571	0.008	0.152	11841.0	11829.0	5121.32	87.0552	6707.66	95.7332	0.0147486	0.047589	-0.05	0.0	0.429454	0.0	3.09254	0.0	0.0489929	0.0	0.0250794	0.00085861	0.03	0.0	1.492	0.0	5.0	0.0	1.733	0.0	0.0372784	0.000164784	1.79985e-05	0.004591	0.198071	0.00766784	0.17037	0.0	0.00383435	0.0	0.00364578	0.000592752	1.75411	0.0	1.0644	0.01557	0.655562	0.000219457	1.0	0.00470916	0.635946	0.000155694	0.0908863	5.9492e-05	0.14868	6.36953e-05	0.111866	3.76722	-16826.3	4.0	1.77109e-06	-104241.0	4.0	1.65587e-07	1.0	3831.66	84.3787	1289.66	57.9488	0.251821	0.0104743	1210.02	5.68141	
0.0-2.4	6.5-30.0	10.0-15.0	0.000-1.571	0.008	0.152	7128.0	7126.0	3482.47	69.5156	3643.34	70.6619	-0.138938	0.0647847	-0.05	0.0	0.429454	0.0	3.09254	0.0	0.0489929	0.0	0.0244224	0.000861801	0.03	0.0	1.492	0.0	5.0	0.0	1.733	0.0	0.0370287	0.00016215	1.79985e-05	0.004591	0.199328	0.00854539	0.17037	0.0	0.00383435	0.0	0.00427776	0.000695454	1.75411	0.0	0.931087	0.0179545	0.390439	0.0399454	0.870525	0.0415387	0.286165	0.0708523	0.0295334	0.00468018	0.132175	0.0133144	0.168901	0.0355834	-10986.6	4.0	4.34007e-07	-59751.9	4.0	1.13716e-05	1.0	2555.61	66.4024	926.864	46.3591	0.266151	0.012206	1115.1	6.21881	
0.0-2.4	6.5-30.0	10.0-20.0	0.000-1.571	0.008	0.16	12848.0	12845.0	6588.91	94.7249	6255.66	92.9482	-0.142436	0.0494942	-0.05	0.0	0.429454	0.0	3.09254	0.0	0.0489929	0.0	0.02514	0.000669742	0.03	0.0	1.492	0.0	5.0	0.0	1.733	0.0	0.0373017	0.000128767	1.00282e-05	0.000232918	0.194508	0.00604828	0.17037	0.0	0.00383435	0.0	0.00184895	0.000519511	1.75411	0.0	0.932535	0.0133154	0.457034	0.0964415	0.87501	0.0283823	0.337535	0.106613	0.0333944	0.00596456	0.125639	0.00871869	0.224151	0.0279332	-20139.3	4.0	2.05821e-06	-115712.0	4.0	1.98235e-05	1.0	4792.96	91.0075	1795.95	64.8152	0.272571	0.00902282	1116.1	4.61498	
0.0-2.4	6.5-30.0	15.0-20.0	0.000-1.571	0.008	0.16	5719.0	5719.0	3104.89	64.1996	2614.05	60.2562	-0.146138	0.0766555	-0.05	0.0	0.429454	0.0	3.09254	0.0	0.0489929	0.0	0.0260608	0.00101637	0.03	0.0	1.492	0.0	5.0	0.0	1.733	0.0	0.0376605	0.000200638	1.00282e-05	0.000232918	0.189512	0.00852758	0.17037	0.0	0.00383435	0.0	-0.0026095	0.000778377	1.75411	0.0	0.948229	0.0194088	0.726709	0.0665473	0.860831	0.0510065	0.50491	0.0482245	0.0610959	0.0159163	0.123692	0.0111204	0.287573	0.0570366	-9183.71	4.0	4.30192e-05	-47144.9	4.0	6.34274e-07	1.0	2231.73	62.504	873.16	45.8618	0.281221	0.0135781	1127.02	6.77387	
0.0-2.4	6.5-30.0	20.0-25.0	0.000-1.571	0.008	0.136	4892.0	4886.0	2816.77	59.9759	2069.07	53.381	-0.284117	0.0865149	-0.05	0.0	0.429454	0.0	3.09254	0.0	0.0489929	0.0	0.0234579	0.000893658	0.03	0.0	1.492	0.0	5.0	0.0	1.733	0.0	0.0366712	0.000163078	3.37928e-05	7.02542e-05	0.205829	0.0103149	0.17037	0.0	0.00383435	0.0	0.00190549	0.000709181	1.75411	0.0	0.836656	0.0182517	0.479799	0.111337	0.539228	0.15786	0.209928	0.104041	0.0396838	0.0134472	0.170842	0.0201942	0.0451496	0.0127174	-8869.74	4.0	7.70679e-07	-39864.6	4.0	7.93183e-06	1.0	2169.89	57.3144	646.881	36.6061	0.229654	0.0120407	1051.17	6.02607	
0.0-2.4	6.5-30.0	20.0-30.0	0.000-1.571	0.008	0.136	8904.0	8892.0	5237.27	81.3106	3654.18	70.9134	-0.225628	0.0650576	-0.05	0.0	0.429454	0.0	3.09254	0.0	0.0489929	0.0	0.0235247	0.000639033	0.03	0.0	1.492	0.0	5.0	0.0	1.733	0.0	0.0366956	0.000116867	3.37928e-05	7.02542e-05	0.206908	0.00740467	0.17037	0.0	0.00383435	0.0	0.00166728	0.000535699	1.75411	0.0	0.8615	0.0138532	0.528922	0.1036	0.669159	0.180691	0.321789	0.104797	0.045648	0.0088137	0.156821	0.012805	0.037092	0.0165022	-16189.9	4.0	4.00333e-06	-78080.2	4.0	5.83783e-05	1.0	3953.7	78.0601	1283.57	52.1793	0.245084	0.00920785	1067.68	4.6368	
0.0-2.4	6.5-30.0	25.0-30.0	0.000-1.571	0.008	0.136	4011.0	4006.0	2420.12	54.9096	1585.62	46.6994	-0.148596	0.0986812	-0.05	0.0	0.429454	0.0	3.09254	0.0	0.0489929	0.0	0.0235904	0.000912404	0.03	0.0	1.492	0.0	5.0	0.0	1.733	0.0	0.0367197	0.000167219	3.37928e-05	7.02542e-05	0.207757	0.0105799	0.17037	0.0	0.00383435	0.0	0.00130237	0.000818299	1.75411	0.0	0.893519	0.0211712	0.604566	0.0661628	0.763458	0.798244	0.433326	0.396465	0.0505498	0.0207416	0.149142	0.0135234	0.0201474	0.684144	-7321.17	4.0	5.09148e-05	-32098.5	4.0	4.67073e-05	1.0	1781.46	53.0311	638.664	37.2635	0.263897	0.0141855	1089.3	7.20373	
0.0-2.4	6.5-30.0	30.0-35.0	0.000-1.571	0.008	0.12	3097.0	3092.0	1827.41	48.5039	1264.3	42.3028	-0.292671	0.110838	-0.05	0.0	0.429454	0.0	3.09254	0.0	0.0489929	0.0	0.0245765	0.00118521	0.03	0.0	1.492	0.0	5.0	0.0	1.733	0.0	0.0370868	0.000224056	3.63218e-05	5.72307e-05	0.176592	0.0122706	0.17037	0.0	0.00383435	0.0	0.00150237	0.000937931	1.75411	0.0	0.912821	0.0237549	0.525615	0.0171462	0.998045	0.668277	0.51247	0.0250569	0.0532362	0.00242991	0.204334	0.00733771	0.020023	2.54781	-5652.89	4.0	3.68997e-06	-23847.2	4.0	3.14349e-05	1.0	1421.66	47.715	405.747	31.126	0.222034	0.0159809	1102.49	8.15861	
0.0-2.4	6.5-30.0	30.0-40.0	0.000-1.571	0.008	0.12	5307.0	5302.0	3369.99	64.5656	1931.49	52.2519	-0.2678	0.0898581	-0.05	0.0	0.429454	0.0	3.09254	0.0	0.0489929	0.0	0.0245768	0.000817134	0.03	0.0	1.492	0.0	5.0	0.0	1.733	0.0	0.0370869	0.000154475	3.63218e-05	5.72307e-05	0.169739	0.00793067	0.17037	0.0	0.00383435	0.0	0.000225268	0.000685258	1.75411	0.0	0.840699	0.0169857	0.977491	0.703394	0.304144	0.0589585	0.402133	0.0680274	0.00751342	1.64451e-06	0.238454	0.0237943	0.0686013	0.00797543	-10165.6	4.0	1.64853e-06	-44203.9	4.0	6.42335e-05	1.0	2497.92	63.9556	872.078	45.5975	0.258777	0.0125894	1053.84	5.62089	
0.0-2.4	6.5-30.0	35.0-40.0	0.000-1.571	0.008	0.12	2210.0	2210.0	1536.31	42.5583	673.593	30.799	-0.219137	0.15257	-0.05	0.0	0.429454	0.0	3.09254	0.0	0.0489929	0.0	0.024436	0.00113121	0.03	0.0	1.492	0.0	5.0	0.0	1.733	0.0	0.0370338	0.000212929	3.63218e-05	5.72307e-05	0.164447	0.0101484	0.17037	0.0	0.00383435	0.0	0.001215	0.00099957	1.75411	0.0	0.796952	0.0245483	0.999999	1.10981	0.270404	0.0309877	0.382929	0.0236794	0.0966143	0.955589	0.223065	0.0178208	0.0842264	0.00508041	-4522.74	4.0	6.81949e-07	-16774.8	4.0	6.11852e-06	1.0	1080.37	41.9331	455.939	31.9721	0.296775	0.0191182	1025.25	7.91549	
0.0-2.4	6.5-30.0	40.0-45.0	0.000-1.571	0.008	0.12	1693.0	1691.0	1222.21	37.7665	468.816	25.9414	-0.453507	0.184426	-0.05	0.0	0.429454	0.0	3.09254	0.0	0.0489929	0.0	0.0225733	0.00114137	0.03	0.0	1.492	0.0	5.0	0.0	1.733	0.0	0.036353	0.000202181	3.63218e-05	5.72307e-05	0.196099	0.0153294	0.17037	0.0	0.00383435	0.0	-1.56365e-05	0.00114514	1.75411	0.0	0.846967	0.0305325	0.465138	0.351693	0.983162	0.016005	0.0130416	0.652242	0.0285566	0.0494237	0.158667	0.0212265	1.13627	0.756373	-3604.31	4.0	3.90382e-05	-12506.6	4.0	1.61463e-06	1.0	958.371	36.8831	263.835	23.4488	0.215868	0.0179887	1057.99	10.1391	
0.0-2.4	6.5-30.0	40.0-50.0	0.000-1.571	0.008	0.136	2984.0	2979.0	2176.27	50.341	802.73	34.0696	-0.874596	0.143864	-0.05	0.0	0.429454	0.0	3.09254	0.0	0.0489929	0.0	0.0243834	0.000944586	0.03	0.0	1.492	0.0	5.0	0.0	1.733	0.0	0.037014	0.000177513	3.37928e-05	7.02542e-05	0.202508	0.0111833	0.17037	0.0	0.00383435	0.0	-0.00161576	0.000836908	1.75411	0.0	0.802823	0.0227593	0.642272	0.37451	0.671723	0.365268	0.000198475	0.623942	0.0264074	0.0106906	0.215092	0.0205642	0.0284898	0.0117646	-6179.81	4.0	3.15794e-06	-23700.2	4.0	1.80795e-07	1.0	1638.73	48.8134	537.534	33.1726	0.246998	0.0141316	1029.04	7.36545	
0.0-2.4	6.5-30.0	45.0-50.0	0.000-1.571	0.008	0.136	1291.0	1288.0	957.704	33.3238	330.452	21.9815	-1.50396	0.235447	-0.05	0.0	0.429454	0.0	3.09254	0.0	0.0489929	0.0	0.0272958	0.0017399	0.03	0.0	1.492	0.0	5.0	0.0	1.733	0.0	0.0381564	0.000355069	3.37928e-05	7.02542e-05	0.212794	0.0162104	0.17037	0.0	0.00383435	0.0	-0.00287204	0.00121313	1.75411	0.0	0.741152	0.0335146	0.813513	0.203349	0.58243	0.204672	1.52736e-07	0.68611	0.0282659	0.0203658	0.211045	0.0290443	0.0282385	0.0115239	-2588.42	4.0	7.59478e-05	-9165.15	4.0	2.79595e-05	1.0	682.739	31.9	274.965	23.3407	0.287109	0.0222299	989.915	10.4087	
0.0-2.4	6.5-30.0	5.0-10.0	0.000-1.571	0.008	0.112	9672.0	9619.0	4294.25	78.5427	5325.41	84.8513	-0.157108	0.0535436	-0.05	0.0	0.429454	0.0	3.09254	0.0	0.0489929	0.0	0.0262757	0.000842989	0.03	0.0	1.492	0.0	5.0	0.0	1.733	0.0	0.0377456	0.000167406	3.69703e-05	0.0265992	0.193026	0.00781404	0.17037	0.0	0.00383435	0.0	0.000997441	0.000610143	1.75411	0.0	0.959978	0.0160425	0.572588	0.0369299	0.972086	0.017003	0.488241	0.0371369	0.0733204	0.00695756	0.129386	0.0112927	0.400743	0.111664	-14254.2	4.0	2.53734e-06	-82914.2	4.0	6.3191e-05	1.0	3195.68	75.5669	1098.58	51.9398	0.255825	0.0111534	1135.24	5.62732	
0.0-2.4	6.5-30.0	50.0-100.0	0.000-1.571	0.008	0.088	2730.0	2707.0	2242.77	50.1117	464.15	27.0676	-0.401085	0.188774	-0.05	0.0	0.429454	0.0	3.09254	0.0	0.0489929	0.0	0.0264427	0.00104078	0.03	0.0	1.492	0.0	5.0	0.0	1.733	0.0	0.0378121	0.000207632	3.69533e-05	0.0259228	0.187534	0.0112104	0.17037	0.0	0.00383435	0.0	0.00292623	0.00084153	1.75411	0.0	0.849398	0.022506	0.711323	0.0274544	0.999993	5.90164	0.271914	0.0348264	0.0293994	0.00410443	0.21295	0.00922804	0.021072	31.5876	-6471.25	4.0	9.23462e-05	-21840.1	4.0	4.75569e-06	1.0	1758.72	49.7883	484.045	32.4291	0.215825	0.0136316	1059.61	7.48375	
0.0-2.4	6.5-30.0	50.0-55.0	0.000-1.571	0.008	0.08	981.0	967.0	783.452	29.803	183.498	16.9793	-0.268056	0.297471	-0.05	0.0	0.429454	0.0	3.09254	0.0	0.0489929	0.0	0.0281623	0.00187965	0.03	0.0	1.492	0.0	5.0	0.0	1.733	0.0	0.038514	0.000392091	1.00002e-05	2.73951e-05	0.15516	0.016672	0.17037	0.0	0.00383435	0.0	0.00203785	0.00162448	1.75411	0.0	0.924367	0.0467508	0.602326	0.369022	0.747011	0.770031	0.000234953	0.993489	0.0286268	0.0147973	0.20591	0.0391726	0.0263443	0.0193707	-2273.48	4.0	1.69821e-07	-6752.2	4.0	2.43222e-05	1.0	612.89	31.0421	170.562	21.4973	0.217706	0.0261596	1110.45	16.1432	
0.0-2.4	6.5-30.0	50.0-60.0	0.000-1.571	0.008	0.08	1589.0	1571.0	1299.2	38.2784	271.698	20.9242	-0.319411	0.246354	-0.05	0.0	0.429454	0.0	3.09254	0.0	0.0489929	0.0	0.0283266	0.00147229	0.03	0.0	1.492	0.0	5.0	0.0	1.733	0.0	0.0385827	0.000308358	1.00002e-05	2.73951e-05	0.157681	0.012679	0.17037	0.0	0.00383435	0.0	0.00278836	0.00120351	1.75411	0.0	0.886934	0.0328823	0.793151	0.746887	0.539132	0.828926	4.94362e-06	0.909947	0.021743	0.0265292	0.261013	0.0398747	0.0204687	0.0953826	-3719.94	4.0	1.67339e-05	-11779.8	4.0	2.52518e-05	1.0	998.81	39.2168	300.386	27.3912	0.231209	0.0199524	1084.82	11.1519	
0.0-2.4	6.5-30.0	55.0-60.0	0.000-1.571	0.008	0.073	608.0	601.0	514.189	23.9369	86.7915	12.066	-0.449839	0.440149	-0.05	0.0	0.429454	0.0	3.09254	0.0	0.0489929	0.0	0.0283886	0.00233036	0.03	0.0	1.492	0.0	5.0	0.0	1.733	0.0	0.0386087	0.000488813	3.34445e-05	6.9324e-05	0.162868	0.0194563	0.17037	0.0	0.00383435	0.0	0.00437354	0.00174656	1.75411	0.0	0.828875	0.0450233	0.766628	0.769084	0.881014	0.570815	0.351537	0.629562	0.00714664	0.160208	0.360559	0.0943469	0.0200001	0.347046	-1450.14	4.0	8.5995e-07	-3964.32	4.0	6.26529e-06	1.0	385.5	23.8865	128.689	16.864	0.250276	0.0306579	1046.04	14.799	
0.0-2.4	6.5-30.0	60.0-100.0	0.000-1.571	0.008	0.088	1140.0	1130.0	936.441	32.2276	193.547	17.1975	-0.522633	0.291755	-0.05	0.0	0.429454	0.0	3.09254	0.0	0.0489929	0.0	0.0229046	0.00144181	0.03	0.0	1.492	0.0	5.0	0.0	1.733	0.0	0.0364711	0.000258311	3.69533e-05	0.0259228	0.23074	0.0208019	0.17037	0.0	0.00383435	0.0	0.00246585	0.00116294	1.75411	0.0	0.792956	0.030002	0.821208	0.376415	1.0	0.0850009	0.229168	0.462486	0.0518359	0.0966785	0.173434	0.0517375	0.138256	87.8321	-2754.93	4.0	4.73345e-06	-8175.31	4.0	1.68428e-06	1.0	748.058	31.2288	188.383	18.828	0.201169	0.0188764	1022.68	9.64974	
0.0-2.4	6.5-30.0	60.0-70.0	0.000-1.571	0.008	0.088	747.0	739.0	620.433	26.101	118.627	13.3968	-0.726258	0.375556	-0.05	0.0	0.429454	0.0	3.09254	0.0	0.0489929	0.0	0.0221003	0.00173775	0.03	0.0	1.492	0.0	5.0	0.0	1.733	0.0	0.0361869	0.000302758	3.69533e-05	0.0259228	0.25616	0.0278283	0.17037	0.0	0.00383435	0.0	0.00267979	0.00143001	1.75411	0.0	0.804884	0.0361481	1.0	0.428422	1.0	6.20325	0.510344	0.0120012	0.0139433	40.5055	0.191537	0.00512526	0.0200022	58.9958	-1830.59	4.0	0.000104681	-5058.56	4.0	2.20901e-05	1.0	495.725	25.0247	124.708	14.7933	0.201001	0.0222937	1030.38	11.7132	
0.0-2.4	6.5-30.0	70.0-100.0	0.000-1.571	0.016	0.073	393.0	388.0	312.916	18.8018	75.1531	10.7605	-0.215865	0.459944	-0.05	0.0	0.429454	0.0	3.09254	0.0	0.0489929	0.0	0.0238121	0.0026026	0.03	0.0	1.492	0.0	5.0	0.0	1.733	0.0	0.0368012	0.0004804	3.69173e-05	0.0282483	0.178932	0.0284816	0.17037	0.0	0.00383435	0.0	0.00230403	0.00212894	1.75411	0.0	0.832929	0.0562929	0.774762	0.0472575	0.999997	1.75157	1.29536e-06	0.0299653	0.0524115	0.0158691	0.150138	0.0137637	0.0522585	5.91051	-919.988	4.0	4.15603e-08	-2369.01	4.0	5.32843e-05	1.0	247.434	18.5874	65.4811	11.8294	0.209261	0.0356514	1048.71	18.5465	
0.0-2.4	6.5-7.5	0.0-100.0	0.000-1.571	0.016	0.16	23304.0	23296.0	9684.04	624.156	13612.0	625.813	-0.0617303	0.0486367	-0.05	0.0	0.649266	0.299945	3.08959	0.000938634	0.0300001	0.0429659	0.07	0.016717	0.03	0.0	1.492	0.0	5.0	0.0	1.733	0.0	0.0479889	0.0115492	8.17783e-05	0.000350179	0.20376	0.0067009	0.206936	0.0943215	0.00999971	0.0031414	0.00337716	0.000440708	1.88995	0.200823	0.964223	0.00969172	0.495935	0.0336845	0.943175	0.0255442	0.589305	0.0297201	0.0668807	0.00644028	0.13261	0.00779182	0.271821	0.054533	-32842.6	4.0	5.69858e-05	-219960.0	7.0	7.96306e-06	1.0	7852.31	510.736	1831.73	136.584	0.18915	0.00709235	1215.11	60.6867	
0.0-2.4	6.5-8.0	0.0-100.0	0.000-1.571	0.016	0.16	30499.0	30490.0	13571.8	171.566	16918.4	181.043	-0.101146	0.0311662	-0.05	0.0	0.623582	0.0380437	3.0904	0.000424359	0.0291879	0.000849508	0.0664541	0.00429707	0.03	0.0	1.492	0.0	5.0	0.0	1.733	0.0	0.0468355	0.00136671	2.99332e-05	0.00458551	0.208692	0.0054951	0.247328	0.092515	0.00999999	0.0035556	0.00246647	0.000385932	1.76918	0.144226	0.924526	0.00873485	0.525933	0.0325495	0.934003	0.0294428	0.565134	0.0260563	0.065925	0.00650818	0.135767	0.00610516	0.237935	0.0458886	-44053.6	4.0	5.71821e-05	-297257.0	7.0	6.60107e-05	1.0	10814.6	159.175	2757.16	88.6652	0.203154	0.00600711	1190.58	51.6005	
0.0-2.4	7.5-8.5	0.0-100.0	0.000-1.571	0.008	0.145	12433.0	12425.0	7029.69	106.039	5395.12	97.9914	-0.174516	0.055933	-0.05	0.0	0.451252	0.0627597	3.09138	0.000529713	0.0245241	0.00148991	0.0499388	0.00295129	0.03	0.0	1.492	0.0	5.0	0.0	1.733	0.0	0.0404958	0.00125548	8.73167e-05	0.000503063	0.202745	0.00676371	0.23764	0.117549	0.00999999	0.0168022	0.00203125	0.000539977	1.61931	0.149835	0.878974	0.013919	0.496104	0.0463554	0.92253	0.0451648	0.414376	0.0480596	0.0493141	0.00618343	0.157194	0.00913295	0.186078	0.0573669	-20739.9	4.0	1.11638e-06	-112333.0	7.0	9.61986e-06	1.0	5394.93	100.434	1634.76	63.8154	0.232551	0.00837282	1100.97	56.044	
0.0-2.4	8.0-10.0	0.0-100.0	0.000-1.571	0.008	0.152	14180.0	14172.0	8794.03	115.986	5377.86	100.108	-0.171761	0.0548893	-0.05	0.0	0.468389	0.0443657	3.09278	0.000431282	0.0472536	0.00194978	0.0225888	0.000941336	0.03	0.0	1.492	0.0	5.0	0.0	1.733	0.0	0.0362922	0.00080926	8.77568e-05	0.000222665	0.193811	0.00527629	0.22052	0.162925	0.000482536	0.00445097	0.0018224	0.000464933	1.61158	0.193917	0.907176	0.0123845	0.631779	0.0530979	1.0	0.111168	0.518498	0.0516465	0.0614155	0.00786317	0.183276	0.00806941	0.0206898	3.10947	-25838.2	4.0	3.24926e-06	-131918.0	7.0	3.82076e-06	1.0	6463.93	107.603	2330.1	72.4887	0.264964	0.00746549	1101.92	72.7645	
0.0-2.4	8.5-9.5	0.0-100.0	0.000-1.571	0.008	0.12	6665.0	6648.0	4196.33	78.9695	2451.62	66.9756	-0.191896	0.0810419	-0.05	0.0	0.47842	0.0590794	3.09398	0.000613221	0.047063	0.00268688	0.0222742	0.0012273	0.03	0.0	1.492	0.0	5.0	0.0	1.733	0.0	0.0363103	0.00110514	6.95629e-05	0.856416	0.192118	0.00697868	0.195257	0.140777	-0.00999932	0.0168172	0.00186295	0.000682555	1.55521	0.187671	0.911681	0.0182591	0.680244	0.125067	0.857374	0.254958	0.45329	0.0873268	0.0504712	0.0143347	0.185412	0.0161219	0.051328	0.0398321	-12044.1	4.0	5.79486e-08	-56997.5	7.0	5.56192e-06	1.0	2944.45	72.3209	1251.88	52.1054	0.298327	0.0110752	1068.24	59.0455	
0.0-2.4	9.5-11.0	0.0-100.0	0.000-1.571	0.008	0.136	5362.0	5357.0	3714.98	74.7206	1642.13	59.2356	-0.265016	0.102768	-0.05	0.0	0.372864	0.0823408	3.09218	0.000649674	0.0476574	0.00356834	0.0247404	0.00170443	0.03	0.0	1.492	0.0	5.0	0.0	1.733	0.0	0.0350817	0.00138079	1.00134e-05	0.000394123	0.195424	0.00820994	0.411816	0.288493	0.0022233	0.00388478	0.000752335	0.000720398	1.51553	0.180886	0.72713	0.020321	0.623799	0.114072	0.974251	0.0179906	0.321205	0.121339	0.0434784	0.012269	0.162688	0.0121847	0.388786	0.194306	-10940.4	4.0	2.08021e-06	-45408.4	7.0	8.33247e-05	1.0	2786.74	68.6201	928.239	43.7677	0.249864	0.0106558	1121.09	124.453	
0.4-0.8	6.5-30.0	0.0-100.0	0.000-1.571	0.008	0.073	5478.0	5478.0	3565.4	69.1849	1912.57	55.9769	-0.0449817	0.0914888	-0.05	0.0	0.75804	0.0663447	3.09338	0.000471677	0.0216992	0.000795079	0.0382472	0.00407118	0.03	0.0	1.492	0.0	5.0	0.0	1.733	0.0	0.0266623	0.00096962	1.07909e-05	6.48731e-06	0.199542	0.0082862	0.164736	0.163076	-0.00113548	0.00593586	-0.0014412	0.000600671	1.82366	0.359661	0.913944	0.0177285	0.733451	0.0560952	0.93613	0.0502044	0.488778	0.0473483	0.0710694	0.0225319	0.148667	0.0120465	0.361644	0.148717	-11806.1	4.0	1.30366e-06	-47120.9	7.0	3.43965e-06	1.0	2614.6	63.7893	950.803	42.8419	0.266675	0.0108447	1116.05	103.231	
0.8-1.2	6.5-30.0	0.0-100.0	0.000-1.571	0.008	0.105	9960.0	9954.0	5481.54	96.5077	4472.56	91.1257	0.107999	0.0631527	-0.05	0.0	0.368948	0.0957247	3.0924	0.000554049	0.0365537	0.00282765	0.0283925	0.00158511	0.03	0.0	1.492	0.0	5.0	0.0	1.733	0.0	0.0316495	0.000851401	3.76156e-05	0.000218351	0.191035	0.00679709	0.510138	0.279061	0.00698866	0.00378923	0.000216222	0.000640901	1.44442	0.131788	0.699255	0.017063	0.484267	0.0425946	0.938773	0.0315851	0.443501	0.0434956	0.0542339	0.00599943	0.129331	0.00862323	0.232487	0.0608255	-17841.9	4.0	2.455e-05	-88123.3	7.0	2.41384e-05	1.0	4181.44	87.9792	1300.1	53.3351	0.237178	0.00878834	1141.86	106.489	
1.2-1.6	6.5-30.0	0.0-10.0	0.000-1.571	0.008	0.136	5674.0	5665.0	2222.6	58.7758	3442.38	68.3683	0.134202	0.0663531	-0.05	0.0	0.493691	0.0	3.09127	0.0	0.0458075	0.0	0.0322037	0.00165143	0.03	0.0	1.492	0.0	5.0	0.0	1.733	0.0	0.0395096	0.00034076	2.31047e-05	0.000294422	0.199056	0.0109534	0.103775	0.0	0.00999984	0.0	0.00162287	0.000768363	2.09199	0.0	0.876696	0.0204809	0.956035	0.0547862	0.239105	0.0452303	0.311016	0.069365	0.19176	0.124674	0.176857	0.0169497	0.0558319	0.00590022	-7810.63	4.0	3.71351e-06	-45364.9	4.0	1.577e-05	1.0	1593.03	56.2605	629.569	40.8378	0.283258	0.0167777	1069.11	7.52599	
1.2-1.6	6.5-30.0	0.0-100.0	0.000-1.571	0.008	0.136	14178.0	14155.0	7064.08	119.427	7091.02	119.532	-0.0446927	0.0493556	-0.05	0.0	0.493691	0.0887274	3.09127	0.000623208	0.0458075	0.00241867	0.0308076	0.00155315	0.03	0.0	1.492	0.0	5.0	0.0	1.733	0.0	0.0389418	0.00100921	2.31047e-05	0.000294422	0.191241	0.00622086	0.103775	0.0507441	0.00999984	0.0195355	0.00185429	0.000470184	2.09199	0.256609	0.943489	0.0119539	0.734284	0.124317	0.397724	0.106871	0.350133	0.0760219	0.0907947	0.0197745	0.183507	0.0139247	0.045913	0.00931654	-22283.3	4.0	5.18155e-05	-128350.0	7.0	8.07454e-06	1.0	5302.0	109.192	1762.08	69.1053	0.249442	0.00882699	1118.91	46.9308	
1.2-1.6	6.5-30.0	10.0-20.0	0.000-1.571	0.008	0.128	3198.0	3187.0	1570.39	47.9475	1616.57	48.4258	-0.147302	0.0973093	-0.05	0.0	0.493691	0.0	3.09127	0.0	0.0458075	0.0	0.0347884	0.00234624	0.03	0.0	1.492	0.0	5.0	0.0	1.733	0.0	0.0406039	0.000508891	2.94195e-05	0.000284662	0.174915	0.0108658	0.103775	0.0	0.00999984	0.0	0.00264758	0.00108031	2.09199	0.0	1.04439	0.0265638	0.564943	0.0812703	0.692394	0.756292	0.49252	0.301547	0.0964928	0.0175706	0.156476	0.0183826	0.0200067	0.0755202	-4860.83	4.0	1.68494e-05	-24061.0	4.0	3.33396e-06	1.0	1106.11	46.2958	464.274	34.6941	0.295643	0.0201645	1196.55	10.3899	
1.2-1.6	6.5-30.0	20.0-30.0	0.000-1.571	0.008	0.105	2497.0	2488.0	1380.63	42.3127	1107.6	38.9508	-0.168612	0.117847	-0.05	0.0	0.493691	0.0	3.09127	0.0	0.0458075	0.0	0.0267458	0.00163977	0.03	0.0	1.492	0.0	5.0	0.0	1.733	0.0	0.0373913	0.000296931	1.00889e-05	0.00459463	0.200063	0.0148985	0.103775	0.0	0.00999984	0.0	7.88856e-05	0.00102994	2.09199	0.0	0.956509	0.0238121	0.47345	0.419875	0.496288	0.721587	0.157732	0.258168	0.0254717	0.00953536	0.140279	0.021568	0.0251283	0.00918514	-4510.36	4.0	1.34464e-06	-18497.2	4.0	6.03663e-05	1.0	1077.58	41.2444	303.053	26.3954	0.219503	0.0178957	1128.77	9.04207	
1.2-1.6	6.5-30.0	30.0-40.0	0.000-1.571	0.008	0.12	1409.0	1407.0	811.068	32.6818	595.758	29.2029	0.0629527	0.160466	-0.05	0.0	0.493691	0.0	3.09127	0.0	0.0458075	0.0	0.0292401	0.00281011	0.03	0.0	1.492	0.0	5.0	0.0	1.733	0.0	0.0383251	0.000542756	1.72747e-05	0.00459133	0.151603	0.0206902	0.103775	0.0	0.00999984	0.0	0.00492652	0.00137316	2.09199	0.0	0.892446	0.0351415	1.0	1.61333	0.210733	0.0583862	0.278765	0.0957711	0.0789974	1.36565	0.289127	0.0571658	0.0761057	0.0106229	-2529.97	4.0	0.000107453	-9683.41	4.0	4.30173e-05	1.0	667.38	34.6119	143.688	22.5462	0.177159	0.0268659	1080.73	13.0039	
1.2-1.6	6.5-30.0	40.0-50.0	0.000-1.571	0.016	0.064	720.0	706.0	519.657	24.6086	186.521	16.5042	-1.5784	0.3181	-0.05	0.0	0.493691	0.0	3.09127	0.0	0.0458075	0.0	0.028417	0.00298952	0.03	0.0	1.492	0.0	5.0	0.0	1.733	0.0	0.0380103	0.000565802	2.95545e-05	0.000300613	0.213655	0.0260437	0.103775	0.0	0.00999984	0.0	-0.0040678	0.00198839	2.09199	0.0	1.04499	0.0527595	0.999999	0.153644	0.999999	0.918863	0.522168	0.0334984	0.0224277	1.65055	0.187407	0.0133552	0.0606914	3.31076	-1432.94	4.0	4.19321e-07	-4591.73	4.0	5.50411e-05	1.0	402.648	24.6614	117.01	16.5926	0.225167	0.0300968	1197.01	20.6395	
1.2-1.6	6.5-30.0	50.0-100.0	0.000-1.571	0.016	0.073	677.0	670.0	545.31	24.5555	124.656	13.503	-1.09294	0.368541	-0.05	0.0	0.493691	0.0	3.09127	0.0	0.0458075	0.0	0.0292478	0.00236094	0.03	0.0	1.492	0.0	5.0	0.0	1.733	0.0	0.0383281	0.000456087	1.01642e-05	0.000817577	0.195775	0.0248055	0.103775	0.0	0.00999984	0.0	0.00613362	0.00182986	2.09199	0.0	0.965676	0.0498759	0.682206	0.249092	0.673562	0.27344	7.82584e-07	0.77812	0.030258	0.0300838	0.282252	0.0555788	0.0200001	0.185431	-1491.81	4.0	3.0758e-07	-4454.3	4.0	3.81685e-06	1.0	434.183	24.4824	111.127	15.562	0.203788	0.0270222	1135.75	19.0032	
1.6-2.0	6.5-30.0	0.0-100.0	0.000-1.571	0.008	0.16	14277.0	14269.0	6985.47	131.736	7283.53	132.822	-0.389262	0.0506222	-0.05	0.0	0.518657	0.1088	3.09099	0.000744857	0.0565015	0.00319246	0.0335719	0.00290716	0.03	0.0	1.492	0.0	5.0	0.0	1.733	0.0	0.0468858	0.00163768	2.61437e-05	0.00458725	0.205936	0.00745661	0.462154	0.274076	0.00485629	0.00340939	0.00180722	0.000709207	1.4787	0.146906	0.874525	0.015932	0.999998	0.427052	0.457344	0.0570112	0.633635	0.0277656	0.00803882	4.97933	0.187533	0.0137957	0.107697	0.0138503	-20569.2	4.0	1.92393e-05	-128607.0	7.0	0.00012795	1.0	5542.19	119.817	1443.27	64.5986	0.206611	0.00838664	1192.42	91.9593	
1.6-2.4	3.0-30.0	0.0-100.0	0.000-1.571	0.008	0.264	373338.0	373318.0	62792.2	464.116	310481.0	680.395	-0.0243236	0.00701633	-0.05	0.0	0.0305251	0.00404502	3.0891	0.000376814	0.0105913	0.000827507	0.0520352	0.000112038	0.03	0.0	1.89	0.0	5.0	0.0	1.44	0.0	0.0512683	7.5274e-05	1.05692e-05	6.49144e-05	0.22793	0.00400901	0.19593	0.106578	0.00823221	0.0041731	0.00624569	0.000167198	1.71895	0.159922	1.01567	0.00234216	1.0	0.00441194	0.789447	0.00557121	0.747163	0.00353153	0.0126782	3.22867e-06	0.118677	0.00195142	0.30822	0.00558768	-333602.0	4.0	4.36476e-07	-4471830.0	7.0	0.280322	1.0	52500.6	459.376	10291.6	257.356	0.1639	0.00391541	1186.76	48.7858	
1.6-2.4	3.0-4.5	0.0-100.0	0.000-1.571	0.016	0.264	277519.0	277506.0	34536.0	822.816	242974.0	937.069	0.0690248	0.00795465	-0.05	0.0	0.817324	0.0478832	3.08743	0.000664695	0.0485898	0.00118797	0.089999	0.00873778	0.03	0.0	1.86	0.0	5.0	0.0	1.38	0.0	0.0583894	0.00174951	8.85777e-05	0.0369611	0.245004	0.00671114	0.101357	0.069759	0.0499991	0.0925249	0.00324654	0.000196866	1.84755	0.275177	1.0622	0.00253503	1.0	0.0145969	0.807273	4.02045e-05	0.694281	2.96776e-05	0.103786	55.1875	0.0947546	1.11214e-05	0.320997	4.73262e-05	-231462.0	4.0	3.81265e-06	-3236790.0	7.0	0.00638417	1.0	29799.2	734.761	4736.82	220.371	0.137156	0.00548068	1166.14	40.7084	
1.6-2.4	3.0-5.5	0.0-100.0	0.000-1.571	0.016	0.264	330855.0	330835.0	46584.0	477.998	284251.0	682.703	0.0130864	0.00743442	-0.05	0.0	1.12471e-07	0.0450593	3.08854	0.000498732	0.045429	0.0517426	0.0517237	0.000577856	0.03	0.0	1.86	0.0	5.0	0.0	1.38	0.0	0.0517237	0.000318148	1.55371e-05	0.00459213	0.241226	0.00553966	0.125652	0.0884483	0.0251244	0.0167426	0.00670242	0.000177923	1.92178	0.271466	1.06125	0.00234099	1.0	14.2429	0.786414	0.0028565	0.758172	0.00096468	0.0919569	231.399	0.1146	0.000572368	0.316638	0.00031927	-283388.0	4.0	4.03561e-05	-3918620.0	7.0	8.83242e-05	1.0	39909.9	463.882	6674.11	228.416	0.14327	0.00467775	1203.66	54.4627	
1.6-2.4	3.0-6.5	0.0-10.0	0.000-1.571	0.016	0.264	157204.0	157184.0	16657.5	252.162	140527.0	432.946	-0.0729342	0.0103331	-0.05	0.0	0.877887	0.0	3.08908	0.0	0.0490675	0.0	0.0517537	0.00478275	0.03	0.0	1.86	0.0	5.0	0.0	1.38	0.0	0.0494034	0.000305911	1.3729e-05	0.00459296	0.250844	0.0112003	0.173641	0.0	0.0248856	0.0	0.00703202	0.000267284	1.74699	0.0	1.0604	0.00369911	1.0	0.0249644	0.755128	0.00019273	0.756455	9.05251e-05	0.283722	12.3829	0.124636	6.46328e-05	0.351005	0.000195707	-126925.0	4.0	1.28707e-05	-1743290.0	4.0	1.8674e-06	1.0	14648.2	256.454	2009.29	132.375	0.120624	0.00773424	1207.95	1.34171	
1.6-2.4	3.0-6.5	0.0-100.0	0.000-1.571	0.016	0.264	353657.0	353638.0	51276.5	694.281	302361.0	852.545	-0.0340508	0.00712297	-0.05	0.0	0.877887	0.0316431	3.08908	0.000463366	0.0490675	0.000717127	0.0899999	0.00711441	0.03	0.0	1.86	0.0	5.0	0.0	1.38	0.0	0.0557022	0.0011059	1.3729e-05	0.00459296	0.241015	0.0050458	0.173641	0.119565	0.0248856	0.0127773	0.00555058	0.000174553	1.74699	0.202734	1.03772	0.00236185	1.0	291.863	0.770832	0.0493214	0.752863	0.0122029	0.0982306	356.17	0.11323	0.0084139	0.306602	0.00446175	-308130.0	4.0	5.61499e-05	-4213740.0	7.0	0.000664641	1.0	43942.6	633.018	7333.89	237.846	0.143026	0.0042149	1191.57	55.871	
1.6-2.4	3.0-6.5	0.0-20.0	0.000-1.571	0.016	0.264	287347.0	287328.0	34289.3	445.482	253039.0	645.861	-0.0221494	0.00773219	-0.05	0.0	0.877887	0.0	3.08908	0.0	0.0490675	0.0	0.0899996	0.0499675	0.03	0.0	1.86	0.0	5.0	0.0	1.38	0.0	0.0557021	0.00492934	1.3729e-05	0.00459296	0.241407	0.00661645	0.173641	0.0	0.0248856	0.0	0.00598018	0.000197052	1.74699	0.0	1.04867	0.00264931	1.0	0.126861	0.776141	0.000227311	0.755983	0.000112405	0.218558	16.1822	0.113727	6.55311e-05	0.322768	0.000224962	-243081.0	4.0	1.17603e-05	-3360960.0	4.0	0.000114446	1.0	29562.0	426.723	4727.39	195.854	0.137867	0.00542368	1199.46	0.957026	
1.6-2.4	3.0-6.5	10.0-20.0	0.000-1.571	0.016	0.209	130143.0	129879.0	15634.7	210.509	114244.0	378.048	0.0584607	0.0114346	-0.05	0.0	0.877887	0.0	3.08908	0.0	0.0490675	0.0	0.01	7.4378e-05	0.03	0.0	1.86	0.0	5.0	0.0	1.38	0.0	0.0461067	9.84945e-07	1.37782e-05	0.00459294	0.23984	0.00877297	0.173641	0.0	0.0248856	0.0	0.00652946	0.000288662	1.74699	0.0	1.02881	0.00376868	0.944907	0.00658004	0.725284	0.0316901	0.756523	0.00898246	0.403029	0.0338217	0.1407	0.00282872	0.084267	0.00790756	-117212.0	4.0	1.57367e-05	-1416830.0	4.0	1.1364e-05	1.0	13466.9	215.722	2167.88	120.462	0.138658	0.00747514	1185.16	1.35172	
1.6-2.4	3.0-6.5	20.0-30.0	0.000-1.571	0.016	0.192	36490.0	36480.0	6867.34	128.013	29612.6	197.817	-0.120538	0.0225899	-0.05	0.0	0.877887	0.0	3.08908	0.0	0.0490675	0.0	0.09	0.00665003	0.03	0.0	1.86	0.0	5.0	0.0	1.38	0.0	0.0557022	0.000656033	1.37746e-05	0.00459294	0.230751	0.0108391	0.173641	0.0	0.0248856	0.0	0.00315914	0.000517089	1.74699	0.0	0.999101	0.00699733	0.951544	0.0288976	0.773834	0.0523344	0.731412	0.0132383	0.383039	0.0863286	0.114906	0.00982493	0.192347	0.0265695	-34546.6	4.0	1.25634e-05	-352564.0	4.0	4.13836e-06	1.0	5720.07	130.79	1147.27	78.7027	0.167062	0.0110292	1163.97	2.48164	
1.6-2.4	3.0-6.5	20.0-40.0	0.000-1.571	0.016	0.192	54002.0	53981.0	11557.1	159.243	42424.2	237.114	-0.103387	0.0188808	-0.05	0.0	0.877887	0.0	3.08908	0.0	0.0490675	0.0	0.0899999	0.0043375	0.03	0.0	1.86	0.0	5.0	0.0	1.38	0.0	0.0557022	0.000427899	1.37746e-05	0.00459294	0.23494	0.00874057	0.173641	0.0	0.0248856	0.0	0.00394357	0.000422412	1.74699	0.0	1.00124	0.0058304	0.943344	0.0413179	0.794474	0.0801444	0.738768	0.0104985	0.3172	0.0826673	0.11945	0.00829273	0.177926	0.0228803	-52375.9	4.0	2.67923e-05	-543695.0	4.0	2.35291e-05	1.0	9717.64	164.322	1839.42	98.5668	0.15916	0.00824194	1165.48	2.06951	
1.6-2.4	3.0-6.5	30.0-40.0	0.000-1.571	0.016	0.152	17512.0	17365.0	4406.25	93.14	12958.7	131.253	-0.0200021	0.0340746	-0.05	0.0	0.877887	0.0	3.08908	0.0	0.0490675	0.0	0.0266458	0.00526865	0.03	0.0	1.86	0.0	5.0	0.0	1.38	0.0	0.0469075	0.000182733	1.3843e-05	0.00459291	0.243322	0.0148156	0.173641	0.0	0.0248856	0.0	0.00520651	0.000729845	1.74699	0.0	0.997368	0.0104015	1.0	31.6579	0.699363	0.0059737	0.742366	0.00182359	0.0545152	54.2356	0.117519	0.000733969	0.15294	0.000665816	-18091.9	4.0	1.35321e-05	-155892.0	4.0	8.33771e-06	1.0	3733.22	96.4123	673.022	57.1872	0.152743	0.0125707	1162.74	3.68643	
1.6-2.4	3.0-6.5	40.0-100.0	0.000-1.571	0.016	0.168	12307.0	12290.0	5388.73	98.8634	6901.69	106.229	-0.020149	0.0469848	-0.05	0.0	0.877887	0.0	3.08908	0.0	0.0490675	0.0	0.069519	0.00958276	0.03	0.0	1.86	0.0	5.0	0.0	1.38	0.0	0.0519979	0.000782241	1.33924e-05	0.00459311	0.243334	0.0136076	0.173641	0.0	0.0248856	0.0	0.00568701	0.000801086	1.74699	0.0	0.937763	0.011357	1.0	0.00211818	0.745211	0.045358	0.770348	0.01613	0.912067	1.69033	0.18436	0.0177322	0.234293	0.0404797	-14775.3	4.0	1.47142e-05	-108081.0	4.0	2.90948e-05	1.0	4605.35	101.22	783.379	57.5602	0.145374	0.0103433	1121.0	3.92545	
1.6-2.4	3.0-6.5	40.0-50.0	0.000-1.571	0.016	0.136	7275.0	7168.0	2757.5	69.7971	4410.5	80.7727	0.0270243	0.0585728	-0.05	0.0	0.877887	0.0	3.08908	0.0	0.0490675	0.0	0.0583678	0.00989322	0.03	0.0	1.86	0.0	5.0	0.0	1.38	0.0	0.0502955	0.000700994	1.41936e-05	0.00459275	0.224871	0.0139263	0.173641	0.0	0.0248856	0.0	0.00148699	0.00104949	1.74699	0.0	0.856162	0.0160175	0.826337	4.93127	0.852667	0.485415	0.405759	1.67169	0.00723353	5.58464e-08	0.0500033	0.00378193	0.252317	0.0496794	-8398.02	4.0	4.85968e-07	-58797.3	4.0	2.36574e-06	1.0	2155.0	70.6732	602.497	47.4543	0.218494	0.0162963	1065.68	5.31692	
1.6-2.4	3.0-6.5	50.0-100.0	0.000-1.571	0.016	0.168	5032.0	5032.0	2643.09	64.7999	2388.91	62.8	0.0143618	0.0801945	-0.05	0.0	0.877887	0.0	3.08908	0.0	0.0490675	0.0	0.0874513	0.0127602	0.03	0.0	1.86	0.0	5.0	0.0	1.38	0.0	0.0552042	0.00123419	1.33924e-05	0.00459311	0.276562	0.0244267	0.173641	0.0	0.0248856	0.0	0.00388378	0.00123055	1.74699	0.0	0.96545	0.0162739	0.869675	0.00277871	1.0	1.30593	0.746282	0.0019942	0.23779	0.00438504	0.192952	0.00141274	0.0274821	5.50021	-6573.88	4.0	2.23802e-06	-40228.5	4.0	3.41765e-05	1.0	2348.14	66.9277	294.947	34.8919	0.111592	0.0129146	1140.26	5.69321	
1.6-2.4	4.5-5.5	0.0-100.0	0.000-1.571	0.016	0.184	53336.0	53215.0	11048.9	237.28	42166.1	295.521	-0.413676	0.0207809	-0.05	0.0	0.129821	0.183918	3.0907	0.000841666	0.0722035	0.0219237	0.0470863	0.0031486	0.03	0.0	1.86	0.0	5.0	0.0	1.38	0.0	0.0510499	0.0035959	2.30218e-05	0.000291032	0.22531	0.0087944	0.23046	0.240884	0.0112429	0.0129983	0.00796458	0.000427378	1.78882	0.370612	1.02731	0.00649686	0.825556	0.0208835	0.837727	0.110356	0.784531	0.0264533	0.202504	0.0170711	0.182374	0.00608319	0.0574968	0.0370885	-52188.0	4.0	5.62891e-07	-535048.0	7.0	0.00204676	1.0	9180.16	219.639	1868.72	104.807	0.169132	0.00876282	1244.82	120.555	
1.6-2.4	5.5-6.5	0.0-100.0	0.000-1.571	0.016	0.168	22802.0	22773.0	6571.97	148.782	16201.1	178.164	-0.48252	0.0313647	-0.05	0.0	0.924612	0.104249	3.09355	0.00105367	0.0525378	0.00362248	0.032255	0.0111889	0.03	0.0	1.86	0.0	5.0	0.0	1.38	0.0	0.0512891	0.00194343	1.49587e-05	0.00459239	0.220274	0.0103777	0.433557	0.413492	0.016385	0.017632	0.0042768	0.000678435	1.45242	0.194727	0.874933	0.0118937	1.0	891.231	0.3525	0.038119	0.716542	0.0163541	0.0076387	1106.63	0.212202	0.0114249	0.104035	0.00366579	-25901.8	4.0	4.62002e-05	-211062.0	7.0	0.000669587	1.0	5577.22	138.841	994.743	61.9823	0.151362	0.00878679	1161.12	130.812	
1.6-2.4	6.5-30.0	0.0-10.0	0.000-1.571	0.008	0.152	7823.0	7815.0	3187.9	72.1466	4627.15	81.5114	-0.334821	0.057828	-0.05	0.0	0.6244	0.0	3.09077	0.0	0.0588356	0.0	0.033126	0.00206053	0.03	0.0	1.492	0.0	5.0	0.0	1.733	0.0	0.0507306	0.000252681	2.77437e-05	0.00458652	0.235483	0.0140167	0.211707	0.0	0.00199102	0.0	0.00293877	0.000840141	1.6767	0.0	1.06365	0.0188591	1.0	1.49902	0.325768	0.0159783	0.554635	0.00895721	0.11683	3.26802	0.204861	0.00643891	0.0896501	0.002655	-9813.46	4.0	3.85898e-05	-64887.3	4.0	3.9041e-05	1.0	2626.36	70.6904	561.539	40.3205	0.176147	0.0120033	1219.43	6.48365	
1.6-2.4	6.5-30.0	0.0-100.0	0.000-1.571	0.008	0.152	19680.0	19662.0	9750.26	162.925	9911.62	163.404	-0.404438	0.0432799	-0.05	0.0	0.6244	0.0947958	3.09077	0.00066091	0.0588356	0.00272986	0.0322048	0.00336445	0.03	0.0	1.492	0.0	5.0	0.0	1.733	0.0	0.0505074	0.00156272	2.77437e-05	0.00458652	0.199806	0.00599713	0.211707	0.175346	0.00199102	0.00574194	0.00249872	0.000472022	1.6767	0.235346	0.960866	0.0105099	1.0	205.689	0.509203	1.79211	0.62932	0.981768	0.00761629	7.78446e-08	0.182135	0.251385	0.108451	0.362595	-28093.2	4.0	1.9079e-06	-183414.0	7.0	0.0001797	1.0	7582.46	146.228	2167.8	81.496	0.222332	0.0074873	1150.21	80.676	
1.6-2.4	6.5-30.0	10.0-20.0	0.000-1.571	0.008	0.16	4945.0	4945.0	2314.1	59.8481	2630.77	62.4362	-0.313219	0.0768137	-0.05	0.0	0.6244	0.0	3.09077	0.0	0.0588356	0.0	0.034139	0.00280777	0.03	0.0	1.492	0.0	5.0	0.0	1.733	0.0	0.0509823	0.000353093	2.91966e-05	0.00458585	0.177882	0.0107846	0.211707	0.0	0.00199102	0.0	0.0013471	0.000982051	1.6767	0.0	0.982259	0.0207826	0.881153	0.00139139	0.999992	0.171079	0.661946	0.00129714	0.219275	0.00230226	0.138831	0.000496744	0.214386	2.88538	-6886.31	4.0	8.77432e-05	-39109.8	4.0	8.19306e-06	1.0	1770.88	60.1941	543.215	41.5106	0.234742	0.0168796	1164.37	6.91027	
1.6-2.4	6.5-30.0	20.0-30.0	0.000-1.571	0.008	0.136	3086.0	3074.0	1700.3	47.8214	1373.7	44.2761	-0.729797	0.108333	-0.05	0.0	0.6244	0.0	3.09077	0.0	0.0588356	0.0	0.0269445	0.00210244	0.03	0.0	1.492	0.0	5.0	0.0	1.733	0.0	0.0493369	0.000215634	6.70209e-05	0.882424	0.21085	0.0137161	0.211707	0.0	0.00199102	0.0	0.00344746	0.00102618	1.6767	0.0	0.831949	0.0244733	0.877515	0.156597	0.494139	0.180616	0.576022	0.13974	0.117793	0.0569566	0.175556	0.0262852	0.0487885	0.0370914	-4962.41	4.0	2.77527e-07	-23266.6	4.0	3.65679e-07	1.0	1287.27	46.4045	413.04	31.2659	0.242921	0.017072	1068.08	7.51354	
1.6-2.4	6.5-30.0	30.0-40.0	0.000-1.571	0.008	0.12	1868.0	1864.0	1136.16	38.5992	727.76	32.8866	-0.459702	0.147692	-0.05	0.0	0.6244	0.0	3.09077	0.0	0.0588356	0.0	0.0282761	0.00256026	0.03	0.0	1.492	0.0	5.0	0.0	1.733	0.0	0.049616	0.000274018	7.90451e-05	0.000185159	0.165602	0.012191	0.211707	0.0	0.00199102	0.0	0.000786787	0.00133999	1.6767	0.0	0.851698	0.0289865	0.803941	0.0183043	1.0	7.24184	0.692348	0.00719215	0.00732599	0.00453935	0.203732	0.00457892	0.159155	26.657	-3141.16	4.0	6.89046e-06	-13307.9	4.0	5.31698e-06	1.0	780.489	38.6491	355.674	30.6052	0.313048	0.0247489	1080.28	9.00752	
1.6-2.4	6.5-30.0	40.0-50.0	0.000-1.571	0.008	0.136	1044.0	1041.0	686.077	29.1962	354.836	22.8299	-0.890094	0.215733	-0.05	0.0	0.6244	0.0	3.09077	0.0	0.0588356	0.0	0.0309944	0.00317486	0.03	0.0	1.492	0.0	5.0	0.0	1.733	0.0	0.0502221	0.000367967	6.70209e-05	0.882424	0.177763	0.0178118	0.211707	0.0	0.00199102	0.0	0.000910561	0.00148261	1.6767	0.0	0.691452	0.0344954	0.624637	0.0356957	0.999986	1.53351	0.448807	0.036222	0.0385687	0.00478806	0.224853	0.014565	0.0201133	14.3373	-1855.66	4.0	3.50965e-05	-6907.55	4.0	2.43509e-05	1.0	507.592	28.62	178.485	20.2535	0.260153	0.0273662	985.933	9.53528	
1.6-2.4	6.5-30.0	50.0-100.0	0.000-1.571	0.008	0.088	912.0	894.0	703.957	28.8489	190.014	17.8423	-0.12443	0.293406	-0.05	0.0	0.6244	0.0	3.09077	0.0	0.0588356	0.0	0.0442764	0.00452358	0.03	0.0	1.492	0.0	5.0	0.0	1.733	0.0	0.0538309	0.000698745	7.21792e-05	0.000182081	0.17848	0.0200498	0.211707	0.0	0.00199102	0.0	0.00520622	0.00189209	1.6767	0.0	0.837475	0.0399981	0.648404	0.801981	1.0	1.40577	0.319352	0.989334	0.0475562	0.121016	0.205008	0.116695	0.0255883	26.1513	-1818.81	4.0	7.30841e-05	-5959.64	4.0	6.88835e-06	1.0	553.838	29.3623	150.119	19.6174	0.21325	0.0264616	1071.47	12.3222	
2.0-2.4	6.5-30.0	0.0-100.0	0.000-1.571	0.008	0.152	5402.0	5398.0	2998.5	81.4251	2399.46	77.605	-0.365578	0.0838981	-0.05	0.0	0.437651	0.0598525	3.0899	0.00145336	0.0407447	0.00316444	0.08	0.0219932	0.03	0.0	1.492	0.0	5.0	0.0	1.733	0.0	0.0657692	0.00761097	7.87116e-05	0.000484264	0.194011	0.0103088	0.0616687	0.0610904	-0.00999983	0.0176875	0.00228953	0.000818101	2.1655	0.541626	0.962679	0.0169781	0.808589	0.00397484	0.999995	3.99038	0.623216	0.00289816	0.110917	0.00199134	0.164379	0.00123378	0.12018	23.9543	-7576.71	4.0	2.56994e-05	-43337.7	7.0	8.74789e-06	1.0	2249.32	75.1252	749.182	48.2371	0.249852	0.0145863	1076.47	63.4758	
