noWeight_TnPAtRD_4DEff_RapPtEffMap2
rap	pT	cent	dPhi	ctauErrMin	ctauErrMax	NoCutEntry	CutEntry	NSig	NSigErr	NBkg	NBkgErr	coefExp	coefExpErr	coefPol1	coefPol1Err	coeffGaus	coeffGausErr	meanSig1	meanSig1Err	sigmaSig1	sigmaSig1Err	sigmaSig2	sigmaSig2Err	sigmaSig3	sigmaSig3Err	alpha	alphaErr	enne	enneErr	enneW	enneWErr	sigWidth	sigWidthErr	Gmc	GmcErr	bTau	bTauErr	fracRes	fracResErr	meanResSigW	meanResSigWErr	meanResSigN	meanResSigNErr	sigmaResSigW	sigmaResSigWErr	sigmaResSigN	sigmaResSigNErr	fpm	fpmErr	fLiving	fLivingErr	fbkgCtTot	fbkgCtTotErr	lambdam	lambdamErr	lambdap	lambdapErr	lambdasym	lambdasymErr	NLL	nFitPar	EDM	NLLMass	nFitParMass	EDMMass	Prob	PROMPT	PROMPTErr	NON-PROMPT	NON-PROMPTErr	Bfraction	BfractionErr	Resolution	ResolutionErr	
0.0-0.4	6.5-30.0	0.0-100.0	0.000-1.571	0.016	0.064	2385.0	2358.0	1655.22	44.9558	702.784	32.6889	-0.304626	0.15136	-0.05	0.0	0.293385	0.116124	3.09412	0.000575192	0.0217252	0.00257025	0.0175278	0.0011574	0.03	0.0	1.492	0.0	5.0	0.0	1.733	0.0	0.0188564	0.000630498	1.00026e-05	0.00176926	0.195029	0.0105409	0.694775	0.303579	-0.00218903	0.0024479	0.000197624	0.00170283	1.32766	0.111972	0.640294	0.0438733	0.670068	0.0551877	1.0	0.0767373	0.37288	0.0577534	0.0621207	0.0111545	0.173389	0.0154868	0.21732	2.61475	-5389.05	4.0	3.82859e-06	-18793.0	7.0	2.27655e-05	1.0	1135.95	41.0599	519.265	30.544	0.313714	0.0163683	1161.81	98.9833	
0.0-1.2	6.5-30.0	0.0-10.0	0.000-1.571	0.008	0.088	3016.0	3015.0	1770.93	48.86	1243.88	43.1289	-0.114086	0.111005	-0.05	0.0	0.573427	0.0	3.09296	0.0	0.0208552	0.0	0.0368691	0.0025362	0.03	0.0	1.492	0.0	5.0	0.0	1.733	0.0	0.0287969	0.000692571	1.12992e-05	0.000388937	0.165748	0.00894083	0.282557	0.0	0.00228371	0.0	-0.000822606	0.00101017	1.58042	0.0	0.865051	0.0303332	0.806341	0.133374	0.582997	0.199603	0.367656	0.172977	0.112182	0.0410736	0.156921	0.0201527	0.0445214	0.0328631	-5731.24	4.0	1.17261e-06	-23543.1	4.0	2.83755e-05	1.0	1184.21	45.711	586.718	35.8336	0.331305	0.0180521	1114.73	8.44398	
0.0-1.2	6.5-30.0	0.0-100.0	0.000-1.571	0.008	0.105	8798.0	8796.0	5848.65	88.348	2947.18	70.0186	-0.131929	0.0757723	-0.05	0.0	0.573427	0.074795	3.09296	0.000408374	0.0208552	0.000868191	0.0360409	0.00298735	0.03	0.0	1.492	0.0	5.0	0.0	1.733	0.0	0.0283461	0.00100731	1.16782e-05	0.000130175	0.192036	0.00590171	0.282557	0.19576	0.00228371	0.00264771	-0.000775089	0.000514959	1.58042	0.170805	0.82987	0.015434	0.639299	0.0468272	0.976171	0.0146114	0.399219	0.0460038	0.0549886	0.00775942	0.149398	0.00867024	0.422914	0.160369	-18499.0	4.0	2.1276e-06	-79570.2	7.0	9.7748e-05	1.0	4153.65	81.1065	1695.0	57.42	0.28981	0.00878755	1095.37	88.1059	
0.0-1.2	6.5-30.0	10.0-20.0	0.000-1.571	0.008	0.088	2134.0	2133.0	1365.56	41.1345	767.424	33.0749	-0.152696	0.141566	-0.05	0.0	0.573427	0.0	3.09296	0.0	0.0208552	0.0	0.0349481	0.00226027	0.03	0.0	1.492	0.0	5.0	0.0	1.733	0.0	0.0277563	0.000606997	1.12992e-05	0.000388937	0.219182	0.0134727	0.282557	0.0	0.00228371	0.0	-0.00128253	0.00107425	1.58042	0.0	0.822919	0.033368	0.532686	0.108378	0.945818	0.0344017	0.293995	0.134769	0.0387596	0.0102157	0.143259	0.0190164	0.343615	0.144553	-4240.26	4.0	4.20692e-05	-16174.8	4.0	1.88579e-06	1.0	955.441	37.61	410.117	27.181	0.300329	0.01773	1091.6	9.02359	
0.0-1.2	6.5-30.0	20.0-30.0	0.000-1.571	0.008	0.105	1541.0	1540.0	1053.46	35.9905	486.337	26.9843	0.167828	0.178557	-0.05	0.0	0.573427	0.0	3.09296	0.0	0.0208552	0.0	0.0350378	0.00283765	0.03	0.0	1.492	0.0	5.0	0.0	1.733	0.0	0.0278044	0.000762683	1.16782e-05	0.000130175	0.207365	0.0152221	0.282557	0.0	0.00228371	0.0	0.00136978	0.00115246	1.58042	0.0	0.80118	0.0348097	0.505641	0.00970069	1.0	7.23753	0.303447	0.0119707	0.0462967	0.00130762	0.162961	0.00381248	0.0480836	31.0947	-3349.35	4.0	2.89547e-07	-11320.3	4.0	6.16191e-05	1.0	768.622	33.316	284.837	22.6959	0.270383	0.0194633	1079.94	9.26379	
0.0-1.2	6.5-30.0	30.0-40.0	0.000-1.571	0.008	0.064	952.0	951.0	699.804	28.9144	250.961	19.6799	-0.683285	0.253358	-0.05	0.0	0.573427	0.0	3.09296	0.0	0.0208552	0.0	0.0386482	0.00351526	0.03	0.0	1.492	0.0	5.0	0.0	1.733	0.0	0.0297754	0.00097318	1.32366e-05	0.000329048	0.168312	0.0153901	0.282557	0.0	0.00228371	0.0	-0.00167911	0.00151445	1.58042	0.0	0.835206	0.0413382	0.635248	0.0247526	0.999992	7.03974	0.415275	0.0243509	0.0613051	0.00474323	0.161869	0.00835764	0.0867055	19.4004	-2240.05	4.0	9.35609e-07	-6627.09	4.0	0.000108182	1.0	510.401	27.4294	189.403	19.2063	0.270652	0.0250637	1098.28	11.2769	
0.0-1.2	6.5-30.0	40.0-50.0	0.000-1.571	0.016	0.048	581.0	572.0	458.17	23.22	113.831	13.9576	-0.440634	0.375965	-0.05	0.0	0.573427	0.0	3.09296	0.0	0.0208552	0.0	0.0406545	0.0048237	0.03	0.0	1.492	0.0	5.0	0.0	1.733	0.0	0.030894	0.00135387	1.43354e-05	8.22848e-05	0.208888	0.0234311	0.282557	0.0	0.00228371	0.0	-0.00305858	0.00178162	1.58042	0.0	0.792812	0.0516493	0.839582	0.780501	0.622475	0.348747	0.000181079	0.721451	0.0156815	0.0220971	0.251203	0.0508948	0.0200047	0.110797	-1399.03	4.0	1.55972e-06	-3782.34	4.0	1.05749e-06	1.0	339.084	21.6961	119.086	14.5544	0.259917	0.0289064	1075.5	13.6578	
0.0-1.2	6.5-30.0	50.0-100.0	0.000-1.571	0.008	0.056	574.0	573.0	499.49	23.507	73.499	11.252	0.0926422	0.469493	-0.05	0.0	0.573427	0.0	3.09296	0.0	0.0208552	0.0	0.0343427	0.00322958	0.03	0.0	1.492	0.0	5.0	0.0	1.733	0.0	0.027432	0.000862355	1.34486e-05	0.000306561	0.198742	0.0223476	0.282557	0.0	0.00228371	0.0	-0.000731935	0.00145982	1.58042	0.0	0.739395	0.0459318	0.99995	1.12564	0.999996	1.02309	0.335801	0.149608	0.00709326	1.52481	0.18159	0.0293091	0.0200214	10.1315	-1649.94	4.0	4.84678e-05	-3937.14	4.0	9.81238e-06	1.0	381.175	22.4232	118.314	14.5603	0.236871	0.0269347	1047.85	11.6265	
0.0-2.4	10.0-13.0	0.0-100.0	0.000-1.571	0.016	0.136	3638.0	3637.0	2691.91	58.3325	945.091	40.6917	-0.481257	0.135029	-0.05	0.0	0.359443	0.089748	3.09255	0.000738468	0.0208608	0.00220829	0.0402013	0.00273114	0.03	0.0	1.492	0.0	5.0	0.0	1.733	0.0	0.0345203	0.00129786	1.25623e-05	9.06713e-05	0.190235	0.00846459	0.0553227	0.0789039	0.000211463	0.0144846	-0.000914816	0.000694338	2.09405	0.553677	0.898456	0.0207261	0.776922	0.116831	0.625961	0.105138	4.59479e-06	0.160726	0.0698707	0.0198976	0.167458	0.0138645	0.0237939	0.0113856	-7810.4	4.0	1.11776e-05	-29798.6	7.0	7.72676e-06	1.0	1889.77	54.4971	802.133	39.9388	0.29798	0.0133578	1002.58	77.8183	
0.0-2.4	10.0-30.0	0.0-100.0	0.000-1.571	0.008	0.136	5840.0	5839.0	4393.81	74.4289	1445.1	50.9014	-0.489298	0.110267	-0.05	0.0	0.41779	0.074234	3.09305	0.000574298	0.0218051	0.00161207	0.0417835	0.00257805	0.03	0.0	1.492	0.0	5.0	0.0	1.733	0.0	0.0348583	0.00114502	1.01973e-05	0.00191321	0.180599	0.0060772	0.0473596	0.058793	-0.000901407	0.00750486	-0.000756293	0.000518019	2.0393	0.463163	0.932469	0.0167282	0.803973	0.0945515	0.84967	0.203638	0.291979	0.112536	0.0622722	0.0145085	0.177273	0.012754	0.034645	0.0292998	-12860.3	4.0	1.8287e-05	-50806.6	7.0	7.82858e-06	1.0	2967.91	68.9144	1425.89	52.9625	0.324523	0.0107274	1012.56	53.1177	
0.0-2.4	11.0-13.0	0.0-100.0	0.000-1.571	0.016	0.105	1942.0	1941.0	1467.31	42.7071	473.72	28.8157	-0.597331	0.19527	-0.05	0.0	0.423874	0.136608	3.09311	0.00102822	0.0216908	0.00281276	0.0434044	0.00575012	0.03	0.0	1.492	0.0	5.0	0.0	1.733	0.0	0.0358443	0.00244271	4.93653e-05	0.000238442	0.204924	0.0118507	0.0327913	0.0389773	-0.000379609	0.0145213	0.000421308	0.000942127	2.53147	0.73527	0.943055	0.0292804	0.765253	0.0992441	0.647645	0.0813787	2.8611e-07	0.171507	0.071839	0.0207494	0.172128	0.017714	0.02	0.0169276	-4157.61	4.0	7.40692e-06	-14745.3	7.0	1.38756e-06	1.0	1007.08	39.3984	460.227	29.5378	0.313654	0.0179416	1034.57	61.1463	
0.0-2.4	13.0-16.0	0.0-100.0	0.000-1.571	0.016	0.08	1308.0	1300.0	1029.83	35.8797	270.228	22.9719	-0.412384	0.257627	-0.05	0.0	0.604647	0.117353	3.09332	0.00117855	0.0248217	0.00270098	0.0540154	0.00800469	0.03	0.0	1.492	0.0	5.0	0.0	1.733	0.0	0.0390645	0.00283619	1.00002e-05	0.000966722	0.189597	0.0136908	0.0328606	0.0671202	-0.00999998	0.0182228	0.00121705	0.00111706	1.85565	0.763715	1.00621	0.0364644	0.883288	0.151142	0.788764	0.266528	0.116992	0.0742055	0.0461053	0.0212737	0.159413	0.0235666	0.0422087	0.0184386	-3012.69	4.0	1.05979e-05	-9464.73	7.0	1.23501e-05	1.0	722.381	33.6953	307.454	24.8332	0.298547	0.0217551	1045.15	48.0403	
0.0-2.4	13.0-30.0	0.0-100.0	0.000-1.571	0.008	0.105	2202.0	2202.0	1703.72	46.0799	498.333	30.2962	-0.513364	0.18803	-0.05	0.0	0.51724	0.104259	3.09382	0.000895364	0.0230791	0.00210368	0.045512	0.00479375	0.03	0.0	1.492	0.0	5.0	0.0	1.733	0.0	0.0357137	0.00188655	2.10356e-05	0.0045896	0.16686	0.00861661	0.0347602	0.122355	-0.00537756	0.015369	-0.000791626	0.000786246	1.80759	0.989032	0.952149	0.0283154	0.851328	0.168853	0.865628	0.272729	0.334175	0.0959599	0.0425237	0.0173992	0.19579	0.0229489	0.0415545	0.0263826	-5063.62	4.0	4.68263e-08	-17144.0	7.0	9.12297e-06	1.0	1077.59	42.1611	626.14	34.8557	0.367512	0.0178815	994.308	80.1401	
0.0-2.4	16.0-30.0	0.0-100.0	0.000-1.571	0.008	0.064	894.0	893.0	677.505	28.8915	215.464	19.3075	-0.707064	0.28619	-0.05	0.0	0.227015	0.22562	3.09495	0.00152175	0.0192891	0.0057306	0.0331338	0.00510445	0.03	0.0	1.492	0.0	5.0	0.0	1.733	0.0	0.0305465	0.00255815	5.46616e-05	1.05755	0.157424	0.0116682	0.461092	0.573416	0.00155876	0.00498774	-0.00351148	0.0014327	1.33655	0.440517	0.721419	0.0512077	0.679736	1.6084	0.955135	0.118396	0.336056	1.38613	0.00708493	1.0526e-08	0.231207	0.0338853	0.059023	0.0624462	-2058.39	4.0	8.84205e-07	-6130.6	7.0	0.000141507	1.0	395.665	24.7079	281.84	21.6851	0.415996	0.0266415	1050.79	215.879	
0.0-2.4	6.5-30.0	0.0-10.0	0.000-1.571	0.008	0.184	7242.0	7242.0	3579.0	69.8723	3662.88	70.4695	-0.111813	0.0645703	-0.05	0.0	0.412144	0.0	3.09296	0.0	0.0470561	0.0	0.0239865	0.000849832	0.03	0.0	1.492	0.0	5.0	0.0	1.733	0.0	0.035367	0.000169412	3.80561e-05	6.9663e-05	0.183781	0.00778718	0.194806	0.0	0.00388621	0.0	0.000630787	0.000689028	1.71005	0.0	0.965072	0.0188978	0.933522	0.773766	0.423386	0.253194	0.513654	0.0595411	0.127433	0.123556	0.183788	0.0239526	0.0784881	0.0270729	-11304.1	4.0	3.40037e-05	-61007.7	4.0	3.50038e-06	1.0	2559.54	67.3726	1019.46	49.3787	0.284846	0.0126264	1148.74	6.39179	
0.0-2.4	6.5-30.0	0.0-100.0	0.000-1.571	0.008	0.128	20704.0	20660.0	12119.1	139.45	8541.56	125.959	-0.198697	0.0438839	-0.05	0.0	0.412144	0.0443551	3.09296	0.00037664	0.0470561	0.00188036	0.0244508	0.00084362	0.03	0.0	1.492	0.0	5.0	0.0	1.733	0.0	0.0355534	0.000739098	3.69757e-05	6.79802e-05	0.190289	0.00439136	0.194806	0.0809249	0.00388621	0.00250472	-0.000241807	0.000364364	1.71005	0.123875	0.886341	0.00997727	0.882573	0.0990225	0.471727	0.0888508	0.385001	0.0591862	0.135252	0.0528084	0.181199	0.0106772	0.0501353	0.0127924	-36531.8	4.0	4.94353e-05	-198786.0	7.0	0.00013732	1.0	8840.08	128.59	3278.98	87.2471	0.270564	0.00649118	1096.46	43.839	
0.0-2.4	6.5-30.0	0.0-5.0	0.000-1.571	0.008	0.184	3926.0	3926.0	1913.47	51.3667	2012.47	52.3212	-0.0516493	0.0870075	-0.05	0.0	0.412144	0.0	3.09296	0.0	0.0470561	0.0	0.0230669	0.00118616	0.03	0.0	1.492	0.0	5.0	0.0	1.733	0.0	0.0350055	0.00022974	3.80561e-05	6.9663e-05	0.183109	0.0110774	0.194806	0.0	0.00388621	0.0	0.00402946	0.000954027	1.71005	0.0	1.00618	0.0266465	0.322665	2.57544	0.766283	1.46082	0.202566	5.82246	0.00831198	9.93937e-09	0.166288	0.0241325	0.101335	0.033572	-6089.82	4.0	3.07176e-08	-30643.1	4.0	1.09971e-06	1.0	1405.04	49.7098	508.434	35.1385	0.265713	0.0169218	1176.8	9.17249	
0.0-2.4	6.5-30.0	10.0-15.0	0.000-1.571	0.008	0.152	2827.0	2826.0	1503.87	44.8108	1321.98	42.7327	-0.176885	0.107722	-0.05	0.0	0.412144	0.0	3.09296	0.0	0.0470561	0.0	0.0244989	0.0013048	0.03	0.0	1.492	0.0	5.0	0.0	1.733	0.0	0.0355729	0.000264127	1.79985e-05	0.004591	0.199358	0.0123655	0.194806	0.0	0.00388621	0.0	0.00329965	0.00103614	1.71005	0.0	0.899688	0.0284461	0.422273	0.0629129	0.890448	0.0683508	0.290568	0.105775	0.0318222	0.00808635	0.131502	0.0179153	0.163227	0.0624157	-4634.81	4.0	2.20272e-05	-21298.4	4.0	8.62592e-06	1.0	1079.28	42.3713	424.59	30.3507	0.282331	0.0183447	1105.18	9.32293	
0.0-2.4	6.5-30.0	10.0-20.0	0.000-1.571	0.008	0.16	5132.0	5131.0	2842.29	60.9838	2288.44	56.2599	-0.197439	0.0819918	-0.05	0.0	0.412144	0.0	3.09296	0.0	0.0470561	0.0	0.024952	0.000964636	0.03	0.0	1.492	0.0	5.0	0.0	1.733	0.0	0.0357576	0.000197853	1.00282e-05	0.000232918	0.200045	0.00916182	0.194806	0.0	0.00388621	0.0	0.000702796	0.000778385	1.71005	0.0	0.919024	0.0212483	0.532307	0.118342	0.898301	0.0412896	0.376378	0.114065	0.0369149	0.0098093	0.132212	0.0124938	0.230001	0.0556492	-8533.17	4.0	2.15723e-05	-41911.4	4.0	1.4996e-05	1.0	2044.29	58.1886	797.995	41.895	0.280758	0.0134528	1117.92	7.03253	
0.0-2.4	6.5-30.0	15.0-20.0	0.000-1.571	0.008	0.16	2305.0	2305.0	1337.05	41.3257	968.044	36.5905	-0.224456	0.126206	-0.05	0.0	0.412144	0.0	3.09296	0.0	0.0470561	0.0	0.0254444	0.00143166	0.03	0.0	1.492	0.0	5.0	0.0	1.733	0.0	0.035961	0.000297744	1.00282e-05	0.000232918	0.201947	0.0135957	0.194806	0.0	0.00388621	0.0	-0.00253777	0.00117474	1.71005	0.0	0.946943	0.0317094	0.74447	0.112518	0.88521	0.0700498	0.491579	0.0810579	0.0560072	0.0253421	0.135862	0.0174019	0.289776	0.101151	-3906.25	4.0	1.07668e-06	-17086.5	4.0	6.60486e-06	1.0	964.723	39.8195	372.327	28.7911	0.278469	0.0197384	1136.52	10.6366	
0.0-2.4	6.5-30.0	20.0-25.0	0.000-1.571	0.008	0.145	1975.0	1975.0	1201.75	38.6798	773.178	32.6749	-0.275273	0.141579	-0.05	0.0	0.412144	0.0	3.09296	0.0	0.0470561	0.0	0.0233219	0.001337	0.03	0.0	1.492	0.0	5.0	0.0	1.733	0.0	0.0351047	0.000261079	3.69686e-05	0.0287936	0.203182	0.0152041	0.194806	0.0	0.00388621	0.0	0.00249112	0.00106702	1.71005	0.0	0.832027	0.0288689	0.461617	0.0489652	0.989628	0.0156942	0.284179	0.0922525	0.0437733	0.00676348	0.137158	0.0163556	0.42516	0.385633	-3738.08	4.0	3.36412e-05	-14464.9	4.0	8.38674e-06	1.0	915.816	36.8728	285.932	23.988	0.23793	0.0184335	1061.64	9.10882	
0.0-2.4	6.5-30.0	20.0-30.0	0.000-1.571	0.008	0.152	3597.0	3597.0	2227.12	52.4791	1369.69	43.5521	-0.182425	0.106297	-0.05	0.0	0.412144	0.0	3.09296	0.0	0.0470561	0.0	0.0232153	0.000962507	0.03	0.0	1.492	0.0	5.0	0.0	1.733	0.0	0.0350632	0.000187313	1.79985e-05	0.004591	0.204939	0.0108531	0.194806	0.0	0.00388621	0.0	0.00179296	0.000804917	1.71005	0.0	0.843362	0.0219525	0.525714	0.0995273	0.824122	0.247698	0.312898	0.116364	0.0472458	0.00886272	0.150787	0.0175104	0.0394663	0.0300894	-6792.4	4.0	3.94637e-07	-28574.5	4.0	1.95691e-05	1.0	1655.09	50.0124	572.032	34.0871	0.256848	0.014058	1068.82	6.97373	
0.0-2.4	6.5-30.0	25.0-30.0	0.000-1.571	0.016	0.136	1622.0	1612.0	1014.88	35.3139	596.992	28.7969	-0.062321	0.160788	-0.05	0.0	0.412144	0.0	3.09296	0.0	0.0470561	0.0	0.0230015	0.00138829	0.03	0.0	1.492	0.0	5.0	0.0	1.733	0.0	0.0349802	0.00026832	1.09746e-05	1.71091e-07	0.208746	0.0156996	0.194806	0.0	0.00388621	0.0	0.000887069	0.00122476	1.71005	0.0	0.874566	0.0333433	0.613901	0.149808	0.95965	0.126306	0.475829	0.126895	0.0469131	0.0236261	0.149636	0.0194608	0.127168	0.140958	-3028.59	4.0	1.30145e-07	-11546.1	4.0	1.4526e-05	1.0	732.797	33.5999	282.086	23.9818	0.277949	0.0215603	1088.82	10.7824	
0.0-2.4	6.5-30.0	30.0-35.0	0.000-1.571	0.016	0.128	1267.0	1261.0	798.434	31.5381	462.495	25.6654	-0.380084	0.183754	-0.05	0.0	0.412144	0.0	3.09296	0.0	0.0470561	0.0	0.0243827	0.00172582	0.03	0.0	1.492	0.0	5.0	0.0	1.733	0.0	0.0355259	0.000348155	2.18671e-05	0.00458922	0.17904	0.0175644	0.194806	0.0	0.00388621	0.0	0.00115358	0.00144543	1.71005	0.0	0.909967	0.0376977	0.551636	0.0465594	1.0	54.6689	0.486597	0.061824	0.0487589	0.0065928	0.199241	0.018725	0.0201586	138.607	-2423.42	4.0	6.13233e-05	-8707.89	4.0	9.8966e-06	1.0	607.246	30.7911	191.188	20.7312	0.239453	0.0241808	1111.93	12.4203	
0.0-2.4	6.5-30.0	30.0-40.0	0.000-1.571	0.008	0.128	2185.0	2184.0	1465.14	42.0889	718.743	32.0174	-0.40839	0.147957	-0.05	0.0	0.412144	0.0	3.09296	0.0	0.0470561	0.0	0.0250249	0.00123045	0.03	0.0	1.492	0.0	5.0	0.0	1.733	0.0	0.0357875	0.000252898	3.69757e-05	6.79802e-05	0.16459	0.0113853	0.194806	0.0	0.00388621	0.0	0.000885261	0.00104177	1.71005	0.0	0.845756	0.0273692	0.628889	0.0723213	0.704753	0.347438	0.288209	0.320096	0.0606695	0.013281	0.190028	0.0220765	0.0200002	0.0248817	-4394.26	4.0	8.33502e-08	-16439.4	4.0	8.85436e-06	1.0	1077.87	41.5857	387.262	29.9059	0.264318	0.0189468	1070.34	8.70676	
0.0-2.4	6.5-30.0	35.0-40.0	0.000-1.571	0.008	0.12	918.0	918.0	659.176	27.7297	258.889	19.2045	-0.454326	0.247447	-0.05	0.0	0.412144	0.0	3.09296	0.0	0.0470561	0.0	0.0257588	0.00175176	0.03	0.0	1.492	0.0	5.0	0.0	1.733	0.0	0.0360923	0.000367474	3.63218e-05	5.72307e-05	0.152308	0.0147074	0.194806	0.0	0.00388621	0.0	0.000745089	0.00149692	1.71005	0.0	0.794969	0.0392976	0.999989	0.683095	0.45027	0.129363	0.400244	0.0871653	0.0832014	1.62791	0.205538	0.0428515	0.075325	0.0197479	-1960.69	4.0	5.45471e-06	-6205.22	4.0	0.000123638	1.0	466.7	27.6868	192.476	21.1347	0.291995	0.029616	1038.52	12.1108	
0.0-2.4	6.5-30.0	40.0-45.0	0.000-1.571	0.008	0.12	740.0	739.0	543.651	25.0961	195.318	16.781	-0.54333	0.286268	-0.05	0.0	0.412144	0.0	3.09296	0.0	0.0470561	0.0	0.022837	0.00178466	0.03	0.0	1.492	0.0	5.0	0.0	1.733	0.0	0.0349168	0.000343084	3.63218e-05	5.72307e-05	0.196592	0.0223047	0.194806	0.0	0.00388621	0.0	-0.00172179	0.00164681	1.71005	0.0	0.823448	0.0463487	0.609672	0.389585	0.678462	0.338139	0.0671861	0.515966	0.0305138	0.0185437	0.258405	0.0525773	0.0364617	0.0269725	-1601.91	4.0	4.0362e-05	-4882.02	4.0	6.13301e-05	1.0	417.94	24.2656	125.711	15.82	0.231234	0.0270711	1056.24	14.5473	
0.0-2.4	6.5-30.0	40.0-50.0	0.000-1.571	0.008	0.136	1308.0	1306.0	969.558	33.4781	336.421	22.0834	-0.942078	0.222806	-0.05	0.0	0.412144	0.0	3.09296	0.0	0.0470561	0.0	0.0243949	0.00143212	0.03	0.0	1.492	0.0	5.0	0.0	1.733	0.0	0.0355308	0.000289011	3.37928e-05	7.02542e-05	0.201339	0.0160554	0.194806	0.0	0.00388621	0.0	-0.00228749	0.00120306	1.71005	0.0	0.781464	0.0339485	0.683574	0.281346	0.689361	0.264198	0.0698748	0.141896	0.0321581	0.0138742	0.232472	0.0334196	0.0366712	0.0154681	-2764.37	4.0	4.942e-06	-9363.94	4.0	5.00957e-07	1.0	718.548	32.1108	251.01	22.1504	0.258891	0.0210243	1030.24	10.3672	
0.0-2.4	6.5-30.0	45.0-50.0	0.000-1.571	0.016	0.136	568.0	566.0	425.833	22.1509	140.207	14.3181	-1.52295	0.360009	-0.05	0.0	0.412144	0.0	3.09296	0.0	0.0470561	0.0	0.0267286	0.00249777	0.03	0.0	1.492	0.0	5.0	0.0	1.733	0.0	0.0365045	0.000537555	1.09746e-05	1.71091e-07	0.20862	0.0232823	0.194806	0.0	0.00388621	0.0	-0.00269081	0.00173299	1.71005	0.0	0.72582	0.0485905	0.672978	0.237996	0.856578	0.765854	0.079595	0.16172	0.0337318	0.01454	0.199588	0.0411212	0.0377423	0.02967	-1166.43	4.0	4.96643e-05	-3582.86	4.0	8.78973e-06	1.0	301.205	20.9812	124.628	15.3867	0.292668	0.0327694	996.922	14.2426	
0.0-2.4	6.5-30.0	5.0-10.0	0.000-1.571	0.016	0.112	3316.0	3285.0	1648.69	47.1704	1636.27	47.0383	-0.166088	0.0967014	-0.05	0.0	0.412144	0.0	3.09296	0.0	0.0470561	0.0	0.0248604	0.00122189	0.03	0.0	1.492	0.0	5.0	0.0	1.733	0.0	0.03572	0.00024996	1.59385e-05	0.00459194	0.189851	0.0114293	0.194806	0.0	0.00388621	0.0	-0.000572218	0.00101283	1.71005	0.0	0.934701	0.0276326	0.964838	13.9109	0.269557	1.58535	0.437499	1.25149	0.00755607	1.216	0.218994	0.03171	0.0790423	0.00972326	-5169.81	4.0	3.54652e-06	-25103.1	4.0	1.28929e-06	1.0	1163.14	44.9678	485.544	33.281	0.294503	0.0183437	1128.33	9.21569	
0.0-2.4	6.5-30.0	50.0-100.0	0.000-1.571	0.008	0.088	1240.0	1231.0	1027.7	33.9028	203.366	18.0329	-0.195005	0.283835	-0.05	0.0	0.412144	0.0	3.09296	0.0	0.0470561	0.0	0.0257887	0.00149663	0.03	0.0	1.492	0.0	5.0	0.0	1.733	0.0	0.0361048	0.00031421	3.69533e-05	0.0259228	0.188747	0.0158789	0.194806	0.0	0.00388621	0.0	0.00121919	0.00119048	1.71005	0.0	0.849419	0.0332411	0.952891	0.0262742	1.0	2.07192	0.426569	0.0166582	0.00758827	0.0240188	0.199524	0.0064959	0.0511968	15.7062	-3011.71	4.0	9.57299e-06	-9007.71	4.0	6.73593e-05	1.0	792.361	33.3072	235.341	22.0542	0.228997	0.0200861	1072.67	10.5974	
0.0-2.4	6.5-30.0	50.0-55.0	0.000-1.571	0.016	0.08	441.0	432.0	352.935	20.0166	79.0872	11.2621	-0.240459	0.450884	-0.05	0.0	0.412144	0.0	3.09296	0.0	0.0470561	0.0	0.027636	0.00280143	0.03	0.0	1.492	0.0	5.0	0.0	1.733	0.0	0.0368995	0.000616703	1.13115e-05	2.82051e-05	0.165955	0.0256059	0.194806	0.0	0.00388621	0.0	0.00095927	0.00238849	1.71005	0.0	0.930687	0.0698359	0.583456	0.771894	0.938701	0.537271	0.145751	0.816397	0.0262618	0.0310981	0.189751	0.057059	0.022747	0.429014	-1032.28	4.0	1.05852e-05	-2679.36	4.0	1.78516e-05	1.0	275.102	20.543	77.8328	14.0737	0.22053	0.0378639	1125.66	23.2459	
0.0-2.4	6.5-30.0	50.0-60.0	0.000-1.571	0.016	0.08	715.0	703.0	587.0	25.6932	116.005	13.7548	-0.217741	0.375521	-0.05	0.0	0.412144	0.0	3.09296	0.0	0.0470561	0.0	0.0277273	0.00211489	0.03	0.0	1.492	0.0	5.0	0.0	1.733	0.0	0.0369398	0.000466598	1.13115e-05	2.82051e-05	0.167681	0.0191411	0.194806	0.0	0.00388621	0.0	0.00182805	0.00173202	1.71005	0.0	0.881524	0.0485023	0.807155	0.699875	0.596233	0.778653	0.0587213	0.952764	0.0171658	0.0488293	0.230304	0.0540536	0.02	0.109194	-1697.66	4.0	4.83103e-06	-4732.46	4.0	1.01443e-05	1.0	449.699	25.7876	137.301	17.7109	0.233903	0.0283819	1093.33	15.744	
0.0-2.4	6.5-30.0	55.0-60.0	0.000-1.571	0.016	0.073	274.0	270.0	233.38	16.0626	36.6233	7.8262	-0.185063	0.666121	-0.05	0.0	0.412144	0.0	3.09296	0.0	0.0470561	0.0	0.0276235	0.00314524	0.03	0.0	1.492	0.0	5.0	0.0	1.733	0.0	0.036894	0.000692176	3.69173e-05	0.0282483	0.171889	0.0289683	0.194806	0.0	0.00388621	0.0	0.00395402	0.00241671	1.71005	0.0	0.803152	0.0662382	0.668917	0.821795	0.706002	0.802782	0.00744269	0.59921	0.00750732	0.0521364	0.299821	0.120575	0.02	0.321065	-667.258	4.0	1.97955e-05	-1580.13	4.0	1.95084e-05	1.0	174.711	15.6091	58.6699	10.7405	0.251392	0.0426449	1043.58	20.5235	
0.0-2.4	6.5-30.0	60.0-100.0	0.000-1.571	0.008	0.088	525.0	521.0	433.279	21.95	87.6834	11.6723	-0.171923	0.428086	-0.05	0.0	0.412144	0.0	3.09296	0.0	0.0470561	0.0	0.0230598	0.00206825	0.03	0.0	1.492	0.0	5.0	0.0	1.733	0.0	0.0350028	0.000400495	3.69533e-05	0.0259228	0.221984	0.0280646	0.194806	0.0	0.00388621	0.0	0.00103096	0.0016272	1.71005	0.0	0.77944	0.0445592	0.83046	0.530468	0.882507	0.225217	0.168102	0.904204	0.00708393	0.2662	0.179267	0.0372804	0.0904848	0.0892074	-1298.48	4.0	6.55795e-05	-3378.64	4.0	4.09512e-06	1.0	337.487	21.1438	95.7922	13.3528	0.221087	0.0287106	1029.0	13.5886	
0.0-2.4	6.5-30.0	60.0-70.0	0.000-1.571	0.008	0.088	345.0	342.0	288.918	17.83	53.0859	9.06008	-0.241041	0.548349	-0.05	0.0	0.412144	0.0	3.09296	0.0	0.0470561	0.0	0.0216905	0.00246989	0.03	0.0	1.492	0.0	5.0	0.0	1.733	0.0	0.0344844	0.000456632	3.69533e-05	0.0259228	0.241046	0.0361118	0.194806	0.0	0.00388621	0.0	0.00191439	3.04331e-07	1.71005	0.0	0.765437	0.052716	0.999985	1.01977	0.999994	2.00894	0.419626	0.120628	0.00704176	1.90444e-11	0.188061	0.0416407	0.0277015	6.39442	-872.746	4.0	0.0503437	-2090.96	4.0	8.22816e-07	1.0	224.126	16.8661	64.7921	10.4472	0.224258	0.0334064	1020.5	15.9187	
0.0-2.4	6.5-30.0	70.0-100.0	0.000-1.571	0.016	0.073	180.0	178.0	143.274	12.7573	34.7133	7.36262	-0.0788687	0.667489	-0.05	0.0	0.412144	0.0	3.09296	0.0	0.0470561	0.0	0.0252304	0.00408024	0.03	0.0	1.492	0.0	5.0	0.0	1.733	0.0	0.0358722	0.000843515	3.69173e-05	0.0282483	0.182314	0.0415354	0.194806	0.0	0.00388621	0.0	0.000342174	0.0030505	1.71005	0.0	0.842707	0.0850094	0.740836	0.0810248	0.999998	0.511989	2.7236e-06	0.105292	0.0443232	0.0225389	0.144483	0.0222919	0.123779	4.99707	-424.279	4.0	9.12244e-05	-947.274	4.0	5.94483e-06	1.0	112.203	12.4921	31.0706	7.99325	0.216861	0.0523418	1068.4	26.9948	
0.0-2.4	6.5-7.5	0.0-100.0	0.000-1.571	0.024	0.16	6176.0	6171.0	2587.84	82.0372	3582.78	87.8715	-0.0471616	0.068001	-0.05	0.0	0.337356	0.127773	3.09071	0.00101065	0.0562533	0.00911966	0.0289299	0.00232751	0.03	0.0	1.492	0.0	5.0	0.0	1.733	0.0	0.0402757	0.00288628	8.17783e-05	0.000350179	0.206222	0.0131096	0.206905	0.0943392	0.00999973	0.00314158	0.00313899	0.000855828	1.88991	0.200807	0.971578	0.0185521	0.527367	0.0682965	0.941584	0.0541934	0.618322	0.0536641	0.0696339	0.0139499	0.139483	0.0149568	0.274519	0.113565	-8746.7	4.0	2.90223e-05	-50124.0	7.0	0.000102258	1.0	2105.25	75.4067	482.592	38.2907	0.186484	0.0135641	1219.7	60.4351	
0.0-2.4	6.5-8.0	0.0-100.0	0.000-1.571	0.016	0.16	8647.0	8644.0	3962.15	90.9738	4681.86	94.8432	-0.107579	0.0599246	-0.05	0.0	0.603424	0.0805278	3.09051	0.000783257	0.028968	0.00171742	0.0640907	0.00833992	0.03	0.0	1.492	0.0	5.0	0.0	1.733	0.0	0.0462098	0.00271916	2.99332e-05	0.00458551	0.203779	0.00989932	0.247328	0.092515	0.00999999	0.0035556	0.00205715	0.000718618	1.76918	0.144226	0.921544	0.0161881	0.552493	0.0619541	0.928867	0.0637454	0.575548	0.0472736	0.0664437	0.0135974	0.139525	0.0111728	0.231482	0.0882662	-12656.4	4.0	5.03339e-06	-73520.6	7.0	1.75948e-05	1.0	3145.22	84.8821	816.925	48.3897	0.206182	0.0112581	1188.84	51.9199	
0.0-2.4	7.5-8.5	0.0-100.0	0.000-1.571	0.016	0.184	4524.0	4524.0	2579.48	63.7892	1944.43	58.5784	-0.156185	0.0937551	-0.05	0.0	0.432802	0.113711	3.09145	0.000871371	0.0240974	0.00261111	0.0481566	0.00505508	0.03	0.0	1.492	0.0	5.0	0.0	1.733	0.0	0.0395814	0.00217241	8.69412e-05	0.000593911	0.192532	0.0107228	0.237323	0.116681	0.00999998	0.0164187	0.00169576	0.000886978	1.6166	0.148916	0.875852	0.0229287	0.496437	0.0740294	0.937134	0.0456462	0.413809	0.0783904	0.0494039	0.00919811	0.154316	0.0145222	0.232441	0.101926	-7650.35	4.0	1.18528e-06	-36382.4	7.0	2.21554e-05	1.0	1971.73	60.7813	607.746	39.2774	0.235608	0.014068	1097.85	55.9662	
0.0-2.4	8.0-10.0	0.0-100.0	0.000-1.571	0.016	0.184	6217.0	6217.0	3920.27	76.6136	2296.98	65.1254	-0.182189	0.0840604	-0.05	0.0	0.456324	0.0666085	3.0929	0.000629888	0.0461602	0.00284689	0.0224004	0.00136399	0.03	0.0	1.492	0.0	5.0	0.0	1.733	0.0	0.0352863	0.00116978	8.20597e-05	0.000220638	0.195511	0.00788211	0.223696	0.161641	0.000490403	0.00440363	0.00210003	0.000689194	1.60773	0.189769	0.894101	0.0186953	0.566182	0.0851815	0.977685	0.0164247	0.444659	0.0811584	0.0452553	0.00815525	0.174423	0.0130164	0.375813	0.190555	-11574.2	4.0	4.52837e-06	-52927.7	7.0	6.19339e-05	1.0	2876.45	70.9165	1043.83	47.8042	0.266263	0.0110281	1094.9	73.1336	
0.0-2.4	8.5-9.5	0.0-100.0	0.000-1.571	0.016	0.12	2999.0	2993.0	1908.13	52.5585	1084.93	44.0326	-0.197613	0.122054	-0.05	0.0	0.475242	0.0915036	3.09392	0.000882819	0.0449649	0.00363083	0.0219593	0.00187671	0.03	0.0	1.492	0.0	5.0	0.0	1.733	0.0	0.0348412	0.00153557	6.95629e-05	0.856416	0.19351	0.0102738	0.195184	0.13966	-0.00999942	0.0168092	0.00174472	0.000996058	1.55529	0.186244	0.904032	0.0268469	0.66148	0.164665	0.906531	0.807481	0.440461	0.129968	0.0477063	0.0149284	0.176481	0.0206126	0.0463767	0.0573655	-5544.58	4.0	1.88641e-06	-23355.8	7.0	3.26008e-05	1.0	1334.22	48.0929	573.902	34.8168	0.300767	0.0162575	1062.96	59.6608	
0.0-2.4	9.5-11.0	0.0-100.0	0.000-1.571	0.016	0.136	2861.0	2859.0	2005.74	53.5614	853.248	41.4285	-0.332385	0.141465	-0.05	0.0	0.384108	0.1059	3.09252	0.000847082	0.044935	0.00410579	0.0238282	0.00210548	0.03	0.0	1.492	0.0	5.0	0.0	1.733	0.0	0.033545	0.00162479	1.00134e-05	0.000394123	0.194945	0.0110472	0.411649	0.288515	0.00222243	0.00388551	0.000314743	0.00097213	1.51563	0.180968	0.729069	0.0277312	0.631245	0.141399	0.975553	0.0217776	0.316139	0.14917	0.0402918	0.0143969	0.160482	0.0162882	0.398375	0.26177	-5985.88	4.0	1.62519e-05	-22551.0	7.0	2.6282e-06	1.0	1500.91	49.4086	504.831	31.8828	0.251693	0.0144049	1121.76	124.295	
0.4-0.8	6.5-30.0	0.0-100.0	0.000-1.571	0.008	0.073	2557.0	2557.0	1766.94	47.6942	790.046	36.0223	-0.234889	0.143146	-0.05	0.0	0.782809	0.0964413	3.09361	0.000664394	0.0220315	0.00109591	0.0392611	0.0073903	0.03	0.0	1.492	0.0	5.0	0.0	1.733	0.0	0.0267348	0.00155597	1.07909e-05	6.48731e-06	0.199384	0.0112915	0.164736	0.163076	-0.00113548	0.00593586	-0.00124626	0.000833438	1.82366	0.359661	0.90498	0.0258521	0.746807	0.087612	0.959255	0.0495118	0.448902	0.0749689	0.064047	0.028997	0.158588	0.0178135	0.418093	0.292843	-5763.23	4.0	1.96197e-07	-20303.9	7.0	7.76164e-06	1.0	1262.9	43.7351	504.048	30.5913	0.285266	0.0155066	1109.93	104.522	
0.8-1.2	6.5-30.0	0.0-100.0	0.000-1.571	0.008	0.105	3856.0	3854.0	2397.5	60.5578	1456.48	52.2124	-0.00295666	0.108915	-0.05	0.0	0.475067	0.122252	3.09229	0.000828078	0.027132	0.0019906	0.0386626	0.00371524	0.03	0.0	1.492	0.0	5.0	0.0	1.733	0.0	0.0336806	0.00136821	3.76156e-05	0.000218351	0.18968	0.00962867	0.510138	0.279061	0.00698866	0.00378923	-0.00143904	0.000958889	1.44442	0.131788	0.705465	0.0269665	0.57833	0.0632832	0.969805	0.0273648	0.433899	0.0623602	0.0513548	0.00910601	0.141536	0.0133378	0.297594	0.16619	-7418.92	4.0	0.000142657	-30932.7	7.0	1.17647e-06	1.0	1769.88	55.2023	627.625	36.0567	0.261783	0.0135077	1143.73	105.875	
1.2-1.6	6.5-30.0	0.0-10.0	0.000-1.571	0.016	0.136	1874.0	1868.0	841.99	35.2082	1025.95	37.7298	0.174859	0.121869	-0.05	0.0	0.455381	0.0	3.09129	0.0	0.0460715	0.0	0.0324596	0.0025256	0.03	0.0	1.492	0.0	5.0	0.0	1.733	0.0	0.0392481	0.00056879	1.84654e-05	0.00459078	0.198855	0.0174958	0.103775	0.0	0.00999984	0.0	0.00211146	0.00124961	2.09199	0.0	0.892542	0.0346511	0.677316	0.257245	0.471939	0.302374	0.316905	0.163208	0.0806491	0.0357431	0.172551	0.031822	0.045327	0.0196771	-2744.5	4.0	1.42826e-05	-13022.8	4.0	1.37549e-05	1.0	605.551	33.4991	236.439	24.0575	0.28081	0.0260479	1080.8	12.8229	
1.2-1.6	6.5-30.0	0.0-100.0	0.000-1.571	0.008	0.136	5263.0	5256.0	2904.42	73.5705	2351.14	69.6915	-0.0367284	0.0873977	-0.05	0.0	0.455381	0.134426	3.09129	0.000955161	0.0460715	0.00372951	0.0318109	0.00248121	0.03	0.0	1.492	0.0	5.0	0.0	1.733	0.0	0.0389577	0.00149359	2.31047e-05	0.000294422	0.188309	0.00927725	0.103775	0.0507441	0.00999984	0.0195355	0.00174771	0.000729855	2.09199	0.256609	0.954248	0.0194208	0.68253	0.135578	0.578096	0.203097	0.38695	0.133363	0.0798413	0.0188831	0.176915	0.0188278	0.0417715	0.0200694	-8759.55	4.0	5.46361e-07	-42854.3	7.0	0.000143622	1.0	2154.03	67.502	750.394	44.0538	0.258362	0.0136833	1127.06	46.7651	
1.2-1.6	6.5-30.0	10.0-20.0	0.000-1.571	0.008	0.128	1298.0	1294.0	686.348	31.2489	607.647	29.9631	-0.158743	0.159041	-0.05	0.0	0.455381	0.0	3.09129	0.0	0.0460715	0.0	0.0360694	0.00334832	0.03	0.0	1.492	0.0	5.0	0.0	1.733	0.0	0.0409284	0.000803534	2.94195e-05	0.000284662	0.172392	0.0162427	0.103775	0.0	0.00999984	0.0	0.00258718	0.00162101	2.09199	0.0	1.04121	0.0421442	0.572374	0.111847	0.999914	1.5142	0.589103	0.0853235	0.0897632	0.0221273	0.148458	0.0246822	0.0355995	11.7789	-2054.14	4.0	5.61611e-06	-8664.76	4.0	3.88461e-07	1.0	483.709	30.4096	202.638	22.9097	0.295242	0.0305528	1194.06	16.4679	
1.2-1.6	6.5-30.0	20.0-30.0	0.000-1.571	0.016	0.105	935.0	930.0	540.759	26.4109	389.307	23.3658	-0.014617	0.198647	-0.05	0.0	0.455381	0.0	3.09129	0.0	0.0460715	0.0	0.0273407	0.00261513	0.03	0.0	1.492	0.0	5.0	0.0	1.733	0.0	0.0370634	0.000525317	1.01652e-05	0.000874629	0.194702	0.0216674	0.103775	0.0	0.00999984	0.0	0.000530082	0.00161875	2.09199	0.0	0.956769	0.0398099	0.49089	0.269784	0.848505	0.880951	0.311379	0.288987	0.0298727	0.0121726	0.129736	0.028722	0.0306521	0.0297922	-1700.1	4.0	8.46291e-07	-6038.04	4.0	7.95509e-05	1.0	407.882	25.5274	132.877	17.2312	0.245724	0.0295185	1128.97	15.1183	
1.2-1.6	6.5-30.0	30.0-40.0	0.000-1.571	0.016	0.12	544.0	542.0	345.447	20.9054	196.513	16.9734	-0.00607842	0.280159	-0.05	0.0	0.455381	0.0	3.09129	0.0	0.0460715	0.0	0.0309512	0.00380604	0.03	0.0	1.492	0.0	5.0	0.0	1.733	0.0	0.0385787	0.000831506	1.0296e-05	0.000975254	0.163418	0.0299989	0.103775	0.0	0.00999984	0.0	0.004666	0.00207213	2.09199	0.0	0.907266	0.0551522	1.0	3.78532	0.33312	0.0226954	0.319291	0.0207467	0.144797	6.54857	0.275154	0.0161103	0.0668766	0.00363928	-1036.13	4.0	6.26777e-05	-3265.38	4.0	8.85808e-06	1.0	276.793	21.679	68.6539	14.3755	0.198739	0.0398382	1091.73	20.5385	
1.2-1.6	6.5-30.0	40.0-50.0	0.000-1.571	0.016	0.064	311.0	306.0	233.342	16.414	72.6352	10.4261	-1.9058	0.527719	-0.05	0.0	0.455381	0.0	3.09129	0.0	0.0460715	0.0	0.0296378	0.00449225	0.03	0.0	1.492	0.0	5.0	0.0	1.733	0.0	0.0380128	0.000953766	2.95545e-05	0.000300613	0.208956	0.0363973	0.103775	0.0	0.00999984	0.0	-0.00424524	0.00283874	2.09199	0.0	1.03424	0.0826289	1.0	0.0289686	0.999998	0.141504	0.523721	0.125147	0.707173	0.629628	0.196216	0.0503903	0.0734544	2.83471	-640.275	4.0	1.47195e-06	-1749.81	4.0	0.000132528	1.0	178.531	16.2503	54.8116	11.0102	0.234898	0.044197	1188.62	32.218	
1.2-1.6	6.5-30.0	50.0-100.0	0.000-1.571	0.016	0.073	301.0	298.0	245.921	16.5271	52.0567	8.90452	-0.903961	0.562277	-0.05	0.0	0.455381	0.0	3.09129	0.0	0.0460715	0.0	0.0296084	0.00350695	0.03	0.0	1.492	0.0	5.0	0.0	1.733	0.0	0.0380004	0.00074408	1.01642e-05	0.000817577	0.193552	0.0351589	0.103775	0.0	0.00999984	0.0	0.0053605	0.00261666	2.09199	0.0	0.972474	0.0745804	0.692892	0.495115	0.580777	0.589589	3.09414e-06	0.91981	0.0293297	0.0585003	0.252311	0.086439	0.0200045	0.135476	-684.703	4.0	4.03802e-07	-1744.02	4.0	3.71666e-06	1.0	193.554	16.3755	52.3675	10.5519	0.212944	0.0404505	1140.93	28.4859	
1.6-2.0	6.5-30.0	0.0-100.0	0.000-1.571	0.008	0.16	5092.0	5089.0	2603.86	78.1468	2485.37	77.3724	-0.399035	0.0876782	-0.05	0.0	0.509626	0.176731	3.09113	0.00120088	0.0556398	0.00482183	0.0339929	0.00473765	0.03	0.0	1.492	0.0	5.0	0.0	1.733	0.0	0.0463069	0.0025167	2.61437e-05	0.00458725	0.205782	0.01198	0.462154	0.274076	0.00485629	0.00340939	0.0020664	0.00113659	1.4787	0.146906	0.854974	0.0259972	0.723357	0.0579238	0.912472	0.0906784	0.60639	0.0399157	0.0718094	0.0238508	0.156125	0.0132714	0.237161	0.108169	-7551.45	4.0	2.03359e-05	-40777.9	7.0	0.000119025	1.0	2056.67	71.179	547.19	39.0669	0.210146	0.0136135	1184.77	94.3767	
1.6-2.4	3.0-30.0	0.0-100.0	0.000-1.571	0.008	0.136	38680.0	37779.0	9795.72	160.904	27983.4	209.919	-0.102385	0.0235464	-0.05	0.0	0.0606905	0.0335137	3.09045	0.000818779	0.0195468	0.00523008	0.0522629	0.00163741	0.03	0.0	1.89	0.0	5.0	0.0	1.44	0.0	0.0508805	0.000881669	1.05736e-05	6.47957e-05	0.21269	0.00795975	0.424086	0.192827	0.0067252	0.00270385	0.00552274	0.000554721	1.48829	0.109549	0.884705	0.00899756	0.999996	0.0515855	0.669137	0.030296	0.740665	0.00910689	0.00704092	8.90291e-08	0.143785	0.00726616	0.164514	0.0140303	-40000.2	4.0	1.84546e-07	-368074.0	7.0	0.000464461	1.0	8048.79	156.805	1746.94	89.0608	0.178337	0.00860696	1179.03	65.5212	
1.6-2.4	3.0-4.5	0.0-100.0	0.000-1.571	0.016	0.264	17458.0	17457.0	2559.96	104.784	14897.2	152.69	0.0520137	0.0319952	-0.05	0.0	0.926726	0.0367505	3.08842	0.00197395	0.0556198	0.00330508	0.0169433	0.00634846	0.03	0.0	1.86	0.0	5.0	0.0	1.38	0.0	0.0537393	0.0016577	8.85777e-05	0.0369611	0.24251	0.023083	0.101357	0.069759	0.0499991	0.0925249	0.0029468	0.000756169	1.84755	0.275177	1.05295	0.0101869	1.0	5.40236	0.800861	0.00112212	0.663731	0.000894364	0.104574	12.1602	0.0868196	0.000283769	0.289044	0.00114393	-15269.5	4.0	6.65361e-06	-155512.0	7.0	8.31562e-05	1.0	2215.76	102.318	344.203	49.4153	0.134456	0.0185019	1158.58	41.418	
1.6-2.4	3.0-5.5	0.0-100.0	0.000-1.571	0.016	0.264	26571.0	26569.0	4664.99	130.414	21903.8	185.049	-0.0898951	0.0264979	-0.05	0.0	0.0425562	0.0313856	3.08934	0.00140384	0.0158984	0.00597596	0.0529742	0.00226174	0.03	0.0	1.86	0.0	5.0	0.0	1.38	0.0	0.0519384	0.00117042	1.55371e-05	0.00459213	0.244517	0.0164541	0.125652	0.0884483	0.0251244	0.0167426	0.00643163	0.000593249	1.92178	0.271466	1.05867	0.00831981	0.976394	0.058102	0.777915	0.067074	0.749314	0.0148022	0.119298	0.0662193	0.113732	0.00867912	0.28635	0.0342713	-24307.2	4.0	2.0312e-06	-248118.0	7.0	0.000180413	1.0	4001.16	128.019	663.833	64.9743	0.142301	0.0133479	1201.67	54.7263	
1.6-2.4	3.0-6.5	0.0-10.0	0.000-1.571	0.032	0.264	13741.0	13723.0	1852.75	87.3348	11870.5	132.819	-0.145548	0.0356693	-0.05	0.0	5.43627e-08	0.0	3.09067	0.0	0.0521668	0.0	0.0498856	0.00239599	0.03	0.0	1.86	0.0	5.0	0.0	1.38	0.0	0.0498856	0.00119799	1.3729e-05	0.00459296	0.234972	0.0264731	0.342453	0.0	0.0157318	0.0	0.00691803	0.00101681	1.52985	0.0	0.996595	0.0153217	0.957671	0.0802006	0.737527	0.0945058	0.763807	0.0190341	0.123463	0.0777628	0.13676	0.0166486	0.296977	0.0411805	-11873.0	4.0	4.94038e-06	-118855.0	4.0	8.90958e-06	1.0	1570.82	85.8251	281.933	45.3861	0.15217	0.0234228	1206.05	4.16251	
1.6-2.4	3.0-6.5	0.0-100.0	0.000-1.571	0.032	0.136	32037.0	31112.0	6342.96	140.416	24769.1	195.278	-0.0721438	0.0249107	-0.05	0.0	5.43627e-08	0.0857002	3.09067	0.00115781	0.0521668	0.0906499	0.0508519	0.00117618	0.03	0.0	1.86	0.0	5.0	0.0	1.38	0.0	0.0508519	0.00059085	1.41936e-05	0.00459275	0.233741	0.0127074	0.342453	0.252255	0.0157318	0.00949993	0.00560853	0.000627087	1.52985	0.175655	0.948655	0.00927787	0.999998	115.991	0.678936	2.39743	0.760225	0.194336	0.117469	0.00326254	0.133258	0.180414	0.187286	0.478074	-30781.3	4.0	5.33193e-06	-295923.0	7.0	2.97804e-05	1.0	5444.13	138.31	898.826	70.7166	0.141705	0.0106984	1180.36	86.3059	
1.6-2.4	3.0-6.5	0.0-20.0	0.000-1.571	0.032	0.136	22549.0	21820.0	3436.51	114.189	18383.5	167.284	-0.0593316	0.0286531	-0.05	0.0	5.43627e-08	0.0	3.09067	0.0	0.0521668	0.0	0.0503261	0.00176042	0.03	0.0	1.86	0.0	5.0	0.0	1.38	0.0	0.0503261	0.00088021	1.41936e-05	0.00459275	0.22258	0.0180307	0.342453	0.0	0.0157318	0.0	0.00652128	0.000773377	1.52985	0.0	0.970791	0.0114598	0.999994	43.3203	0.686754	0.0261753	0.762076	0.0225903	0.00975327	65.345	0.131312	0.0115557	0.202455	0.00486654	-20713.1	4.0	8.62144e-07	-199301.0	4.0	9.93409e-06	1.0	2972.82	112.8	463.696	56.5983	0.134932	0.0158477	1192.14	3.06813	
1.6-2.4	3.0-6.5	10.0-20.0	0.000-1.571	0.024	0.136	8808.0	8545.0	1587.73	75.1175	6957.54	104.935	-0.0499252	0.0466475	-0.05	0.0	5.43627e-08	0.0	3.09067	0.0	0.0521668	0.0	0.0513158	0.00266353	0.03	0.0	1.86	0.0	5.0	0.0	1.38	0.0	0.0513158	0.00133176	1.41936e-05	0.00459275	0.221623	0.027569	0.342453	0.0	0.0157318	0.0	0.0062222	0.00118695	1.52985	0.0	0.943681	0.0171835	1.0	0.00145456	0.671056	0.0971002	0.753324	0.0223031	1.49976	2.4243	0.130035	0.0274649	0.153261	0.0500858	-8630.54	4.0	8.64616e-07	-70148.1	4.0	0.000136076	1.0	1414.11	74.3686	173.616	33.4975	0.109348	0.0204536	1177.73	4.52675	
1.6-2.4	3.0-6.5	20.0-30.0	0.000-1.571	0.016	0.192	4979.0	4977.0	1142.34	57.818	3835.03	77.6864	-0.176388	0.0631067	-0.05	0.0	5.43627e-08	0.0	3.09067	0.0	0.0521668	0.0	0.0540566	0.00278891	0.03	0.0	1.86	0.0	5.0	0.0	1.38	0.0	0.0540566	0.00139445	1.37746e-05	0.00459294	0.2343	0.026669	0.342453	0.0	0.0157318	0.0	0.0029638	0.00155177	1.52985	0.0	0.936419	0.0223858	0.972559	0.0936203	0.699732	0.0970092	0.750259	0.0386883	0.436894	0.329673	0.120921	0.0545772	0.187571	0.132395	-4981.67	4.0	7.7555e-05	-38270.1	4.0	5.90638e-05	1.0	957.414	56.2453	184.929	30.0491	0.161885	0.0249962	1173.92	5.87087	
1.6-2.4	3.0-6.5	20.0-40.0	0.000-1.571	0.016	0.192	7431.0	7427.0	1864.81	70.203	5562.28	92.894	-0.157841	0.0523994	-0.05	0.0	5.43627e-08	0.0	3.09067	0.0	0.0521668	0.0	0.0508104	0.00199555	0.03	0.0	1.86	0.0	5.0	0.0	1.38	0.0	0.0508104	0.000997777	1.37746e-05	0.00459294	0.24042	0.0215701	0.342453	0.0	0.0157318	0.0	0.0029529	0.00124394	1.52985	0.0	0.925213	0.0181591	0.999981	0.939006	0.695755	0.0665275	0.744872	0.00857806	0.242116	1.30121	0.111397	0.00679653	0.203286	0.0166078	-7677.45	4.0	3.79638e-06	-60218.8	4.0	0.000203022	1.0	1569.79	68.7602	295.022	36.8634	0.158205	0.0188494	1168.06	4.72898	
1.6-2.4	3.0-6.5	30.0-40.0	0.000-1.571	0.032	0.192	2452.0	2448.0	725.536	39.7776	1722.56	50.784	-0.121097	0.094135	-0.05	0.0	5.43627e-08	0.0	3.09067	0.0	0.0521668	0.0	0.0462042	0.00259004	0.03	0.0	1.86	0.0	5.0	0.0	1.38	0.0	0.0462042	0.00129502	1.37746e-05	0.00459294	0.254664	0.0372175	0.342453	0.0	0.0157318	0.0	0.00400165	0.00207692	1.52985	0.0	0.903002	0.0308051	0.999999	42.7256	0.692931	0.192094	0.748181	0.0629798	0.0118738	54.1921	0.123044	0.0417172	0.146644	0.0823207	-2708.63	4.0	1.74232e-06	-17238.3	4.0	7.07071e-05	1.0	618.09	39.5708	107.446	21.2658	0.148092	0.0281635	1156.57	7.90743	
1.6-2.4	3.0-6.5	40.0-100.0	0.000-1.571	0.024	0.168	2057.0	2056.0	1043.07	40.9247	1012.93	40.5544	-0.139907	0.124274	-0.05	0.0	5.43627e-08	0.0	3.09067	0.0	0.0521668	0.0	0.0513349	0.00192896	0.03	0.0	1.86	0.0	5.0	0.0	1.38	0.0	0.0513349	0.000964479	1.33924e-05	0.00459311	0.244214	0.0287707	0.342453	0.0	0.0157318	0.0	0.00276407	0.00199081	1.52985	0.0	0.770591	0.0313341	0.896076	0.0480882	0.215652	0.0386232	1.71561e-06	0.615477	0.246923	0.0943471	0.181183	0.0270189	0.02	0.00201284	-2677.25	4.0	8.7286e-06	-14509.4	4.0	1.03002e-06	1.0	887.531	41.6013	155.538	23.5653	0.149116	0.0218216	1091.76	7.27124	
1.6-2.4	3.0-6.5	40.0-50.0	0.000-1.571	0.032	0.145	1195.0	1187.0	531.434	30.1521	655.584	32.1454	-0.154757	0.153846	-0.05	0.0	5.43627e-08	0.0	3.09067	0.0	0.0521668	0.0	0.0509157	0.0027184	0.03	0.0	1.86	0.0	5.0	0.0	1.38	0.0	0.0509157	0.0013592	1.39771e-05	0.00459285	0.229615	0.034225	0.342453	0.0	0.0157318	0.0	0.00400625	0.00248777	1.52985	0.0	0.706219	0.0427472	0.902667	0.0684804	0.218333	0.140901	1.31958e-05	0.888561	0.231025	0.129514	0.148247	0.032139	0.0200048	0.0410906	-1471.31	4.0	4.70422e-05	-7648.29	4.0	4.89743e-06	1.0	437.939	30.1241	93.4942	17.8383	0.175928	0.0320478	1062.75	9.33925	
1.6-2.4	3.0-6.5	50.0-100.0	0.000-1.571	0.032	0.168	862.0	859.0	511.523	27.5848	347.347	24.4301	-0.0668178	0.213517	-0.05	0.0	5.43627e-08	0.0	3.09067	0.0	0.0521668	0.0	0.052202	0.00275274	0.03	0.0	1.86	0.0	5.0	0.0	1.38	0.0	0.052202	0.00137637	1.33924e-05	0.00459311	0.271121	0.049344	0.342453	0.0	0.0157318	0.0	0.000117293	0.00315479	1.52985	0.0	0.820637	0.0439863	0.900238	0.0627744	0.249043	0.0561185	4.59363e-05	0.617888	0.263587	0.142259	0.192048	0.0401189	0.02	0.00218427	-1217.74	4.0	8.92238e-07	-5402.52	4.0	3.42604e-05	1.0	448.0	28.269	63.5231	15.0733	0.124184	0.0286964	1115.49	10.639	
1.6-2.4	4.5-5.5	0.0-100.0	0.000-1.571	0.024	0.192	9113.0	9101.0	1975.86	462.376	7125.17	478.544	-0.428811	0.133986	-0.05	0.0	0.0293268	5.11222	3.09049	0.00308608	0.0657425	1.93466	0.0490472	0.0321321	0.03	0.0	1.86	0.0	5.0	0.0	1.38	0.0	0.0496168	0.0639332	2.24592e-05	0.000300031	0.240472	0.0224839	0.168262	0.155118	0.0139855	0.0158773	0.00738594	0.000965086	1.94036	0.379458	1.0638	0.0146552	1.0	0.575562	0.652147	1.48934	0.809762	0.149173	0.0289981	19.375	0.16349	0.576224	0.205655	1.0551	-9086.16	4.0	0.000109529	-75489.8	7.0	0.17708	1.0	1663.49	391.177	312.37	82.6152	0.158093	0.0194827	1254.9	95.3179	
1.6-2.4	5.5-6.5	0.0-100.0	0.000-1.571	0.032	0.168	5466.0	5414.0	1631.03	82.3603	3782.97	94.5275	-0.559317	0.0682046	-0.05	0.0	0.887995	1.12381	3.09335	0.00196249	0.0533573	0.00669724	0.0341089	0.0307396	0.03	0.0	1.86	0.0	5.0	0.0	1.38	0.0	0.05156	0.00974305	1.49587e-05	0.00459239	0.218506	0.0207123	0.433295	0.409181	0.0163991	0.0173772	0.00414374	0.00136934	1.45247	0.191912	0.864631	0.0239807	1.0	0.00524296	0.36223	0.071419	0.712382	0.0361274	1.25774	1.61173	0.214791	0.0245363	0.101511	0.0149775	-6257.68	4.0	1.76023e-06	-42454.9	7.0	0.00018082	1.0	1388.21	75.6065	242.814	30.8671	0.148872	0.0173679	1156.62	131.393	
1.6-2.4	6.5-30.0	0.0-10.0	0.000-1.571	0.008	0.184	2352.0	2352.0	991.264	39.5061	1360.69	43.9313	-0.356735	0.1066	-0.05	0.0	0.652823	0.0	3.0911	0.0	0.0569301	0.0	0.0309102	0.00371114	0.03	0.0	1.492	0.0	5.0	0.0	1.733	0.0	0.0494725	0.0004025	6.70809e-05	0.00017923	0.227152	0.0234814	0.211707	0.0	0.00199102	0.0	0.00305866	0.00147199	1.6767	0.0	1.04968	0.0343206	0.978936	0.120263	0.330656	0.100194	0.542084	0.068158	0.270583	0.881135	0.210703	0.0316689	0.0857517	0.0205341	-3036.37	4.0	1.84692e-05	-16754.1	4.0	2.00596e-05	1.0	809.922	38.7964	181.342	22.7039	0.18294	0.0217125	1209.85	11.7365	
1.6-2.4	6.5-30.0	0.0-100.0	0.000-1.571	0.008	0.152	6643.0	6637.0	3419.61	92.3317	3217.44	91.2275	-0.424311	0.0756593	-0.05	0.0	0.652823	0.152473	3.0911	0.00108634	0.0569301	0.00395795	0.0308437	0.00589094	0.03	0.0	1.492	0.0	5.0	0.0	1.733	0.0	0.0494581	0.00239424	2.77437e-05	0.00458652	0.197047	0.00973952	0.211707	0.175346	0.00199102	0.00574194	0.00242745	0.000778791	1.6767	0.235346	0.946743	0.0177991	0.999257	0.0949148	0.521745	0.0663506	0.620194	0.0338227	0.0078221	0.884608	0.1842	0.014909	0.106959	0.016709	-9815.89	4.0	1.83428e-05	-54918.1	7.0	1.78243e-06	1.0	2640.41	83.209	779.2	47.7882	0.227862	0.0125476	1140.94	82.3879	
1.6-2.4	6.5-30.0	10.0-20.0	0.000-1.571	0.016	0.16	1700.0	1700.0	814.345	34.8996	885.647	35.906	-0.308392	0.132225	-0.05	0.0	0.652823	0.0	3.0911	0.0	0.0569301	0.0	0.0325202	0.00460377	0.03	0.0	1.492	0.0	5.0	0.0	1.733	0.0	0.0498296	0.000521555	7.1128e-05	0.0211424	0.180798	0.0180802	0.211707	0.0	0.00199102	0.0	0.00125977	0.00164457	1.6767	0.0	0.967281	0.036186	0.904839	0.0439737	0.627745	0.317979	0.489594	0.25469	0.251007	0.104115	0.14111	0.0171697	0.0264861	0.0217775	-2412.14	4.0	3.86235e-06	-11665.5	4.0	5.66964e-08	1.0	619.654	35.0194	194.692	24.3055	0.239077	0.028033	1154.44	11.9503	
1.6-2.4	6.5-30.0	20.0-30.0	0.000-1.571	0.016	0.152	1121.0	1119.0	625.665	28.8048	493.129	26.4041	-0.71112	0.180371	-0.05	0.0	0.652823	0.0	3.0911	0.0	0.0569301	0.0	0.0257069	0.00359761	0.03	0.0	1.492	0.0	5.0	0.0	1.733	0.0	0.0484278	0.000331505	4.73533e-05	0.0045775	0.215287	0.0230072	0.211707	0.0	0.00199102	0.0	0.00412786	0.00166811	1.6767	0.0	0.846437	0.0400863	0.740161	0.129425	0.914899	0.130482	0.636685	0.0863146	0.065942	0.0471375	0.142245	0.0283197	0.291015	0.222511	-1810.71	4.0	3.51093e-09	-7356.22	4.0	4.45971e-05	1.0	476.885	27.8438	148.781	18.4436	0.237796	0.0273701	1077.01	12.4173	
1.6-2.4	6.5-30.0	30.0-40.0	0.000-1.571	0.016	0.12	689.0	686.0	421.3	23.4057	264.793	19.7824	-0.511506	0.244737	-0.05	0.0	0.652823	0.0	3.0911	0.0	0.0569301	0.0	0.028068	0.00470141	0.03	0.0	1.492	0.0	5.0	0.0	1.733	0.0	0.0488808	0.000468621	7.78689e-05	0.00018502	0.164233	0.0201407	0.211707	0.0	0.00199102	0.0	0.000959098	0.00219336	1.6767	0.0	0.860511	0.0480441	0.890538	0.992938	0.999184	1.10068	0.710527	0.258443	0.0071527	2.31969e-06	0.199224	0.0415081	0.020468	2.34894	-1173.65	4.0	9.18252e-06	-4220.3	4.0	7.41217e-05	1.0	291.821	23.5042	129.48	18.4757	0.307333	0.0403936	1085.77	15.0078	
1.6-2.4	6.5-30.0	40.0-50.0	0.000-1.571	0.016	0.136	416.0	415.0	275.274	18.3993	139.763	14.2487	-0.943032	0.343287	-0.05	0.0	0.652823	0.0	3.0911	0.0	0.0569301	0.0	0.0297676	0.00489923	0.03	0.0	1.492	0.0	5.0	0.0	1.733	0.0	0.0492286	0.00051425	8.26074e-05	0.000185856	0.178727	0.0275826	0.211707	0.0	0.00199102	0.0	0.000537494	0.00228859	1.6767	0.0	0.690322	0.0541515	0.601074	0.908696	1.0	27.1567	0.414981	0.984103	0.0381235	0.0911254	0.235261	0.133375	0.0204484	37.4041	-744.362	4.0	6.04259e-06	-2379.42	4.0	4.26982e-06	1.0	201.254	17.916	74.0199	12.8261	0.268895	0.0429881	985.309	14.9536	
1.6-2.4	6.5-30.0	50.0-100.0	0.000-1.571	0.024	0.088	365.0	344.0	271.446	17.8846	72.4955	10.9977	-0.180005	0.470554	-0.05	0.0	0.652823	0.0	3.0911	0.0	0.0569301	0.0	0.0459813	0.00741826	0.03	0.0	1.492	0.0	5.0	0.0	1.733	0.0	0.053384	0.00110916	6.88123e-05	0.774115	0.178677	0.0327351	0.211707	0.0	0.00199102	0.0	0.00759159	0.0028554	1.6767	0.0	0.827342	0.062006	0.648276	0.0402395	0.999988	0.662059	0.302458	0.0487212	0.0492393	0.00759385	0.212989	0.0168813	0.02102	5.2953	-701.982	4.0	1.09579e-05	-1967.25	4.0	1.48753e-05	1.0	216.179	18.0294	55.2663	11.6381	0.2036	0.0407219	1065.25	18.9812	
2.0-2.4	6.5-30.0	0.0-100.0	0.000-1.571	0.016	0.152	1551.0	1550.0	896.892	43.056	653.128	40.102	-0.395641	0.161077	-0.05	0.0	0.475994	0.107105	3.09083	0.00256682	0.0420084	0.00529218	0.08	0.0606379	0.03	0.0	1.492	0.0	5.0	0.0	1.733	0.0	0.0647583	0.0197369	5.32822e-05	0.000637972	0.18403	0.0171497	0.0616077	0.0610709	-0.00999984	0.0176827	0.00232144	0.00143757	2.16559	0.541582	0.937433	0.0304772	0.815021	0.0133792	0.999973	2.13221	0.636975	0.00938819	0.107842	0.00682894	0.172387	0.00437273	0.130231	6.34603	-2284.42	4.0	2.54426e-05	-10562.1	7.0	9.41052e-05	1.0	662.95	39.8218	233.943	26.4395	0.260837	0.0266874	1055.26	66.1345	
