noWeight_Lxyz_pTtune_PRMC
rap	pT	cent	dPhi	ctauErrMin	ctauErrMax	NoCutEntry	CutEntry	NSig	NSigErr	NBkg	NBkgErr	coefExp	coefExpErr	coefPol1	coefPol1Err	coeffGaus	coeffGausErr	meanSig1	meanSig1Err	sigmaSig1	sigmaSig1Err	sigmaSig2	sigmaSig2Err	sigmaSig3	sigmaSig3Err	alpha	alphaErr	enne	enneErr	enneW	enneWErr	sigWidth	sigWidthErr	Gmc	GmcErr	bTau	bTauErr	fracRes	fracResErr	meanResSigW	meanResSigWErr	meanResSigN	meanResSigNErr	sigmaResSigW	sigmaResSigWErr	sigmaResSigN	sigmaResSigNErr	fpm	fpmErr	fLiving	fLivingErr	fbkgCtTot	fbkgCtTotErr	lambdam	lambdamErr	lambdap	lambdapErr	lambdasym	lambdasymErr	NLL	nFitPar	EDM	NLLMass	nFitParMass	EDMMass	Prob	PROMPT	PROMPTErr	NON-PROMPT	NON-PROMPTErr	Bfraction	BfractionErr	Resolution	ResolutionErr	
0.0-0.4	6.5-30.0	0.0-100.0	0.000-1.571	0.016	0.064	2386.0	2359.0	1656.17	44.9785	702.832	32.7065	-0.304617	0.151382	-0.05	0.0	0.294403	0.116331	3.09411	0.000574968	0.0216969	0.00257174	0.0175354	0.0011678	0.03	0.0	1.492	0.0	5.0	0.0	1.733	0.0	0.0188562	0.000632414	1.00026e-05	0.00176926	0.196936	0.0106309	0.694775	0.303579	-0.00218903	0.0024479	0.000220796	0.00170188	1.32766	0.111972	0.640503	0.0438841	0.670068	0.0551877	1.0	0.0767373	0.37288	0.0577534	0.0621207	0.0111545	0.173389	0.0154868	0.21732	2.61475	-5387.07	4.0	2.32285e-06	-18803.1	7.0	8.77768e-06	1.0	1137.18	41.0373	518.995	30.4784	0.313371	0.0163168	1161.84	98.9648	
0.0-1.2	6.5-30.0	0.0-10.0	0.000-1.571	0.008	0.088	3016.0	3015.0	1770.8	48.8703	1244.01	43.1435	-0.114271	0.110999	-0.05	0.0	0.574412	0.0	3.09295	0.0	0.0208771	0.0	0.0368893	0.00254793	0.03	0.0	1.492	0.0	5.0	0.0	1.733	0.0	0.0288012	0.000694443	1.12992e-05	0.000388937	0.165747	0.00894114	0.282557	0.0	0.00228371	0.0	-0.000822582	0.00101017	1.58042	0.0	0.865044	0.030333	0.806341	0.133374	0.582997	0.199603	0.367656	0.172977	0.112182	0.0410736	0.156921	0.0201527	0.0445214	0.0328631	-5731.21	4.0	1.17319e-06	-23543.1	4.0	2.86217e-05	1.0	1184.12	45.7152	586.673	35.8341	0.331304	0.0180528	1114.73	8.4439	
0.0-1.2	6.5-30.0	0.0-100.0	0.000-1.571	0.008	0.105	8799.0	8797.0	5849.29	88.3612	2947.54	70.0333	-0.132158	0.0758022	-0.05	0.0	0.574412	0.0751444	3.09295	0.000408686	0.0208771	0.000867563	0.0360591	0.00301467	0.03	0.0	1.492	0.0	5.0	0.0	1.733	0.0	0.0283502	0.00101367	1.16782e-05	0.000130175	0.192498	0.00591269	0.282557	0.19576	0.00228371	0.00264771	-0.000770955	0.000514893	1.58042	0.170805	0.829944	0.015434	0.639299	0.0468272	0.976171	0.0146114	0.399219	0.0460038	0.0549886	0.00775942	0.149398	0.00867024	0.422914	0.160369	-18496.7	4.0	2.98183e-06	-79580.7	7.0	9.7785e-05	1.0	4154.42	81.0939	1694.87	57.3861	0.289756	0.00878021	1095.41	88.0976	
0.0-1.2	6.5-30.0	10.0-20.0	0.000-1.571	0.008	0.088	2134.0	2133.0	1365.44	41.135	767.54	33.0788	-0.15291	0.141551	-0.05	0.0	0.574412	0.0	3.09295	0.0	0.0208771	0.0	0.0349585	0.00226796	0.03	0.0	1.492	0.0	5.0	0.0	1.733	0.0	0.0277573	0.000607812	1.12992e-05	0.000388937	0.219182	0.0134732	0.282557	0.0	0.00228371	0.0	-0.00128214	0.00107425	1.58042	0.0	0.822914	0.0333679	0.532686	0.108378	0.945818	0.0344017	0.293995	0.134769	0.0387596	0.0102157	0.143259	0.0190164	0.343615	0.144553	-4240.27	4.0	4.20493e-05	-16174.8	4.0	1.85795e-06	1.0	955.365	37.6092	410.077	27.1794	0.300326	0.0177302	1091.6	9.02352	
0.0-1.2	6.5-30.0	20.0-30.0	0.000-1.571	0.008	0.105	1542.0	1541.0	1054.42	36.0041	486.37	26.9854	0.167624	0.178547	-0.05	0.0	0.574412	0.0	3.09295	0.0	0.0208771	0.0	0.0350509	0.00284331	0.03	0.0	1.492	0.0	5.0	0.0	1.733	0.0	0.0278069	0.00076266	1.16782e-05	0.000130175	0.209133	0.0152992	0.282557	0.0	0.00228371	0.0	0.00137759	0.00115209	1.58042	0.0	0.801329	0.034806	0.505641	0.00970069	1.0	7.23753	0.303447	0.0119707	0.0462967	0.00130762	0.162961	0.00381248	0.0480836	31.0947	-3348.17	4.0	1.6945e-07	-11329.3	4.0	6.21104e-05	1.0	768.924	33.2944	285.5	22.6761	0.270764	0.0194168	1080.02	9.26385	
0.0-1.2	6.5-30.0	30.0-40.0	0.000-1.571	0.008	0.064	953.0	952.0	700.766	28.9374	251.001	19.6903	-0.683318	0.253339	-0.05	0.0	0.574412	0.0	3.09295	0.0	0.0208771	0.0	0.0386283	0.00353247	0.03	0.0	1.492	0.0	5.0	0.0	1.733	0.0	0.0297556	0.000975829	1.32366e-05	0.000329048	0.173927	0.0158307	0.282557	0.0	0.00228371	0.0	-0.00161506	0.00151134	1.58042	0.0	0.836294	0.0413507	0.635248	0.0247526	0.999992	7.03974	0.415275	0.0243509	0.0613051	0.00474323	0.161869	0.00835764	0.0867055	19.4004	-2237.3	4.0	6.35451e-07	-6636.22	4.0	0.000107453	1.0	512.167	27.3551	188.599	19.0174	0.269133	0.024758	1098.87	11.2889	
0.0-1.2	6.5-30.0	40.0-50.0	0.000-1.571	0.016	0.048	581.0	572.0	458.16	23.224	113.843	13.965	-0.441064	0.375955	-0.05	0.0	0.574412	0.0	3.09295	0.0	0.0208771	0.0	0.0406896	0.00484713	0.03	0.0	1.492	0.0	5.0	0.0	1.733	0.0	0.0309028	0.00135809	1.43354e-05	8.22848e-05	0.208856	0.0234241	0.282557	0.0	0.00228371	0.0	-0.00306142	0.00178149	1.58042	0.0	0.792587	0.0516439	0.844461	0.772875	0.617259	0.335157	0.000127566	0.707379	0.0159466	0.0223441	0.251802	0.0508299	2.0	0.0	0.0200027	0.128618	-1399.06	4.0	1.49416e-06	-3782.35	4.0	8.20004e-07	1.0	339.037	21.6978	119.123	14.5571	0.260004	0.0289107	1075.38	13.654	
0.0-1.2	6.5-30.0	50.0-100.0	0.000-1.571	0.008	0.056	573.0	572.0	498.473	23.487	73.5141	11.256	0.0911791	0.469386	-0.05	0.0	0.574412	0.0	3.09295	0.0	0.0208771	0.0	0.0344258	0.00325109	0.03	0.0	1.492	0.0	5.0	0.0	1.733	0.0	0.0274725	0.000866911	1.34486e-05	0.000306561	0.192351	0.0217579	0.282557	0.0	0.00228371	0.0	-0.000766337	0.00146135	1.58042	0.0	0.738683	0.0459188	1.0	5.58115	0.999997	0.662939	0.336168	0.0523439	0.00741113	4.75402	0.181481	0.0176159	0.020006	59.3866	-1651.13	4.0	3.09445e-05	-3928.16	4.0	1.00257e-05	1.0	380.255	22.4684	118.219	14.6575	0.237161	0.0271988	1047.49	11.616	
0.0-2.4	10.0-13.0	0.0-100.0	0.000-1.571	0.016	0.136	3634.0	3633.0	2689.89	58.3625	943.17	40.7363	-0.48566	0.135267	-0.05	0.0	0.366816	0.0906861	3.09256	0.000737869	0.0210269	0.00220324	0.0403436	0.00276979	0.03	0.0	1.492	0.0	5.0	0.0	1.733	0.0	0.0345363	0.00130974	1.25623e-05	9.06713e-05	0.190371	0.00846072	0.0553227	0.0789039	0.000211463	0.0144846	-0.000708015	0.000693789	2.09405	0.553677	0.898599	0.0207249	0.735018	0.125006	0.660078	0.114169	7.24064e-06	0.187448	0.0603037	0.0151266	0.166663	0.0137052	0.0220391	0.0173373	-7830.03	4.0	1.01584e-05	-29768.1	7.0	1.48778e-05	1.0	1888.46	54.4452	801.424	39.8468	0.29794	0.0133287	1002.7	77.8045	
0.0-2.4	10.0-30.0	0.0-100.0	0.000-1.571	0.008	0.136	5835.0	5834.0	4392.18	74.4359	1441.49	50.892	-0.494444	0.110388	-0.05	0.0	0.421446	0.0740127	3.09305	0.000573704	0.0218842	0.00160248	0.0418514	0.00257407	0.03	0.0	1.492	0.0	5.0	0.0	1.733	0.0	0.0348597	0.00114035	1.01973e-05	0.00191321	0.180671	0.00607775	0.0473596	0.058793	-0.000901407	0.00750486	-0.000686539	0.000517696	2.0393	0.463163	0.932156	0.0167182	0.789656	0.103331	0.869188	0.208787	0.295928	0.098611	0.0558553	0.0121929	0.177107	0.013362	0.039226	0.0370152	-12884.7	4.0	3.63965e-07	-50767.1	7.0	0.000122031	1.0	2967.61	68.8832	1424.57	52.8995	0.324343	0.0107165	1012.28	53.1388	
0.0-2.4	11.0-13.0	0.0-100.0	0.000-1.571	0.016	0.105	1940.0	1939.0	1468.31	42.7017	470.72	28.7382	-0.601423	0.195788	-0.05	0.0	0.424747	0.134439	3.09311	0.001025	0.0216999	0.002781	0.0435093	0.00568537	0.03	0.0	1.492	0.0	5.0	0.0	1.733	0.0	0.0359026	0.00241395	4.93653e-05	0.000238442	0.206089	0.0118842	0.0327913	0.0389773	-0.000379609	0.0145213	0.00112449	0.000937758	2.53147	0.73527	0.959837	0.0290666	0.660756	0.0580556	0.99775	0.76597	0.261128	0.159772	0.0512421	0.0100789	0.16977	0.0169367	0.0200025	3.46039	-4165.78	4.0	7.32203e-06	-14732.6	7.0	2.48673e-06	1.0	1010.22	39.2639	458.087	29.2571	0.311982	0.0177401	1049.39	60.0589	
0.0-2.4	13.0-16.0	0.0-100.0	0.000-1.571	0.016	0.08	1307.0	1299.0	1030.09	35.8346	268.956	22.8684	-0.415604	0.257813	-0.05	0.0	0.593249	0.11795	3.09333	0.00117857	0.0246199	0.00271804	0.0531154	0.00757693	0.03	0.0	1.492	0.0	5.0	0.0	1.733	0.0	0.0388219	0.0027454	1.00002e-05	0.000966722	0.189636	0.0136855	0.0328606	0.0671202	-0.00999998	0.0182228	0.00123881	0.00111691	1.85565	0.763715	1.00613	0.0364412	0.883288	0.151142	0.788764	0.266528	0.116992	0.0742055	0.0461053	0.0212737	0.159413	0.0235666	0.0422087	0.0184386	-3016.13	4.0	1.14259e-05	-9458.92	7.0	4.78267e-06	1.0	722.542	33.6649	307.547	24.8192	0.298563	0.0217406	1045.07	48.0416	
0.0-2.4	13.0-30.0	0.0-100.0	0.000-1.571	0.008	0.105	2201.0	2201.0	1704.32	46.0367	496.655	30.1924	-0.518559	0.187968	-0.05	0.0	0.512461	0.102093	3.09382	0.000894489	0.0230174	0.00207162	0.0452843	0.00462516	0.03	0.0	1.492	0.0	5.0	0.0	1.733	0.0	0.035655	0.00183118	2.10356e-05	0.0045896	0.166898	0.00861463	0.0347602	0.122355	-0.00537756	0.015369	-0.000780471	0.000786182	1.80759	0.989032	0.952111	0.0283053	0.851328	0.168853	0.865628	0.272729	0.334175	0.0959599	0.0425237	0.0173992	0.19579	0.0229489	0.0415545	0.0263826	-5067.4	4.0	4.80366e-08	-17137.7	7.0	0.000108731	1.0	1078.04	42.1398	626.283	34.8423	0.367468	0.0178721	994.274	80.144	
0.0-2.4	16.0-30.0	0.0-100.0	0.000-1.571	0.008	0.064	894.0	893.0	677.505	28.8915	215.464	19.3075	-0.707064	0.28619	-0.05	0.0	0.227015	0.22562	3.09495	0.00152175	0.0192891	0.0057306	0.0331338	0.00510445	0.03	0.0	1.492	0.0	5.0	0.0	1.733	0.0	0.0305465	0.00255815	5.46616e-05	1.05755	0.157424	0.0116682	0.461092	0.573416	0.00155876	0.00498774	-0.00351148	0.0014327	1.33655	0.440517	0.721419	0.0512077	0.679736	1.6084	0.955135	0.118396	0.336056	1.38613	0.00708493	1.0526e-08	0.231207	0.0338853	0.059023	0.0624462	-2058.39	4.0	8.84205e-07	-6130.6	7.0	0.000141507	1.0	395.665	24.7079	281.84	21.6851	0.415996	0.0266415	1050.79	215.879	
0.0-2.4	6.5-30.0	0.0-10.0	0.000-1.571	0.008	0.136	7227.0	7218.0	3580.01	69.8339	3637.83	70.2463	-0.102092	0.0647894	-0.05	0.0	0.413807	0.0	3.09296	0.0	0.047	0.0	0.0239578	0.000852078	0.03	0.0	1.492	0.0	5.0	0.0	1.733	0.0	0.0353633	0.000169194	3.37928e-05	7.02542e-05	0.18369	0.00774285	0.194806	0.0	0.00388621	0.0	0.000595564	0.000687881	1.71005	0.0	0.957222	0.0189007	0.904014	0.248312	0.44307	0.245005	0.493127	0.0516146	0.0769063	0.0532814	0.179166	0.021215	0.0725227	0.012488	-11400.0	4.0	2.23823e-06	-60801.9	4.0	5.19029e-06	1.0	2559.12	67.3478	1020.88	49.3993	0.285162	0.0126278	1143.43	6.37015	
0.0-2.4	6.5-30.0	0.0-100.0	0.000-1.571	0.008	0.128	20678.0	20638.0	12120.6	139.386	8517.92	125.783	-0.196605	0.0439443	-0.05	0.0	0.413807	0.0443505	3.09296	0.000376522	0.047	0.00186931	0.0244311	0.00084452	0.03	0.0	1.492	0.0	5.0	0.0	1.733	0.0	0.0355526	0.000736976	3.69757e-05	6.79802e-05	0.190654	0.00440371	0.194806	0.0809249	0.00388621	0.00250472	-0.000304045	0.000364224	1.71005	0.123875	0.887969	0.0099475	0.973153	0.0475013	0.409758	0.0419538	0.404472	0.0503416	0.197076	0.144102	0.186976	0.00865039	0.0587903	0.00887651	-36643.0	4.0	7.33853e-05	-198580.0	7.0	4.49702e-05	1.0	8843.66	128.563	3276.96	87.209	0.270362	0.00648866	1097.52	43.7484	
0.0-2.4	6.5-30.0	0.0-5.0	0.000-1.571	0.008	0.152	3916.0	3914.0	1912.89	51.3144	2001.03	52.1661	-0.0417404	0.0872526	-0.05	0.0	0.413807	0.0	3.09296	0.0	0.047	0.0	0.0230041	0.00118386	0.03	0.0	1.492	0.0	5.0	0.0	1.733	0.0	0.0349901	0.000228125	1.79985e-05	0.004591	0.182762	0.0110559	0.194806	0.0	0.00388621	0.0	0.0037393	0.000951235	1.71005	0.0	0.999203	0.0264024	0.335077	0.347245	0.757553	0.20205	0.198039	0.537619	0.00764438	0.0267786	0.166942	0.0180911	0.0928589	0.0245371	-6150.09	4.0	3.11219e-08	-30546.9	4.0	2.01497e-06	1.0	1403.36	49.7049	509.525	35.216	0.266364	0.0169666	1172.0	9.06237	
0.0-2.4	6.5-30.0	10.0-15.0	0.000-1.571	0.008	0.152	2823.0	2822.0	1504.87	44.8067	1316.99	42.6584	-0.177799	0.10793	-0.05	0.0	0.413807	0.0	3.09296	0.0	0.047	0.0	0.0244938	0.00130767	0.03	0.0	1.492	0.0	5.0	0.0	1.733	0.0	0.0355779	0.000263867	1.79985e-05	0.004591	0.199276	0.0123542	0.194806	0.0	0.00388621	0.0	0.00327226	0.00103532	1.71005	0.0	0.898411	0.0283733	0.423893	0.0674417	0.856669	0.145616	0.293643	0.107715	0.0314004	0.00950214	0.140509	0.0207033	0.109828	0.0577696	-4654.6	4.0	1.83046e-05	-21269.1	4.0	7.59838e-06	1.0	1079.79	42.3783	425.083	30.3723	0.282471	0.0183468	1104.34	9.29292	
0.0-2.4	6.5-30.0	10.0-20.0	0.000-1.571	0.008	0.16	5125.0	5124.0	2843.05	60.9684	2280.67	56.1672	-0.193213	0.0821271	-0.05	0.0	0.413807	0.0	3.09296	0.0	0.047	0.0	0.0249363	0.000966564	0.03	0.0	1.492	0.0	5.0	0.0	1.733	0.0	0.0357576	0.000197563	1.00282e-05	0.000232918	0.200158	0.00914728	0.194806	0.0	0.00388621	0.0	0.000593946	0.000777962	1.71005	0.0	0.920592	0.0211873	0.550006	0.112208	0.923202	0.0436319	0.398358	0.105462	0.0401195	0.0112914	0.136518	0.0124664	0.221132	0.074555	-8566.88	4.0	1.29912e-05	-41855.4	4.0	1.59965e-05	1.0	2044.58	58.2009	798.478	41.9301	0.280852	0.0134624	1118.95	7.01779	
0.0-2.4	6.5-30.0	15.0-20.0	0.000-1.571	0.008	0.16	2302.0	2302.0	1336.85	41.3074	965.255	36.534	-0.213233	0.126366	-0.05	0.0	0.413807	0.0	3.09296	0.0	0.047	0.0	0.0254159	0.00143176	0.03	0.0	1.492	0.0	5.0	0.0	1.733	0.0	0.035955	0.000296639	1.00282e-05	0.000232918	0.202092	0.013595	0.194806	0.0	0.00388621	0.0	-0.00253106	0.00117448	1.71005	0.0	0.947335	0.0316786	0.741251	0.0978383	0.928056	0.0575699	0.497992	0.0758607	0.061667	0.0253947	0.139455	0.017128	0.321275	0.146465	-3920.7	4.0	1.37202e-06	-17064.5	4.0	5.68476e-06	1.0	964.681	39.8077	372.17	28.7819	0.278393	0.0197365	1136.79	10.6282	
0.0-2.4	6.5-30.0	20.0-25.0	0.000-1.571	0.008	0.136	1974.0	1973.0	1202.05	38.6683	770.85	32.6208	-0.284856	0.141813	-0.05	0.0	0.413807	0.0	3.09296	0.0	0.047	0.0	0.0233085	0.0013388	0.03	0.0	1.492	0.0	5.0	0.0	1.733	0.0	0.035108	0.000260517	3.37928e-05	7.02542e-05	0.202083	0.0150797	0.194806	0.0	0.00388621	0.0	0.00221512	0.00107357	1.71005	0.0	0.820821	0.0291528	0.483041	0.142067	0.677501	0.266661	0.1968	0.127057	0.0434619	0.0120514	0.157674	0.0268522	0.0455432	0.0198561	-3743.54	4.0	6.98951e-06	-14451.3	4.0	8.58346e-06	1.0	913.764	36.8721	288.282	24.1144	0.239826	0.0185184	1054.59	9.13515	
0.0-2.4	6.5-30.0	20.0-30.0	0.000-1.571	0.008	0.136	3595.0	3592.0	2227.04	52.4584	1364.77	43.4718	-0.188116	0.106498	-0.05	0.0	0.413807	0.0	3.09296	0.0	0.047	0.0	0.0232223	0.000964203	0.03	0.0	1.492	0.0	5.0	0.0	1.733	0.0	0.0350745	0.000187108	3.37928e-05	7.02542e-05	0.206043	0.0108949	0.194806	0.0	0.00388621	0.0	0.00192668	0.000804949	1.71005	0.0	0.842778	0.0220287	0.509568	0.100193	0.82416	0.242841	0.294812	0.1112	0.0432884	0.00757619	0.151124	0.0176886	0.0411628	0.0236083	-6804.09	4.0	1.12043e-06	-28535.4	4.0	2.22547e-05	1.0	1655.36	49.9427	571.681	33.9883	0.2567	0.0140127	1068.44	6.99553	
0.0-2.4	6.5-30.0	25.0-30.0	0.000-1.571	0.016	0.136	1621.0	1611.0	1016.58	35.3273	594.291	28.737	-0.0628168	0.161167	-0.05	0.0	0.413807	0.0	3.09296	0.0	0.047	0.0	0.0230298	0.00138927	0.03	0.0	1.492	0.0	5.0	0.0	1.733	0.0	0.035	0.000267928	1.09746e-05	1.71091e-07	0.210678	0.015785	0.194806	0.0	0.00388621	0.0	0.00110565	0.0012249	1.71005	0.0	0.872443	0.0335159	0.580832	0.0608875	0.990899	0.869847	0.44524	0.113883	0.0432196	0.0070579	0.14894	0.017433	0.0202056	3.11593	-3034.84	4.0	7.31685e-07	-11542.0	4.0	1.57145e-05	1.0	734.087	33.5592	282.493	23.9127	0.277886	0.0214491	1087.45	10.8256	
0.0-2.4	6.5-30.0	30.0-35.0	0.000-1.571	0.016	0.12	1265.0	1259.0	797.267	31.4941	461.664	25.6178	-0.379043	0.183913	-0.05	0.0	0.413807	0.0	3.09296	0.0	0.047	0.0	0.0243044	0.00171585	0.03	0.0	1.492	0.0	5.0	0.0	1.733	0.0	0.0355016	0.000344291	1.12109e-05	2.82126e-05	0.178966	0.0175548	0.194806	0.0	0.00388621	0.0	0.00115399	0.00144503	1.71005	0.0	0.909061	0.0376152	0.551642	0.0412918	0.999995	9.89852	0.486384	0.0457997	0.0487538	0.00604082	0.199268	0.0170172	0.020084	35.8943	-2434.98	4.0	6.29021e-05	-8693.68	4.0	1.15703e-05	1.0	606.051	30.7525	191.216	20.7273	0.239839	0.0242101	1111.34	12.3874	
0.0-2.4	6.5-30.0	30.0-40.0	0.000-1.571	0.008	0.12	2184.0	2183.0	1464.83	42.0656	718.054	31.981	-0.407943	0.148022	-0.05	0.0	0.413807	0.0	3.09296	0.0	0.047	0.0	0.0249493	0.00122619	0.03	0.0	1.492	0.0	5.0	0.0	1.733	0.0	0.0357629	0.000250723	3.63218e-05	5.72307e-05	0.167553	0.011548	0.194806	0.0	0.00388621	0.0	0.000927223	0.00104015	1.71005	0.0	0.846176	0.0273363	0.62907	0.0721411	0.704574	0.34055	0.288618	0.313322	0.0607113	0.0132751	0.189992	0.0220146	0.0200004	0.0250002	-4402.51	4.0	4.11094e-08	-16433.8	4.0	9.90389e-06	1.0	1078.94	41.4658	385.886	29.7018	0.263434	0.0188126	1070.61	8.69843	
0.0-2.4	6.5-30.0	35.0-40.0	0.000-1.571	0.008	0.12	919.0	919.0	660.209	27.7445	258.755	19.1919	-0.455899	0.247429	-0.05	0.0	0.413807	0.0	3.09296	0.0	0.047	0.0	0.0256968	0.00174679	0.03	0.0	1.492	0.0	5.0	0.0	1.733	0.0	0.0360718	0.000364721	3.63218e-05	5.72307e-05	0.158135	0.0152999	0.194806	0.0	0.00388621	0.0	0.000836308	0.00149263	1.71005	0.0	0.796634	0.0392973	0.999989	0.683095	0.45027	0.129363	0.400244	0.0871653	0.0832014	1.62791	0.205538	0.0428515	0.075325	0.0197479	-1957.44	4.0	2.44639e-06	-6214.11	4.0	2.26847e-06	1.0	469.303	27.5631	190.907	20.8598	0.289161	0.0291655	1039.55	12.124	
0.0-2.4	6.5-30.0	40.0-45.0	0.000-1.571	0.008	0.12	740.0	739.0	543.58	25.0928	195.389	16.7802	-0.543793	0.286198	-0.05	0.0	0.413807	0.0	3.09296	0.0	0.047	0.0	0.0228119	0.0017855	0.03	0.0	1.492	0.0	5.0	0.0	1.733	0.0	0.0349163	0.000341905	3.63218e-05	5.72307e-05	0.196592	0.0223056	0.194806	0.0	0.00388621	0.0	-0.00172156	0.00164683	1.71005	0.0	0.82343	0.0463505	0.609672	0.389585	0.678462	0.338139	0.0671861	0.515966	0.0305138	0.0185437	0.258405	0.0525773	0.0364617	0.0269725	-1601.9	4.0	4.03088e-05	-4882.02	4.0	5.95497e-05	1.0	417.882	24.2627	125.698	15.8187	0.231242	0.0270725	1056.23	14.5477	
0.0-2.4	6.5-30.0	40.0-50.0	0.000-1.571	0.008	0.136	1308.0	1306.0	969.432	33.4742	336.556	22.0834	-0.942263	0.222754	-0.05	0.0	0.413807	0.0	3.09296	0.0	0.047	0.0	0.0243718	0.00143324	0.03	0.0	1.492	0.0	5.0	0.0	1.733	0.0	0.0355287	0.000288163	3.37928e-05	7.02542e-05	0.20134	0.0160568	0.194806	0.0	0.00388621	0.0	-0.00228728	0.00120305	1.71005	0.0	0.78144	0.0339482	0.683574	0.281346	0.689361	0.264198	0.0698748	0.141896	0.0321581	0.0138742	0.232472	0.0334196	0.0366712	0.0154681	-2764.37	4.0	5.03526e-06	-9363.94	4.0	1.99218e-07	1.0	718.458	32.1074	250.973	22.1481	0.258887	0.021025	1030.22	10.367	
0.0-2.4	6.5-30.0	45.0-50.0	0.000-1.571	0.016	0.136	568.0	566.0	425.774	22.1484	140.269	14.3184	-1.52299	0.359907	-0.05	0.0	0.413807	0.0	3.09296	0.0	0.047	0.0	0.0267081	0.00250059	0.03	0.0	1.492	0.0	5.0	0.0	1.733	0.0	0.0364999	0.000536296	1.09746e-05	1.71091e-07	0.208625	0.0232849	0.194806	0.0	0.00388621	0.0	-0.00269029	0.00173296	1.71005	0.0	0.725806	0.0485875	0.672978	0.237996	0.856578	0.765854	0.079595	0.16172	0.0337318	0.01454	0.199588	0.0411212	0.0377423	0.02967	-1166.44	4.0	4.96173e-05	-3582.87	4.0	9.07183e-06	1.0	301.173	20.9789	124.601	15.3844	0.292647	0.0327695	996.914	14.2416	
0.0-2.4	6.5-30.0	5.0-10.0	0.000-1.571	0.016	0.112	3311.0	3280.0	1649.81	47.17	1630.13	46.9607	-0.158539	0.096877	-0.05	0.0	0.413807	0.0	3.09296	0.0	0.047	0.0	0.0248581	0.00122594	0.03	0.0	1.492	0.0	5.0	0.0	1.733	0.0	0.0357257	0.000250016	1.59385e-05	0.00459194	0.189735	0.0114281	0.194806	0.0	0.00388621	0.0	-0.000773439	0.00101462	1.71005	0.0	0.92469	0.0279003	0.999999	0.971565	0.26667	0.271582	0.395535	0.389669	0.0436692	9.76356	0.214106	0.0940374	0.0672368	0.0347184	-5193.67	4.0	3.11397e-05	-25065.3	4.0	1.63909e-06	1.0	1162.93	45.0176	486.878	33.389	0.295112	0.0183953	1121.67	9.25996	
0.0-2.4	6.5-30.0	50.0-100.0	0.000-1.571	0.008	0.088	1239.0	1230.0	1026.58	33.8851	203.486	18.0339	-0.195828	0.283705	-0.05	0.0	0.413807	0.0	3.09296	0.0	0.047	0.0	0.0258224	0.0015017	0.03	0.0	1.492	0.0	5.0	0.0	1.733	0.0	0.0361244	0.000314622	3.69533e-05	0.0259228	0.185269	0.015654	0.194806	0.0	0.00388621	0.0	0.0011901	0.00119183	1.71005	0.0	0.848826	0.0332526	0.952891	0.0262742	1.0	2.07192	0.426569	0.0166582	0.00758827	0.0240188	0.199524	0.0064959	0.0511968	15.7062	-3013.38	4.0	1.47998e-05	-8998.31	4.0	6.54969e-05	1.0	791.082	33.3631	235.501	22.1742	0.229403	0.0202293	1072.29	10.5975	
0.0-2.4	6.5-30.0	50.0-55.0	0.000-1.571	0.016	0.08	441.0	432.0	352.881	20.0139	79.1433	11.2622	-0.241439	0.450665	-0.05	0.0	0.413807	0.0	3.09296	0.0	0.047	0.0	0.0276169	0.00280519	0.03	0.0	1.492	0.0	5.0	0.0	1.733	0.0	0.0368942	0.000615444	1.13115e-05	2.82051e-05	0.165958	0.0256096	0.194806	0.0	0.00388621	0.0	0.00095974	0.00238841	1.71005	0.0	0.930646	0.0698337	0.583456	0.771894	0.938701	0.537271	0.145751	0.816397	0.0262618	0.0310981	0.189751	0.057059	0.022747	0.429014	-1032.28	4.0	1.05871e-05	-2679.36	4.0	1.84914e-05	1.0	275.067	20.5405	77.8135	14.0715	0.220509	0.0378641	1125.63	23.2447	
0.0-2.4	6.5-30.0	50.0-60.0	0.000-1.571	0.016	0.08	715.0	703.0	586.913	25.6901	116.095	13.7555	-0.218709	0.37531	-0.05	0.0	0.413807	0.0	3.09296	0.0	0.047	0.0	0.0277105	0.00211787	0.03	0.0	1.492	0.0	5.0	0.0	1.733	0.0	0.0369354	0.000465706	1.13115e-05	2.82051e-05	0.167679	0.0191431	0.194806	0.0	0.00388621	0.0	0.00182821	0.00173198	1.71005	0.0	0.881495	0.0485022	0.807155	0.699875	0.596233	0.778653	0.0587213	0.952764	0.0171658	0.0488293	0.230304	0.0540536	0.02	0.109194	-1697.66	4.0	4.82485e-06	-4732.46	4.0	1.00156e-05	1.0	449.642	25.7849	137.271	17.7088	0.233886	0.0283829	1093.31	15.7437	
0.0-2.4	6.5-30.0	55.0-60.0	0.000-1.571	0.016	0.073	274.0	270.0	233.348	16.061	36.6566	7.82718	-0.185776	0.665703	-0.05	0.0	0.413807	0.0	3.09296	0.0	0.047	0.0	0.0276093	0.00314978	0.03	0.0	1.492	0.0	5.0	0.0	1.733	0.0	0.0368909	0.000690918	3.69173e-05	0.0282483	0.171884	0.0289703	0.194806	0.0	0.00388621	0.0	0.00395436	0.0024167	1.71005	0.0	0.803136	0.0662388	0.668917	0.821795	0.706002	0.802782	0.00744269	0.59921	0.00750732	0.0521364	0.299821	0.120575	0.02	0.321065	-667.254	4.0	1.95031e-05	-1580.13	4.0	2.00092e-05	1.0	174.689	15.6078	58.6584	10.7395	0.251378	0.0426476	1043.57	20.5235	
0.0-2.4	6.5-30.0	60.0-100.0	0.000-1.571	0.008	0.088	524.0	520.0	432.248	21.9257	87.7149	11.672	-0.172474	0.427968	-0.05	0.0	0.413807	0.0	3.09296	0.0	0.047	0.0	0.023157	0.00207272	0.03	0.0	1.492	0.0	5.0	0.0	1.733	0.0	0.0350492	0.00040138	3.69533e-05	0.0259228	0.214353	0.0273291	0.194806	0.0	0.00388621	0.0	0.000989448	0.00162935	1.71005	0.0	0.778429	0.0445823	0.83046	0.530468	0.882507	0.225217	0.168102	0.904204	0.00708393	0.2662	0.179267	0.0372804	0.0904848	0.0892074	-1299.7	4.0	2.26592e-08	-3370.03	4.0	3.89477e-06	1.0	336.696	21.1927	95.5519	13.4512	0.221058	0.0290287	1028.38	13.5862	
0.0-2.4	6.5-30.0	60.0-70.0	0.000-1.571	0.008	0.088	344.0	341.0	287.908	17.802	53.0947	9.06072	-0.241738	0.548239	-0.05	0.0	0.413807	0.0	3.09296	0.0	0.047	0.0	0.0218565	0.00248937	0.03	0.0	1.492	0.0	5.0	0.0	1.733	0.0	0.0345561	0.000461483	3.69533e-05	0.0259228	0.230656	0.034955	0.194806	0.0	0.00388621	0.0	0.0018961	2.94022e-07	1.71005	0.0	0.764545	0.05276	0.999985	1.01977	0.999994	2.00894	0.419626	0.120628	0.00704176	1.90444e-11	0.188061	0.0416407	0.0277015	6.39442	-873.704	4.0	0.0563722	-2082.71	4.0	1.97277e-07	1.0	223.616	16.8993	64.2919	10.4982	0.223307	0.0337484	1019.96	15.9219	
0.0-2.4	6.5-30.0	70.0-100.0	0.000-1.571	0.016	0.073	180.0	178.0	143.252	12.7554	34.7366	7.36235	-0.0799988	0.667185	-0.05	0.0	0.413807	0.0	3.09296	0.0	0.047	0.0	0.0252045	0.00408259	0.03	0.0	1.492	0.0	5.0	0.0	1.733	0.0	0.0358677	0.000840857	3.69173e-05	0.0282483	0.18231	0.041541	0.194806	0.0	0.00388621	0.0	0.000342878	0.00305077	1.71005	0.0	0.842744	0.0850151	0.740836	0.0810248	0.999998	0.511989	2.7236e-06	0.105292	0.0443232	0.0225389	0.144483	0.0222919	0.123779	4.99707	-424.275	4.0	9.21951e-05	-947.275	4.0	5.91408e-06	1.0	112.189	12.4907	31.0628	7.99236	0.216841	0.0523449	1068.42	26.9972	
0.0-2.4	6.5-7.5	0.0-100.0	0.000-1.571	0.024	0.16	6169.0	6164.0	2587.13	81.6798	3576.83	87.5071	-0.0477501	0.0680356	-0.05	0.0	0.343082	0.127865	3.09071	0.00101016	0.0558401	0.00884499	0.0288572	0.00232007	0.03	0.0	1.492	0.0	5.0	0.0	1.733	0.0	0.0402096	0.00283547	8.17783e-05	0.000350179	0.2064	0.0131364	0.206905	0.0943392	0.00999973	0.00314158	0.00318517	0.000855778	1.88991	0.200807	0.972015	0.0185605	0.525525	0.0453247	0.960235	0.042105	0.618749	0.0480758	0.0690189	0.0110729	0.142588	0.0140279	0.279003	0.135982	-8786.29	4.0	2.84908e-05	-50065.3	7.0	3.96047e-05	1.0	2105.61	75.158	481.521	38.2177	0.186122	0.0135532	1219.98	60.4081	
0.0-2.4	6.5-8.0	0.0-100.0	0.000-1.571	0.016	0.16	8639.0	8636.0	3964.95	90.8514	4671.06	94.6432	-0.105329	0.0599542	-0.05	0.0	0.603528	0.0801394	3.09049	0.000782485	0.0289798	0.00171	0.063971	0.00821963	0.03	0.0	1.492	0.0	5.0	0.0	1.733	0.0	0.0461447	0.0026836	2.99332e-05	0.00458551	0.205937	0.00996924	0.247328	0.092515	0.00999999	0.0035556	0.00212655	0.00071821	1.76918	0.144226	0.921661	0.0161868	0.549516	0.0537899	0.971002	0.0346793	0.576829	0.0425767	0.0682481	0.00989576	0.143129	0.0101713	0.262932	0.139406	-12706.6	4.0	8.8524e-06	-73455.0	7.0	2.76312e-05	1.0	3148.61	84.7252	816.332	48.1991	0.205887	0.0112036	1188.91	51.9134	
0.0-2.4	7.5-8.5	0.0-100.0	0.000-1.571	0.016	0.145	4518.0	4517.0	2581.39	63.8495	1935.6	58.5517	-0.150419	0.0937845	-0.05	0.0	0.437889	0.109967	3.09143	0.000865756	0.0242165	0.00253487	0.0483657	0.00489084	0.03	0.0	1.492	0.0	5.0	0.0	1.733	0.0	0.0396448	0.00209871	8.73167e-05	0.000503063	0.193454	0.0107556	0.237626	0.11755	0.00999999	0.0168041	0.00136868	0.000884815	1.61931	0.149833	0.872374	0.0228036	0.528021	0.0993466	0.810397	0.258403	0.419282	0.0918134	0.0496731	0.0169076	0.17053	0.0222479	0.0849317	0.0334404	-7689.69	4.0	1.63745e-08	-36328.9	7.0	8.098e-07	1.0	1971.44	60.8174	609.956	39.352	0.23629	0.0140796	1096.95	56.7844	
0.0-2.4	8.0-10.0	0.0-100.0	0.000-1.571	0.016	0.152	6204.0	6203.0	3923.31	76.617	2279.53	65.0022	-0.168511	0.0845987	-0.05	0.0	0.451682	0.0677134	3.09293	0.000629373	0.0464284	0.00284473	0.0224619	0.00142463	0.03	0.0	1.492	0.0	5.0	0.0	1.733	0.0	0.0353594	0.00118236	8.77568e-05	0.000222665	0.194395	0.0078408	0.220504	0.162948	0.000482412	0.00445107	0.00200329	0.000687222	1.61158	0.193941	0.889038	0.018639	0.574943	0.12417	0.854202	0.205534	0.409534	0.10225	0.0396381	0.0114084	0.187261	0.0167071	0.0629228	0.0277552	-11638.7	4.0	2.29052e-06	-52810.3	7.0	0.000120608	1.0	2876.14	70.9802	1047.17	47.9753	0.266909	0.0110617	1090.32	74.7736	
0.0-2.4	8.5-9.5	0.0-100.0	0.000-1.571	0.016	0.12	2994.0	2988.0	1909.06	52.6426	1079.06	44.0371	-0.181841	0.122193	-0.05	0.0	0.472233	0.0896275	3.09395	0.000882356	0.0451642	0.00374407	0.0219716	0.00178832	0.03	0.0	1.492	0.0	5.0	0.0	1.733	0.0	0.0349005	0.00154802	6.95629e-05	0.856416	0.193356	0.0102627	0.195184	0.13966	-0.00999942	0.0168092	0.00174785	0.000994223	1.55529	0.186244	0.89142	0.0267624	0.649295	0.195468	0.807159	0.741872	0.364675	0.158844	0.0400792	0.0117384	0.177924	0.0208524	0.0394775	0.0233654	-5578.68	4.0	1.2091e-06	-23317.6	7.0	2.66572e-05	1.0	1334.33	48.1448	574.737	34.861	0.301057	0.0162646	1054.36	60.7862	
0.0-2.4	9.5-11.0	0.0-100.0	0.000-1.571	0.016	0.136	2856.0	2854.0	2003.43	53.485	850.785	41.3215	-0.334789	0.14142	-0.05	0.0	0.391007	0.105238	3.09255	0.000845329	0.0446172	0.00403575	0.023712	0.00207458	0.03	0.0	1.492	0.0	5.0	0.0	1.733	0.0	0.0334781	0.00160189	1.00134e-05	0.000394123	0.1936	0.010994	0.411649	0.288515	0.00222243	0.00388551	-0.000390072	0.000974139	1.51563	0.180968	0.720078	0.0277663	0.823071	0.231037	0.585854	0.284283	0.211275	0.247179	0.0603505	0.0350175	0.184022	0.0227447	0.0318788	0.0201775	-6012.99	4.0	5.3287e-06	-22513.8	7.0	0.000156432	1.0	1496.05	49.3846	507.38	32.0492	0.253256	0.0144982	1118.34	125.441	
0.4-0.8	6.5-30.0	0.0-100.0	0.000-1.571	0.008	0.073	2556.0	2556.0	1765.88	47.6859	790.118	36.0256	-0.234949	0.142956	-0.05	0.0	0.783291	0.0946507	3.09361	0.000664208	0.0220489	0.00108928	0.0392614	0.00721801	0.03	0.0	1.492	0.0	5.0	0.0	1.733	0.0	0.0267367	0.00152154	1.07909e-05	6.48731e-06	0.197752	0.0112262	0.164736	0.163076	-0.00113548	0.00593586	-0.00125925	0.00083386	1.82366	0.359661	0.904691	0.0258553	0.746807	0.087612	0.959255	0.0495118	0.448902	0.0749689	0.064047	0.028997	0.158588	0.0178135	0.418093	0.292843	-5764.4	4.0	4.01774e-07	-20293.6	7.0	3.73262e-05	1.0	1261.95	43.764	503.927	30.6459	0.285369	0.0155497	1109.73	104.557	
0.8-1.2	6.5-30.0	0.0-100.0	0.000-1.571	0.008	0.105	3857.0	3855.0	2398.37	60.5693	1456.61	52.2194	-0.00306924	0.10891	-0.05	0.0	0.475884	0.122259	3.09227	0.000828119	0.0271549	0.00198719	0.0386592	0.00372345	0.03	0.0	1.492	0.0	5.0	0.0	1.733	0.0	0.0336782	0.00136824	3.76156e-05	0.000218351	0.190553	0.00965707	0.510138	0.279061	0.00698866	0.00378923	-0.00142802	0.0009589	1.44442	0.131788	0.705782	0.0269661	0.57833	0.0632832	0.969805	0.0273648	0.433899	0.0623602	0.0513548	0.00910601	0.141536	0.0133378	0.297594	0.16619	-7417.52	4.0	2.20444e-06	-30942.5	7.0	1.41986e-06	1.0	1770.39	55.1833	627.979	36.0238	0.261836	0.0134863	1143.83	105.841	
1.2-1.6	6.5-30.0	0.0-10.0	0.000-1.571	0.016	0.136	1873.0	1867.0	842.42	35.2277	1024.52	37.7233	0.17991	0.121969	-0.05	0.0	0.452639	0.0	3.09131	0.0	0.0460636	0.0	0.032516	0.00252532	0.03	0.0	1.492	0.0	5.0	0.0	1.733	0.0	0.0392321	0.000572817	1.84654e-05	0.00459078	0.200191	0.01759	0.103775	0.0	0.00999984	0.0	0.00352038	0.00124801	2.09199	0.0	0.895592	0.034999	0.528872	0.193874	0.607727	0.299489	0.324435	0.128389	0.0521683	0.0172504	0.170394	0.0303511	0.053409	0.0208332	-2748.68	4.0	1.11531e-06	-13015.8	4.0	1.4811e-05	1.0	608.785	33.3915	233.634	23.7139	0.277337	0.0256497	1083.06	12.9688	
1.2-1.6	6.5-30.0	0.0-100.0	0.000-1.571	0.008	0.136	5261.0	5254.0	2904.23	73.6343	2349.32	69.7475	-0.0340725	0.0874975	-0.05	0.0	0.452639	0.134769	3.09131	0.000954339	0.0460636	0.00376101	0.0318451	0.00248149	0.03	0.0	1.492	0.0	5.0	0.0	1.733	0.0	0.0389296	0.00149738	2.31047e-05	0.000294422	0.188594	0.00928863	0.103775	0.0507441	0.00999984	0.0195355	0.0020285	0.000729359	2.09199	0.256609	0.956308	0.0194025	0.642555	0.135226	0.631942	0.222411	0.405977	0.135609	0.0682038	0.0143917	0.176379	0.020214	0.0462915	0.0301948	-8770.64	4.0	6.50183e-06	-42837.3	7.0	0.000176561	1.0	2156.02	67.501	748.216	43.9104	0.257629	0.0136356	1128.62	46.6648	
1.2-1.6	6.5-30.0	10.0-20.0	0.000-1.571	0.008	0.128	1298.0	1294.0	686.488	31.2638	607.506	29.974	-0.158186	0.159067	-0.05	0.0	0.452639	0.0	3.09131	0.0	0.0460636	0.0	0.0361131	0.00334299	0.03	0.0	1.492	0.0	5.0	0.0	1.733	0.0	0.0409179	0.000807475	2.94195e-05	0.000284662	0.172384	0.0162408	0.103775	0.0	0.00999984	0.0	0.00258618	0.00162108	2.09199	0.0	1.04121	0.0421449	0.572374	0.111847	0.999914	1.5142	0.589103	0.0853235	0.0897632	0.0221273	0.148458	0.0246822	0.0355995	11.7789	-2054.14	4.0	5.61359e-06	-8664.75	4.0	3.83066e-07	1.0	483.795	30.4205	202.693	22.9167	0.29526	0.0305545	1194.06	16.4682	
1.2-1.6	6.5-30.0	20.0-30.0	0.000-1.571	0.016	0.105	935.0	930.0	540.785	26.4153	389.273	23.3695	-0.0138356	0.198665	-0.05	0.0	0.452639	0.0	3.09131	0.0	0.0460636	0.0	0.0274025	0.00260283	0.03	0.0	1.492	0.0	5.0	0.0	1.733	0.0	0.037033	0.000527097	1.01652e-05	0.000874629	0.194595	0.0216416	0.103775	0.0	0.00999984	0.0	0.000533938	0.00161869	2.09199	0.0	0.956733	0.0398085	0.49089	0.269784	0.848505	0.880951	0.311379	0.288987	0.0298727	0.0121726	0.129736	0.028722	0.0306521	0.0297922	-1700.09	4.0	5.71684e-05	-6038.03	4.0	7.6382e-05	1.0	407.935	25.5296	132.849	17.2285	0.245661	0.0295121	1128.94	15.1176	
1.2-1.6	6.5-30.0	30.0-40.0	0.000-1.571	0.016	0.12	543.0	542.0	345.493	20.9033	196.473	16.9682	-0.00520747	0.279969	-0.05	0.0	0.452639	0.0	3.09131	0.0	0.0460636	0.0	0.0310072	0.00374686	0.03	0.0	1.492	0.0	5.0	0.0	1.733	0.0	0.0385577	0.000824638	1.0296e-05	0.000975254	0.16343	0.0299995	0.103775	0.0	0.00999984	0.0	0.00466645	0.00207213	2.09199	0.0	0.907283	0.0551516	1.0	3.78532	0.33312	0.0226954	0.319291	0.0207467	0.144797	6.54857	0.275154	0.0161103	0.0668766	0.00363928	-1036.12	4.0	6.26884e-05	-3265.37	4.0	6.73486e-06	1.0	276.829	21.6785	68.6644	14.3767	0.198743	0.0398369	1091.74	20.5384	
1.2-1.6	6.5-30.0	40.0-50.0	0.000-1.571	0.016	0.064	311.0	306.0	233.348	16.4178	72.6237	10.4313	-1.90415	0.527724	-0.05	0.0	0.452639	0.0	3.09131	0.0	0.0460636	0.0	0.0296988	0.00450209	0.03	0.0	1.492	0.0	5.0	0.0	1.733	0.0	0.0379897	0.000963234	2.95545e-05	0.000300613	0.208969	0.0364002	0.103775	0.0	0.00999984	0.0	-0.00424483	0.00283874	2.09199	0.0	1.03425	0.0826289	1.0	0.0289686	0.999998	0.141504	0.523721	0.125147	0.707173	0.629628	0.196216	0.0503903	0.0734544	2.83471	-640.264	4.0	1.46737e-06	-1749.8	4.0	0.00011639	1.0	178.537	16.2528	54.8106	11.0107	0.234888	0.0441972	1188.63	32.2181	
1.2-1.6	6.5-30.0	50.0-100.0	0.000-1.571	0.016	0.073	301.0	298.0	245.951	16.5299	52.0264	8.9062	-0.902116	0.562463	-0.05	0.0	0.452639	0.0	3.09131	0.0	0.0460636	0.0	0.0296479	0.00350188	0.03	0.0	1.492	0.0	5.0	0.0	1.733	0.0	0.0379679	0.00074838	1.01642e-05	0.000817577	0.193532	0.0351497	0.103775	0.0	0.00999984	0.0	0.0053617	0.00261678	2.09199	0.0	0.972502	0.0745855	0.692892	0.495115	0.580777	0.589589	3.09414e-06	0.91981	0.0293297	0.0585003	0.252311	0.086439	0.0200045	0.135476	-684.71	4.0	5.5183e-07	-1744.03	4.0	3.8559e-06	1.0	193.583	16.3778	52.368	10.5523	0.21292	0.0404472	1140.95	28.4881	
1.6-2.0	6.5-30.0	0.0-100.0	0.000-1.571	0.008	0.16	5079.0	5078.0	2601.17	77.8704	2477.03	77.0486	-0.392006	0.0874746	-0.05	0.0	0.526036	0.174794	3.09115	0.00120117	0.0552564	0.0046495	0.033643	0.00480356	0.03	0.0	1.492	0.0	5.0	0.0	1.733	0.0	0.0462881	0.00247104	2.61437e-05	0.00458725	0.205304	0.0119405	0.462154	0.274076	0.00485629	0.00340939	0.00188193	0.00112778	1.4787	0.146906	0.820859	0.0258479	0.728641	0.71088	0.451363	0.968986	0.423919	0.96964	0.00726131	7.13161e-09	0.194536	0.0186993	0.0639995	0.0108878	-7619.49	4.0	5.68048e-06	-40688.4	7.0	4.03399e-05	1.0	2050.45	70.8833	550.723	39.0936	0.211722	0.0136274	1171.72	98.4095	
1.6-2.4	3.0-30.0	0.0-100.0	0.000-1.571	0.008	0.264	38500.0	38498.0	9782.47	161.398	28715.5	212.081	-0.16465	0.0232607	-0.05	0.0	0.0551015	0.031074	3.09038	0.000821013	0.0188282	0.00525032	0.0518807	0.00157179	0.03	0.0	1.89	0.0	5.0	0.0	1.44	0.0	0.0506244	0.000843011	1.05692e-05	6.49144e-05	0.209476	0.0080118	0.19593	0.106578	0.00823221	0.0041731	0.00708032	0.000444708	1.71895	0.159922	0.949967	0.00737338	1.0	15.5946	0.337701	0.0151289	0.60992	0.00793899	0.0398247	12.4018	0.195911	0.00328022	0.0721291	0.000749385	-40507.3	4.0	1.51152e-06	-375682.0	7.0	0.00015363	1.0	7993.21	157.605	1789.26	91.2101	0.182905	0.00882198	1142.17	53.4253	
1.6-2.4	3.0-4.5	0.0-100.0	0.000-1.571	0.048	0.264	17368.0	16541.0	2960.8	116.202	13580.0	155.284	-0.163475	0.0345059	-0.05	0.0	0.410146	0.114169	3.08782	0.00211081	0.09	0.00446347	0.0450612	0.00434691	0.03	0.0	1.86	0.0	5.0	0.0	1.38	0.0	0.0672301	0.00297987	8.85777e-05	0.0369611	0.225351	0.0235825	0.10138	0.069762	0.0499998	0.0927704	0.011756	0.000795208	1.84717	0.274775	1.02287	0.0104255	0.999958	4937.74	0.28449	159.8	0.67498	76.9446	0.0136115	11030.9	0.214679	45.869	0.0944986	9.71659	-14739.8	4.0	6.50782e-06	-146538.0	7.0	4.09131e-05	1.0	2611.55	115.704	349.256	55.409	0.11796	0.0181325	1134.07	43.0835	
1.6-2.4	3.0-5.5	0.0-100.0	0.000-1.571	0.024	0.264	26439.0	26437.0	4646.04	129.697	21790.4	184.266	-0.0822603	0.0265585	-0.05	0.0	0.0432011	0.0312004	3.08947	0.00139687	0.0158392	0.00586113	0.052807	0.00223274	0.03	0.0	1.86	0.0	5.0	0.0	1.38	0.0	0.0517585	0.00115558	1.55371e-05	0.00459213	0.231539	0.0161609	0.12561	0.0884383	0.0251242	0.0167429	0.010605	0.000590297	1.92185	0.271488	1.02438	0.00836475	0.997129	3.13764	0.336462	0.343853	0.697628	0.147296	0.0143221	4.29926	0.20617	0.051279	0.0866669	0.0126206	-24979.6	4.0	4.75303e-07	-246760.0	7.0	0.000147929	1.0	3986.34	128.216	659.703	66.294	0.141992	0.0137073	1175.37	57.1083	
1.6-2.4	3.0-6.5	0.0-10.0	0.000-1.571	0.032	0.264	13656.0	13638.0	1846.1	87.6437	11792.3	132.753	-0.136831	0.035788	-0.05	0.0	0.033956	0.0	3.09048	0.0	0.0161493	0.0	0.0512893	0.00254182	0.03	0.0	1.86	0.0	5.0	0.0	1.38	0.0	0.0504988	0.00124698	1.3729e-05	0.00459296	0.211109	0.0241568	0.173612	0.0	0.0248858	0.0	0.0109551	0.000857654	1.74699	0.0	1.02954	0.0128673	0.999995	7.24181	0.295622	0.0753456	0.692533	0.0401071	0.0143037	8.7773	0.252302	0.0279463	0.0882443	0.00633431	-12305.8	4.0	7.05571e-07	-118035.0	4.0	1.51719e-05	1.0	1543.77	86.6724	302.331	48.4418	0.163767	0.0250617	1185.66	4.61661	
1.6-2.4	3.0-6.5	0.0-100.0	0.000-1.571	0.032	0.264	31882.0	31833.0	6359.35	143.326	25473.9	199.127	-0.144768	0.0246269	-0.05	0.0	0.033956	0.0253756	3.09048	0.00114947	0.0161493	0.00598862	0.0524812	0.00174854	0.03	0.0	1.86	0.0	5.0	0.0	1.38	0.0	0.0516683	0.00091142	1.3729e-05	0.00459296	0.226537	0.0126934	0.173612	0.119569	0.0248858	0.0127777	0.00926718	0.00053313	1.74699	0.202728	0.982139	0.0079532	0.999998	1.13491	0.272718	0.00113167	0.653611	0.000664111	0.0309558	38.5353	0.218848	0.000406411	0.0799248	9.8851e-05	-31222.6	4.0	1.04222e-05	-303434.0	7.0	0.000239679	1.0	5428.79	141.084	930.555	73.3081	0.146329	0.0110458	1151.95	60.4489	
1.6-2.4	3.0-6.5	0.0-20.0	0.000-1.571	0.032	0.264	22428.0	22397.0	3448.45	116.181	18948.1	170.26	-0.138034	0.0282672	-0.05	0.0	0.033956	0.0	3.09048	0.0	0.0161493	0.0	0.0521184	0.00188658	0.03	0.0	1.86	0.0	5.0	0.0	1.38	0.0	0.0513122	0.000925575	1.3729e-05	0.00459296	0.212865	0.0179121	0.173612	0.0	0.0248858	0.0	0.0107086	0.000652885	1.74699	0.0	0.999523	0.00974526	0.999945	1.07044	0.253868	0.0221413	0.654283	0.0130654	0.0256621	1.52837	0.238278	0.00832921	0.0790672	0.00167207	-21050.0	4.0	3.03057e-05	-205118.0	4.0	2.42051e-05	1.0	2952.31	114.709	496.143	59.5339	0.143874	0.0165695	1164.24	3.45698	
1.6-2.4	3.0-6.5	10.0-20.0	0.000-1.571	0.024	0.209	8772.0	8769.0	1608.02	77.0711	7160.85	107.218	-0.13136	0.0460734	-0.05	0.0	0.033956	0.0	3.09048	0.0	0.0161493	0.0	0.0533209	0.0029002	0.03	0.0	1.86	0.0	5.0	0.0	1.38	0.0	0.0524923	0.00142298	1.37782e-05	0.00459294	0.210159	0.0253177	0.173612	0.0	0.0248858	0.0	0.010015	0.00100514	1.74699	0.0	0.958372	0.0148756	0.999995	16287.2	0.212408	168.635	0.590468	142.906	0.0109957	25346.7	0.205926	70.892	0.0675195	12.859	-8792.99	4.0	2.29455e-07	-72199.9	4.0	1.88611e-05	1.0	1406.34	75.7389	201.677	35.8664	0.12542	0.0214794	1135.29	5.18866	
1.6-2.4	3.0-6.5	20.0-30.0	0.000-1.571	0.032	0.192	4961.0	4947.0	1148.94	58.7546	3797.87	78.1113	-0.180548	0.0634624	-0.05	0.0	0.033956	0.0	3.09048	0.0	0.0161493	0.0	0.0561305	0.00302864	0.03	0.0	1.86	0.0	5.0	0.0	1.38	0.0	0.0552495	0.00148623	1.37746e-05	0.00459294	0.231815	0.0266045	0.173612	0.0	0.0248858	0.0	0.00448759	0.00133678	1.74699	0.0	1.00296	0.0191768	1.0	0.0967619	0.568298	0.891603	0.73853	0.278812	0.0216619	20.1816	0.144879	0.120383	0.109815	0.209578	-5053.13	4.0	1.11582e-06	-38013.4	4.0	1.81928e-05	1.0	962.769	57.3419	186.172	30.8988	0.162038	0.0255849	1166.68	6.81179	
1.6-2.4	3.0-6.5	20.0-40.0	0.000-1.571	0.024	0.192	7405.0	7401.0	1868.81	70.7087	5532.51	93.0873	-0.153297	0.0525517	-0.05	0.0	0.033956	0.0	3.09048	0.0	0.0161493	0.0	0.0524797	0.00212939	0.03	0.0	1.86	0.0	5.0	0.0	1.38	0.0	0.0516667	0.00104473	1.37746e-05	0.00459294	0.241457	0.0218868	0.173612	0.0	0.0248858	0.0	0.00463432	0.00106873	1.74699	0.0	0.999308	0.0155313	1.0	0.0647746	0.615358	0.0809269	0.745785	0.0258058	0.0200717	0.847025	0.138773	0.0132265	0.114823	0.0206301	-7804.01	4.0	2.49577e-06	-59984.7	4.0	5.35426e-05	1.0	1577.54	69.5473	291.267	37.3576	0.155857	0.0191005	1164.09	5.50903	
1.6-2.4	3.0-6.5	30.0-40.0	0.000-1.571	0.032	0.152	2444.0	2431.0	725.465	40.0229	1705.14	50.8076	-0.107061	0.0946246	-0.05	0.0	0.033956	0.0	3.09048	0.0	0.0161493	0.0	0.0476677	0.0027973	0.03	0.0	1.86	0.0	5.0	0.0	1.38	0.0	0.0469459	0.00137193	1.3843e-05	0.00459291	0.252765	0.037375	0.173612	0.0	0.0248858	0.0	0.00631983	0.00179527	1.74699	0.0	0.928066	0.0267813	0.999989	0.251275	0.327221	0.129561	0.606036	0.0906517	0.0157592	0.87503	0.14541	0.0262955	0.0830168	0.0165623	-2742.15	4.0	4.69094e-05	-17104.3	4.0	0.000139975	1.0	618.01	40.0066	107.455	21.7536	0.148119	0.0288508	1114.29	9.21655	
1.6-2.4	3.0-6.5	40.0-100.0	0.000-1.571	0.024	0.168	2049.0	2049.0	1041.61	41.0508	1007.27	40.6304	-0.140234	0.124671	-0.05	0.0	0.033956	0.0	3.09048	0.0	0.0161493	0.0	0.0528811	0.0020795	0.03	0.0	1.86	0.0	5.0	0.0	1.38	0.0	0.0520607	0.00102027	1.33924e-05	0.00459311	0.248759	0.029235	0.173612	0.0	0.0248858	0.0	0.00980363	0.00177869	1.74699	0.0	0.88012	0.0278707	0.209368	0.275456	0.941228	0.11319	0.0618467	1.10647	0.0180801	0.0125876	0.171369	0.035689	0.139418	0.107532	-2701.67	4.0	2.14652e-05	-14453.1	4.0	0.000143924	1.0	891.383	41.4673	150.223	22.8133	0.144223	0.0211516	1081.66	9.37028	
1.6-2.4	3.0-6.5	40.0-50.0	0.000-1.571	0.032	0.136	1189.0	1174.0	528.698	30.1743	645.351	32.0498	-0.108456	0.155001	-0.05	0.0	0.033956	0.0	3.09048	0.0	0.0161493	0.0	0.05238	0.00290979	0.03	0.0	1.86	0.0	5.0	0.0	1.38	0.0	0.0515689	0.0014276	1.41936e-05	0.00459275	0.21821	0.0310759	0.173612	0.0	0.0248858	0.0	0.00639504	0.00227793	1.74699	0.0	0.738868	0.0420485	0.998683	2.00031	0.0954552	0.0451403	1.08875e-07	0.109245	0.030201	0.119815	0.212985	0.0631352	0.0383197	0.00899432	-1493.55	4.0	5.10213e-07	-7553.55	4.0	3.22536e-05	1.0	424.733	30.1425	103.964	18.8723	0.196642	0.0338856	990.458	12.9609	
1.6-2.4	3.0-6.5	50.0-100.0	0.000-1.571	0.032	0.168	860.0	857.0	512.848	27.7638	344.155	24.5393	-0.0893019	0.214642	-0.05	0.0	0.033956	0.0	3.09048	0.0	0.0161493	0.0	0.0540338	0.00305101	0.03	0.0	1.86	0.0	5.0	0.0	1.38	0.0	0.0531918	0.00149703	1.33924e-05	0.00459311	0.271418	0.0509905	0.173612	0.0	0.0248858	0.0	0.000349527	0.00275069	1.74699	0.0	0.882829	0.0386281	0.90095	0.10303	0.336758	0.174344	1.56372e-06	0.834665	0.146516	0.10258	0.171539	0.0347434	0.0200002	0.0185129	-1229.4	4.0	6.45053e-06	-5389.09	4.0	1.35346e-07	1.0	450.476	28.7713	62.3723	15.635	0.12162	0.0297672	1083.48	13.005	
1.6-2.4	4.5-5.5	0.0-100.0	0.000-1.571	0.024	0.184	9071.0	9053.0	1979.94	77.5965	7073.02	105.423	-0.426008	0.047164	-0.05	0.0	0.057385	0.0469835	3.09078	0.00192528	0.0200001	0.0138478	0.0519067	0.00338041	0.03	0.0	1.86	0.0	5.0	0.0	1.38	0.0	0.0506226	0.00172533	2.30218e-05	0.000291032	0.22908	0.020863	0.230492	0.240963	0.0112379	0.0129968	0.00830955	0.0010131	1.78872	0.370595	0.989452	0.0156201	0.999999	33.4149	0.360391	0.170982	0.715948	0.0827748	0.0142114	59.4689	0.214568	0.0449393	0.0769203	0.0144607	-9298.9	4.0	1.17891e-06	-75046.8	7.0	1.80304e-05	1.0	1648.61	75.6499	331.331	41.4357	0.167344	0.0198736	1220.99	126.256	
1.6-2.4	5.5-6.5	0.0-100.0	0.000-1.571	0.032	0.168	5443.0	5392.0	1630.22	176.65	3761.73	181.939	-0.55393	0.066317	-0.05	0.0	0.898171	0.82205	3.09329	0.003869	0.0532823	0.0451539	0.0333142	0.0334397	0.03	0.0	1.86	0.0	5.0	0.0	1.38	0.0	0.0516035	0.0220684	1.49587e-05	0.00459239	0.219252	0.0202191	0.433295	0.409181	0.0163991	0.0173772	0.00486678	0.00133725	1.45247	0.191912	0.782205	0.0234132	0.999997	3.39333	0.170368	0.00209203	0.477859	0.0031784	0.0166377	4.65765	0.246229	0.00211884	0.0597809	0.000364366	-6373.01	4.0	5.42117e-05	-42265.0	7.0	0.00385377	1.0	1380.08	152.156	250.143	39.0228	0.153441	0.0172202	1122.87	146.743	
1.6-2.4	6.5-30.0	0.0-10.0	0.000-1.571	0.008	0.152	2338.0	2337.0	990.783	39.3605	1346.09	43.6381	-0.34142	0.107116	-0.05	0.0	0.663689	0.0	3.09114	0.0	0.0566716	0.0	0.0305461	0.0037237	0.03	0.0	1.492	0.0	5.0	0.0	1.733	0.0	0.0494505	0.000386786	2.77437e-05	0.00458652	0.227461	0.0235315	0.211707	0.0	0.00199102	0.0	0.00425308	0.00147938	1.6767	0.0	1.08745	0.0341709	0.63186	0.632981	1.0	0.00213661	0.62817	0.264229	0.0731774	0.0750748	0.173268	0.0610608	0.182998	44.3519	-3104.67	4.0	2.76954e-05	-16640.0	4.0	4.90573e-05	1.0	809.854	38.614	180.929	22.5303	0.182612	0.0215517	1235.87	11.8509	
1.6-2.4	6.5-30.0	0.0-100.0	0.000-1.571	0.008	0.152	6618.0	6614.0	3418.99	89.5016	3195.12	88.2173	-0.422387	0.0749389	-0.05	0.0	0.663689	0.139632	3.09114	0.00108294	0.0566716	0.00370327	0.030491	0.00548095	0.03	0.0	1.492	0.0	5.0	0.0	1.733	0.0	0.0494391	0.00221442	2.77437e-05	0.00458652	0.196441	0.00968553	0.211707	0.175346	0.00199102	0.00574194	0.00281891	0.000776922	1.6767	0.235346	0.923154	0.0179401	0.771881	0.176955	0.662286	0.274289	0.529415	0.0843549	0.0662679	0.0221007	0.177738	0.0184545	0.0560468	0.0266711	-9937.95	4.0	2.38078e-05	-54724.5	7.0	7.62329e-06	1.0	2636.73	81.2611	782.259	47.523	0.228798	0.0125431	1125.6	85.0414	
1.6-2.4	6.5-30.0	10.0-20.0	0.000-1.571	0.016	0.16	1693.0	1693.0	814.629	34.9022	878.397	35.8037	-0.299803	0.13273	-0.05	0.0	0.663689	0.0	3.09114	0.0	0.0566716	0.0	0.0321759	0.00494328	0.03	0.0	1.492	0.0	5.0	0.0	1.733	0.0	0.0497969	0.000537099	7.1128e-05	0.0211424	0.184483	0.0186566	0.211707	0.0	0.00199102	0.0	0.0039186	0.00164184	1.6767	0.0	0.944721	0.0365418	0.527298	0.125424	0.933608	0.094362	0.343596	0.182617	0.0246372	0.011569	0.128596	0.0178062	0.128673	0.106407	-2442.38	4.0	3.84595e-06	-11616.1	4.0	1.14626e-06	1.0	629.388	34.8238	185.241	23.4209	0.227393	0.0270493	1139.62	11.9397	
1.6-2.4	6.5-30.0	20.0-30.0	0.000-1.571	0.016	0.136	1118.0	1113.0	624.071	28.7082	488.852	26.2477	-0.733576	0.181345	-0.05	0.0	0.663689	0.0	3.09114	0.0	0.0566716	0.0	0.0253881	0.00358446	0.03	0.0	1.492	0.0	5.0	0.0	1.733	0.0	0.0484595	0.000315782	8.26074e-05	0.000185856	0.212703	0.0226313	0.211707	0.0	0.00199102	0.0	0.00432721	0.0016507	1.6767	0.0	0.765641	0.0401894	0.733054	1.26801	0.328832	0.553716	0.280434	0.23597	0.0349354	0.0748907	0.185297	0.0464451	0.0494477	0.018399	-1825.26	4.0	1.8217e-05	-7314.15	4.0	3.05629e-05	1.0	472.481	27.765	151.59	18.6312	0.242905	0.0276842	1028.24	11.7951	
1.6-2.4	6.5-30.0	30.0-40.0	0.000-1.571	0.016	0.12	688.0	685.0	420.485	23.3386	264.5	19.7159	-0.51445	0.244792	-0.05	0.0	0.663689	0.0	3.09114	0.0	0.0566716	0.0	0.027621	0.00465285	0.03	0.0	1.492	0.0	5.0	0.0	1.733	0.0	0.0488685	0.000442223	7.78689e-05	0.00018502	0.164345	0.0202033	0.211707	0.0	0.00199102	0.0	0.00122347	0.00219219	1.6767	0.0	0.853689	0.0482072	0.7406	0.10131	1.0	36.1402	0.639156	0.0532702	0.0134204	0.0119707	0.195023	0.0189493	0.0241359	97.632	-1178.69	4.0	8.49417e-06	-4214.03	4.0	6.66878e-07	1.0	291.829	23.4571	128.656	18.4083	0.305971	0.0403505	1081.51	14.9981	
1.6-2.4	6.5-30.0	40.0-50.0	0.000-1.571	0.016	0.136	416.0	415.0	275.081	18.3917	140.034	14.2546	-0.944397	0.342907	-0.05	0.0	0.663689	0.0	3.09114	0.0	0.0566716	0.0	0.029521	0.00521064	0.03	0.0	1.492	0.0	5.0	0.0	1.733	0.0	0.0492406	0.000525302	8.26074e-05	0.000185856	0.177788	0.027582	0.211707	0.0	0.00199102	0.0	0.000445573	0.00227348	1.6767	0.0	0.649798	0.0532593	0.595958	0.316086	0.738335	0.349155	0.160161	0.577409	0.0438789	0.0205933	0.227195	0.054892	0.030004	0.0422114	-745.285	4.0	1.88763e-05	-2379.4	4.0	4.19606e-05	1.0	201.077	18.0003	74.0035	12.9519	0.269025	0.0435131	963.34	14.1596	
1.6-2.4	6.5-30.0	50.0-100.0	0.000-1.571	0.024	0.088	365.0	344.0	271.244	17.8754	72.7464	11.0018	-0.185212	0.469459	-0.05	0.0	0.663689	0.0	3.09114	0.0	0.0566716	0.0	0.0460869	0.00762122	0.03	0.0	1.492	0.0	5.0	0.0	1.733	0.0	0.0533467	0.00110715	6.88123e-05	0.774115	0.178846	0.0328218	0.211707	0.0	0.00199102	0.0	0.0077806	0.00281724	1.6767	0.0	0.807289	0.0620682	0.6219	0.387317	0.736324	0.742723	1.72256e-06	0.731617	0.0519191	0.0380888	0.212113	0.0666869	0.0237952	0.142452	-702.252	4.0	9.45614e-07	-1967.31	4.0	3.42402e-06	1.0	216.316	18.0023	54.9277	11.5743	0.202503	0.0405307	1053.05	18.7545	
2.0-2.4	6.5-30.0	0.0-100.0	0.000-1.571	0.016	0.152	1539.0	1538.0	896.402	42.8572	641.606	39.749	-0.412538	0.170894	-0.05	0.0	0.486243	0.181794	3.09094	0.00255783	0.0425073	0.00652711	0.08	0.120887	0.03	0.0	1.492	0.0	5.0	0.0	1.733	0.0	0.0645494	0.0386361	5.32822e-05	0.000637972	0.183951	0.0170526	0.0616077	0.0610709	-0.00999984	0.0176827	0.00283666	0.00143867	2.16559	0.541582	0.94287	0.0305362	0.75471	0.0134213	1.0	1.52721	0.620972	0.00830712	0.0432047	0.00283293	0.176085	0.00366049	0.206684	7.80118	-2339.2	4.0	0.000106608	-10478.4	7.0	3.03174e-05	1.0	662.436	39.5847	233.966	26.2489	0.261006	0.0264905	1059.79	65.7476	
