weightedEff_TnPAtRD_4DEff_RapPtEffMap2
rap	pT	cent	dPhi	ctauErrMin	ctauErrMax	NoCutEntry	CutEntry	NSig	NSigErr	NBkg	NBkgErr	coefExp	coefExpErr	coefPol1	coefPol1Err	coeffGaus	coeffGausErr	meanSig1	meanSig1Err	sigmaSig1	sigmaSig1Err	sigmaSig2	sigmaSig2Err	sigmaSig3	sigmaSig3Err	alpha	alphaErr	enne	enneErr	enneW	enneWErr	sigWidth	sigWidthErr	Gmc	GmcErr	bTau	bTauErr	fracRes	fracResErr	meanResSigW	meanResSigWErr	meanResSigN	meanResSigNErr	sigmaResSigW	sigmaResSigWErr	sigmaResSigN	sigmaResSigNErr	fpm	fpmErr	fLiving	fLivingErr	fbkgCtTot	fbkgCtTotErr	lambdam	lambdamErr	lambdap	lambdapErr	lambdasym	lambdasymErr	NLL	nFitPar	EDM	NLLMass	nFitParMass	EDMMass	Prob	PROMPT	PROMPTErr	NON-PROMPT	NON-PROMPTErr	Bfraction	BfractionErr	Resolution	ResolutionErr	
0.0-0.4	6.5-30.0	0.0-100.0	0.000-1.571	0.008	0.105	8431.0	8419.0	7257.87	89.2643	1161.19	43.2563	-1.07413	0.120927	-0.05	0.0	0.415339	0.0705443	3.09369	0.000263341	0.0152526	0.000767811	0.0231229	0.000970865	0.03	0.0	1.696	0.0	5.0	0.0	1.718	0.0	0.0202293	0.000434774	1.23578e-05	0.0128429	0.369319	0.00968427	0.44677	0.141299	-0.000774749	0.00115443	0.000422743	0.000726735	1.18582	0.0694746	0.879723	0.0197673	0.999982	0.111516	0.86459	0.0289957	0.213225	0.0321831	0.140909	5.09771e-06	0.362651	0.0189891	0.219075	0.0446227	-21805.4	4.0	6.40401e-07	-82206.5	7.0	8.88428e-05	1.0	5212.8	79.9886	2045.07	54.0412	0.281773	0.00659025	1027.81	28.5434	
0.0-1.2	6.5-30.0	0.0-100.0	0.000-1.571	0.008	0.145	30166.0	30149.0	25989.6	170.58	4159.37	85.2315	-1.08205	0.0656654	-0.05	0.0	0.387294	0.0430919	3.09369	0.000187019	0.018711	0.000697654	0.0315116	0.000789892	0.03	0.0	1.696	0.0	5.0	0.0	1.718	0.0	0.0272763	0.000388861	1.01594e-05	0.0045946	0.369712	0.00515427	0.0390389	0.0103328	-0.00174128	0.00308162	0.000290747	0.000239528	2.01564	0.13992	0.990262	0.00667848	0.999992	0.0259245	0.896008	0.0166279	0.264703	0.0164614	0.14119	0.792737	0.421617	0.0112312	0.17496	0.0235544	-71055.3	4.0	3.92551e-07	-326108.0	7.0	6.98667e-06	1.0	18657.0	153.199	7332.66	103.882	0.282138	0.00354222	1049.26	9.70969	
0.0-2.4	10.0-13.0	0.0-100.0	0.000-1.571	0.016	0.145	11933.0	11921.0	10128.8	108.987	1792.12	59.4834	-1.22728	0.100877	-0.05	0.0	0.449548	0.04135	3.09342	0.000368497	0.0465284	0.001482	0.0233902	0.00089768	0.03	0.0	1.696	0.0	5.0	0.0	1.718	0.0	0.0356984	0.000658927	1.2247e-05	0.0131685	0.385844	0.0080486	0.0307331	0.0102486	0.00215386	0.0052703	0.000379667	0.000365329	2.23785	0.221603	0.987842	0.0110682	0.977624	0.0501005	0.980276	0.81047	0.234074	0.0654169	0.140889	2.10611e-08	0.397875	0.0204324	0.141139	3.39093	-24909.8	4.0	2.08584e-08	-115405.0	7.0	5.74312e-05	1.0	6942.89	94.8973	3185.87	67.8203	0.314537	0.00577749	1048.69	13.2432	
0.0-2.4	10.0-30.0	0.0-100.0	0.000-1.571	0.008	0.145	18828.0	18818.0	15719.9	136.286	3097.86	77.106	-1.24215	0.0764786	-0.05	0.0	0.457751	0.033589	3.09358	0.00029249	0.0455329	0.00116012	0.0229801	0.00071557	0.03	0.0	1.696	0.0	5.0	0.0	1.718	0.0	0.035148	0.000520273	1.00498e-05	0.00459465	0.374645	0.00584677	0.0302029	0.00772777	-0.00137981	0.00391645	5.34568e-05	0.000280162	2.28455	0.177331	0.993272	0.00909494	1.0	0.000738581	0.948051	0.0131133	0.252382	0.0157847	0.92129	1.01729	0.417957	0.0123124	0.142041	0.0319769	-37592.8	4.0	2.45582e-06	-190249.0	7.0	4.97486e-05	1.0	10063.2	115.083	5656.67	89.6517	0.359842	0.00477415	1055.66	10.5264	
0.0-2.4	11.0-13.0	0.0-100.0	0.000-1.571	0.016	0.128	6380.0	6366.0	5427.79	80.1826	938.072	44.0336	-1.37978	0.143978	-0.05	0.0	0.338702	0.0493958	3.09371	0.000506366	0.0536936	0.00301587	0.0250217	0.00106935	0.03	0.0	1.696	0.0	5.0	0.0	1.718	0.0	0.0372895	0.00107506	1.3286e-05	0.00173158	0.390496	0.0105124	0.0355118	0.0156699	0.00158552	0.00596226	-0.00026215	0.000504377	2.10615	0.270396	1.00404	0.0157843	0.981805	19.7911	1.0	230839.0	0.252469	11.0348	0.140889	2.71987e-09	0.386765	5.15624	0.140984	602560.0	-12821.5	4.0	1.48014	-57478.2	7.0	7.03073e-05	1.0	3545.84	68.4007	1881.95	52.0363	0.346726	0.00810403	1062.93	17.3722	
0.0-2.4	13.0-16.0	0.0-100.0	0.000-1.571	0.008	0.073	4073.0	4058.0	3287.05	61.4863	770.947	35.5475	-1.09985	0.149564	-0.05	0.0	0.59684	0.059282	3.09365	0.000607445	0.0412912	0.00165931	0.018392	0.00157704	0.03	0.0	1.696	0.0	5.0	0.0	1.718	0.0	0.0339701	0.000864538	1.46858e-05	0.0174207	0.374195	0.0121387	0.0676796	0.0420728	-0.00161228	0.00472737	-0.000611183	0.000617405	1.76756	0.263409	0.993476	0.0212128	0.999999	0.89522	0.940053	0.00404223	0.267579	0.00416084	0.153158	1.56565	0.446065	0.00427636	0.213866	0.0126299	-7783.43	4.0	1.94443e-05	-34720.2	7.0	1.82367e-06	1.0	1984.91	50.8907	1302.14	42.4804	0.396143	0.0105881	1063.79	27.4085	
0.0-2.4	13.0-30.0	0.0-100.0	0.000-1.571	0.008	0.073	6895.0	6879.0	5567.55	81.7551	1311.25	49.2734	-1.27256	0.116861	-0.05	0.0	0.497806	0.0621237	3.09392	0.00048285	0.0432329	0.00173727	0.0216689	0.00141189	0.03	0.0	1.696	0.0	5.0	0.0	1.718	0.0	0.0341503	0.000869127	1.31401e-05	0.00459323	0.364338	0.0085947	0.0485635	0.0220664	-0.00239609	0.00416909	-0.000308512	0.000445521	1.93822	0.23009	0.998085	0.0162088	1.0	2694.84	0.960105	28.3915	0.284974	1.57378	0.153752	860.143	0.440247	2.9656	0.230661	18.7783	-12759.3	4.0	1.51142e-05	-62313.8	7.0	9.48249e-05	1.0	3142.24	64.8893	2425.31	57.8786	0.435615	0.0081947	1063.13	19.0091	
0.0-2.4	16.0-30.0	0.0-100.0	0.000-1.571	0.008	0.056	2822.0	2811.0	2310.21	51.2257	500.835	28.5444	-1.40024	0.191145	-0.05	0.0	0.158642	0.057511	3.09377	0.000768331	0.0151142	0.00268002	0.0367698	0.0016418	0.03	0.0	1.696	0.0	5.0	0.0	1.718	0.0	0.0342603	0.000883512	1.01425e-05	0.00459461	0.354518	0.0120833	0.0340288	0.0240391	-0.00317689	0.0069571	1.11176e-05	0.000647484	2.18001	0.438439	0.996868	0.0254934	1.0	0.264795	0.985663	0.0189703	0.29816	0.0542607	0.140932	37.9814	0.430029	0.0477233	0.234968	0.305362	-5004.39	4.0	6.67554e-05	-22862.4	7.0	2.20727e-05	1.0	1174.27	39.3362	1135.93	38.7787	0.491702	0.0127629	1059.08	28.7231	
0.0-2.4	6.5-30.0	0.0-100.0	0.000-1.571	0.008	0.224	67045.0	67023.0	57130.5	260.733	9892.2	144.028	-1.11891	0.0429079	-0.05	0.0	0.458532	0.0213064	3.09241	0.000166089	0.0472055	0.000624125	0.025614	0.000473381	0.03	0.0	1.696	0.0	5.0	0.0	1.718	0.0	0.0371082	0.000303141	1.01537e-05	0.0045946	0.368806	0.00365785	0.0430903	0.00586459	-0.000930916	0.00240024	0.000396585	0.000169148	2.16125	0.0881168	0.962965	0.00436905	1.0	0.0103045	0.857608	0.0145327	0.286873	0.0122089	0.140979	2.8653e-07	0.425713	0.00792047	0.141034	0.0120714	-141115.0	4.0	3.64394e-07	-762757.0	7.0	1.03368e-05	1.0	42042.1	235.813	15088.4	153.41	0.264104	0.00239954	1043.37	6.84556	
0.0-2.4	6.5-7.5	0.0-100.0	0.000-1.571	0.008	0.168	19698.0	19686.0	17033.3	142.972	2653.1	77.8355	-0.750825	0.0828992	-0.05	0.0	0.446113	0.0413312	3.09105	0.000332674	0.0500617	0.00125227	0.028912	0.00089799	0.03	0.0	1.696	0.0	5.0	0.0	1.718	0.0	0.0397622	0.000587175	2.82935e-05	5.56844e-05	0.396027	0.00848329	0.0564692	0.0173463	0.0089199	0.0166626	0.000484715	0.0003685	1.98278	0.173627	0.973177	0.00787105	0.999999	0.0145047	0.795143	0.0330501	0.406266	0.0236903	0.140996	3.52288e-09	0.42363	0.0180068	0.140935	4.02106e-09	-42029.9	4.0	1.1927e-07	-199477.0	7.0	0.000102336	1.0	13700.8	134.406	3332.45	74.9822	0.195643	0.00408433	1056.22	15.7014	
0.0-2.4	6.5-8.0	0.0-100.0	0.000-1.571	0.008	0.168	27677.0	27660.0	23819.5	167.53	3840.48	89.8638	-0.857223	0.0680499	-0.05	0.0	0.501368	0.0309028	3.09124	0.000276105	0.0486287	0.000896483	0.02703	0.000730305	0.03	0.0	1.696	0.0	5.0	0.0	1.718	0.0	0.0393691	0.000442176	1.01726e-05	0.00459459	0.39404	0.00701	0.0575665	0.0136708	0.00223244	0.00490816	0.000622401	0.000302045	2.00934	0.138671	0.957873	0.00657138	1.0	4.32717	0.741766	0.0285831	0.301858	0.0150648	0.140993	45257.1	0.408366	0.013912	0.140982	2.54282e-10	-59324.5	4.0	6.29751e-06	-289847.0	7.0	3.03173e-06	1.0	19023.7	157.295	4795.82	89.3147	0.20134	0.00347197	1047.44	13.0491	
0.0-2.4	7.5-8.5	0.0-100.0	0.000-1.571	0.016	0.136	14711.0	14691.0	12537.8	121.132	2153.28	65.4785	-1.19359	0.0917564	-0.05	0.0	0.549534	0.0434614	3.09181	0.000357283	0.0457572	0.00103575	0.0241504	0.0011564	0.03	0.0	1.696	0.0	5.0	0.0	1.718	0.0	0.0375939	0.000581861	3.14286e-05	0.000250139	0.36326	0.00852352	0.0553303	0.0153335	-0.00751865	0.00510012	0.00183157	0.000383532	2.03235	0.165519	0.945686	0.00912135	1.0	0.0192052	0.715063	0.0353956	0.26938	0.0243546	0.141468	2.67921e-05	0.439514	0.0198681	0.140962	1.30557e-10	-31983.3	4.0	6.90449e-05	-144971.0	7.0	3.38992e-05	1.0	9738.71	112.342	2799.1	67.0765	0.223253	0.00489586	1036.04	15.4766	
0.0-2.4	8.0-10.0	0.0-100.0	0.000-1.571	0.016	0.136	20538.0	20526.0	17572.0	144.367	2954.0	78.8372	-1.32893	0.0796588	-0.05	0.0	0.410049	0.0391927	3.09273	0.00029078	0.0457407	0.00122439	0.026396	0.000720164	0.03	0.0	1.696	0.0	5.0	0.0	1.718	0.0	0.0356224	0.000525359	2.68589e-05	0.000536565	0.349172	0.00651055	0.0458566	0.0102235	-0.00269923	0.00431292	0.000543392	0.000303341	2.19475	0.149276	0.943519	0.00767303	0.994079	0.207869	0.850569	0.0369437	0.231552	0.0878547	0.340457	0.227409	0.445548	0.0159624	0.141101	0.235808	-44887.3	4.0	7.28741e-06	-209907.0	7.0	2.28009e-06	1.0	13196.7	132.006	4375.28	83.4418	0.248992	0.00428535	1034.55	12.5689	
0.0-2.4	8.5-9.5	0.0-100.0	0.000-1.571	0.016	0.128	10106.0	10099.0	8665.51	100.914	1433.43	54.3192	-1.25382	0.113728	-0.05	0.0	0.388505	0.0552626	3.09328	0.000404238	0.044932	0.00173468	0.0261942	0.000972207	0.03	0.0	1.696	0.0	5.0	0.0	1.718	0.0	0.0346975	0.000722755	3.19624e-05	0.000279237	0.362243	0.00950258	0.0499415	0.0140142	0.00162356	0.00570947	0.000670216	0.000425087	2.25507	0.199829	0.938548	0.0106972	1.0	0.0257523	0.903723	0.0255992	0.243922	0.0266692	0.143454	0.369907	0.453447	0.0203416	0.15002	0.0339809	-22395.7	4.0	8.16849e-05	-96325.9	7.0	2.6774e-05	1.0	6507.41	92.2558	2158.11	58.3087	0.249045	0.00607171	1044.44	18.326	
0.0-2.4	9.5-11.0	0.0-100.0	0.000-1.571	0.016	0.128	9252.0	9245.0	7848.48	96.0782	1396.43	52.7183	-1.29898	0.114243	-0.05	0.0	0.536993	0.0556974	3.09288	0.000425781	0.0433141	0.00130078	0.0228763	0.00136891	0.03	0.0	1.696	0.0	5.0	0.0	1.718	0.0	0.035352	0.000713495	2.86811e-05	0.000348843	0.360257	0.00919003	0.0230131	0.0104981	-0.00132242	0.00761127	-0.000764067	0.000418426	2.46485	0.337074	0.957878	0.011635	0.933877	10.6464	0.999999	7743.66	0.202964	6.06132	0.140992	4.31878e-06	0.416999	3.89274	0.14094	44300.2	-19918.9	4.0	7.55876e-05	-87232.4	7.0	1.90285e-05	1.0	5619.07	85.5228	2229.42	57.6837	0.284057	0.00647501	1017.95	17.1363	
0.4-0.8	6.5-30.0	0.0-100.0	0.000-1.571	0.008	0.073	9370.0	9337.0	8011.96	94.572	1325.15	47.5084	-1.21536	0.115496	-0.05	0.0	0.398211	0.0749616	3.09421	0.000316716	0.0197005	0.000937842	0.027277	0.00125708	0.03	0.0	1.696	0.0	5.0	0.0	1.718	0.0	0.0245418	0.000522567	2.82435e-05	0.000449249	0.359933	0.00856824	0.076506	0.0434519	-0.00258405	0.00354869	-0.000532426	0.000442587	1.67312	0.203336	0.977421	0.0126944	0.970303	0.313905	0.929506	0.574609	0.211766	0.0663156	0.140893	6.36562e-08	0.444763	0.0822248	0.141175	1.78892e-07	-22142.6	4.0	2.28019e-05	-90602.8	7.0	1.73128e-05	1.0	5571.9	83.7782	2440.06	59.3521	0.304552	0.00647722	1047.1	23.4596	
0.8-1.2	6.5-30.0	0.0-100.0	0.000-1.571	0.008	0.145	12363.0	12360.0	10524.6	110.228	1835.53	58.8226	-1.11377	0.0987263	-0.05	0.0	0.551088	0.0583801	3.09343	0.000360792	0.0351265	0.000941108	0.0286232	0.00126193	0.03	0.0	1.696	0.0	5.0	0.0	1.718	0.0	0.0323691	0.000420557	1.00235e-05	0.00459466	0.379689	0.00866671	0.021701	0.00683238	-0.000835981	0.00729644	0.00107914	0.00036939	2.63751	0.286474	1.00455	0.0101793	0.998313	0.887263	0.934879	0.052098	0.340104	0.0100642	0.140959	1.42907	0.439356	0.00872253	0.141146	0.125949	-27731.4	4.0	1.94218e-05	-120882.0	7.0	3.6488e-05	1.0	7762.91	99.3661	2761.71	64.0306	0.262405	0.00542777	1066.86	13.1035	
1.2-1.6	6.5-30.0	0.0-100.0	0.000-1.571	0.008	0.152	15048.0	15039.0	13040.7	125.113	1998.38	67.9053	-0.893532	0.0993768	-0.05	0.0	0.535727	0.0608744	3.08942	0.000394684	0.0339578	0.000942069	0.0476022	0.00209161	0.03	0.0	1.696	0.0	5.0	0.0	1.718	0.0	0.0408631	0.000731891	1.10187e-05	0.00459421	0.377987	0.00773099	0.0606482	0.0149893	-0.000791752	0.00423923	0.00113301	0.000357884	1.99894	0.146804	0.958911	0.00919927	0.932969	0.134415	0.935383	0.818635	0.333072	0.0521586	0.140915	0.134797	0.448354	0.0409481	0.140938	0.327525	-31258.4	4.0	3.12543e-08	-148207.0	7.0	1.53087e-05	1.0	9548.94	112.453	3491.78	73.315	0.26776	0.00500077	1051.7	14.3964	
1.6-2.0	6.5-30.0	0.0-100.0	0.000-1.571	0.008	0.145	14938.0	14928.0	12742.2	126.615	2185.62	73.969	-1.32305	0.100686	-0.05	0.0	0.75537	0.0602151	3.08955	0.000454935	0.0421054	0.000888986	0.0639242	0.00488074	0.03	0.0	1.696	0.0	5.0	0.0	1.718	0.0	0.0483612	0.00110757	1.76494e-05	0.00459116	0.355044	0.0079416	0.0500984	0.0105086	0.0044738	0.00580856	0.000631916	0.00038024	2.34179	0.172122	0.932763	0.00891594	0.99999	886.058	0.828951	37.5664	0.334766	2.70694	0.140906	30566.5	0.427745	4.2675	0.140904	1.04212e-06	-29215.0	4.0	1.8504e-05	-145202.0	7.0	1.40448e-05	1.0	9644.63	115.932	3097.56	72.1339	0.243095	0.0051198	1049.38	15.4974	
1.6-2.4	3.0-30.0	0.0-100.0	0.000-1.571	0.008	0.24	77150.0	77051.0	64798.3	298.302	12253.0	190.884	-0.531556	0.0398658	-0.05	0.0	0.312356	0.0415331	3.08929	0.000221072	0.0659091	0.00197099	0.0430491	0.000727269	0.03	0.0	2.059	0.0	5.0	0.0	1.41	0.0	0.0512956	0.000674297	1.03367e-05	0.00459452	0.373708	0.40161	0.0481881	0.00677161	0.00323962	0.00475838	0.000490334	0.00840459	2.28286	0.107071	0.877053	0.489806	0.817944	0.0	0.9999	0.0	0.604322	0.0	0.0846182	0.0	0.4172	0.0	0.483258	0.0	-1e+30	4.0	0.0	-868706.0	7.0	9.20592e-05	1.0	60067.5	23612.0	4730.73	23610.4	0.073007	0.364368	991.607	206.398	
1.6-2.4	3.0-4.5	0.0-100.0	0.000-1.571	0.032	0.24	26424.0	26366.0	22002.3	185.45	4363.98	129.401	0.17182	0.068568	-0.05	0.0	0.252124	0.0565944	3.08933	0.000398621	0.077538	0.005504	0.0440767	0.00125142	0.03	0.0	2.04	0.0	5.0	0.0	1.31	0.0	0.0544862	0.00149495	2.69452e-05	0.00010696	0.399661	0.0113675	0.0920881	0.0334652	-0.00295161	0.0134999	-9.56102e-05	0.000506962	1.7428	0.171364	0.917776	0.0064618	1.0	0.00739715	0.51539	0.0322706	0.42747	0.0192474	0.140893	1.40612e-07	0.462547	0.0218671	0.140986	4.10673e-09	-44785.4	4.0	1.27739e-06	-267545.0	7.0	0.000149801	1.0	19523.8	181.393	2478.45	79.1189	0.112645	0.00346833	1021.98	22.6028	
1.6-2.4	3.0-5.5	0.0-100.0	0.000-1.571	0.032	0.24	42687.0	42602.0	35588.0	228.493	7013.5	153.685	-0.120471	0.0541755	-0.05	0.0	0.283981	0.0518124	3.08884	0.000305324	0.0694147	0.00321748	0.0433941	0.000971778	0.03	0.0	2.04	0.0	5.0	0.0	1.31	0.0	0.0521214	0.000993097	1.07449e-05	0.00459433	0.388715	0.00838873	0.094709	0.0252478	-0.0021005	0.00695988	-0.000156146	0.000373333	1.7053	0.119036	0.90982	0.00509834	0.876046	0.0503943	0.695465	0.00859023	0.330709	0.0372644	0.140954	0.759021	0.396166	0.00430196	0.140891	1.79277e-09	-74624.0	4.0	5.88398e-05	-453826.0	7.0	5.9712e-05	1.0	31373.1	223.903	4214.93	101.443	0.118437	0.0027472	1012.32	16.2084	
1.6-2.4	3.0-6.5	0.0-100.0	0.000-1.571	0.024	0.24	55319.0	55225.0	46416.0	257.395	8809.77	169.256	-0.258184	0.0481149	-0.05	0.0	0.315292	0.0455317	3.08917	0.000266315	0.0678239	0.00237961	0.0429831	0.000864665	0.03	0.0	2.04	0.0	5.0	0.0	1.31	0.0	0.0521095	0.000812125	1.26007e-05	0.00459348	0.396656	0.00716058	0.0545625	0.0111846	0.00463993	0.00732306	9.03182e-05	0.000300171	2.11805	0.135133	0.931992	0.00434531	0.853936	0.0436385	0.758699	0.00350389	0.342051	0.0252732	0.140958	1.21013	0.395148	0.00271954	0.140895	1.10558e-09	-98701.6	4.0	9.93338e-06	-603330.0	7.0	4.93705e-05	1.0	40640.9	251.513	5775.08	116.158	0.12442	0.00240555	1032.47	12.5147	
1.6-2.4	4.5-5.5	0.0-100.0	0.000-1.571	0.032	0.24	16262.0	16235.0	13642.7	135.575	2592.37	85.611	-0.648853	0.0884969	-0.05	0.0	0.368428	0.0913332	3.08804	0.000475843	0.0594112	0.00274907	0.0425049	0.00146193	0.03	0.0	2.04	0.0	5.0	0.0	1.31	0.0	0.0494113	0.00107817	1.34774e-05	0.00459308	0.362879	0.0119776	0.0968683	0.0381653	-0.00131341	0.00820374	-0.00049076	0.000555401	1.67064	0.166896	0.914175	0.00836122	1.0	0.013078	0.709941	0.0593398	0.313317	0.0439746	0.140933	1.11337e-05	0.407998	0.018508	0.140892	0.0320906	-29953.8	4.0	7.62787e-05	-158024.0	7.0	7.13826e-05	1.0	11858.1	132.993	1784.67	64.1521	0.130815	0.00451903	1012.48	23.001	
1.6-2.4	5.5-6.5	0.0-100.0	0.000-1.571	0.024	0.16	12631.0	12611.0	10842.0	120.8	1768.94	74.2942	-0.820162	0.107277	-0.05	0.0	0.409981	0.0938778	3.09027	0.000545079	0.0645981	0.00334117	0.0416655	0.00196831	0.03	0.0	2.04	0.0	5.0	0.0	1.31	0.0	0.0522981	0.00145796	1.00139e-05	0.00459467	0.401537	0.012913	0.163974	0.0525224	0.00159916	0.00563014	0.000664793	0.000570587	1.56105	0.126401	0.885203	0.0100192	0.881556	0.267083	0.914058	0.89969	0.443692	0.034682	0.140991	0.221515	0.461916	0.0660392	0.141027	3.23477e-06	-24137.3	4.0	4.04517e-05	-119728.0	7.0	4.42262e-05	1.0	9191.55	115.544	1650.41	56.5729	0.152225	0.00493461	1026.98	26.6085	
1.6-2.4	6.5-30.0	0.0-100.0	0.000-1.571	0.008	0.145	21831.0	21810.0	18477.5	153.681	3332.55	92.0474	-1.19733	0.0789997	-0.05	0.0	0.604875	0.0552909	3.09004	0.000406879	0.0531404	0.0010391	0.0403788	0.00168212	0.03	0.0	1.696	0.0	5.0	0.0	1.718	0.0	0.0485009	0.000557494	1.29716e-05	0.00459331	0.361719	0.00692711	0.0442027	0.00851553	0.00268898	0.00598713	0.000132076	0.000326853	2.47355	0.172851	0.929559	0.00744907	0.999982	0.036681	0.849661	0.0231797	0.308872	0.0187317	0.142307	0.755838	0.40912	0.0133413	0.140908	1.45724e-12	-41154.4	4.0	3.13097e-05	-219363.0	7.0	5.18593e-06	1.0	14117.0	141.557	4360.47	86.9915	0.235988	0.00427932	1047.06	14.3376	
2.0-2.4	6.5-30.0	0.0-100.0	0.000-1.571	0.016	0.145	6892.0	6878.0	5816.64	88.2738	1061.28	55.1094	-1.06208	0.142559	-0.05	0.0	0.49612	0.104637	3.0895	0.000819665	0.0610046	0.00258015	0.0465025	0.00226023	0.03	0.0	1.696	0.0	5.0	0.0	1.718	0.0	0.0541846	0.00115093	1.23538e-05	0.00459359	0.378395	0.0136905	0.0274227	0.0121692	-0.01	0.0156609	-0.00128341	0.000648886	3.12971	0.59902	0.93237	0.0136935	1.0	3.14843	0.905942	0.0205997	0.264435	0.0160016	0.141091	5.03687	0.376462	0.0119633	0.140948	0.0246002	-12025.9	4.0	5.62874e-06	-60601.9	7.0	5.44065e-06	1.0	4519.89	82.3538	1296.74	49.6413	0.222937	0.00783508	1055.5	35.9108	
