weightedEff_TnPAtRD3_4DEff_RapPtEffMap2_Ratio
rap	pT	cent	dPhi	ctauErrMin	ctauErrMax	NoCutEntry	CutEntry	NSig	NSigErr	NBkg	NBkgErr	coefExp	coefExpErr	coefPol1	coefPol1Err	coeffGaus	coeffGausErr	meanSig1	meanSig1Err	sigmaSig1	sigmaSig1Err	sigmaSig2	sigmaSig2Err	sigmaSig3	sigmaSig3Err	alpha	alphaErr	enne	enneErr	enneW	enneWErr	sigWidth	sigWidthErr	Gmc	GmcErr	bTau	bTauErr	fracRes	fracResErr	meanResSigW	meanResSigWErr	meanResSigN	meanResSigNErr	sigmaResSigW	sigmaResSigWErr	sigmaResSigN	sigmaResSigNErr	fpm	fpmErr	fLiving	fLivingErr	fbkgCtTot	fbkgCtTotErr	lambdam	lambdamErr	lambdap	lambdapErr	lambdasym	lambdasymErr	NLL	nFitPar	EDM	NLLMass	nFitParMass	EDMMass	Prob	PROMPT	PROMPTErr	NON-PROMPT	NON-PROMPTErr	Bfraction	BfractionErr	Resolution	ResolutionErr	
0.0-0.4	6.5-30.0	0.0-100.0	0.000-1.571	0.008	0.105	8996.0	8982.0	7753.15	92.3438	1228.49	44.7402	-1.06002	0.117565	-0.05	0.0	0.417499	0.0694124	3.09368	0.000254675	0.0153	0.000749871	0.0231186	0.000941943	0.03	0.0	1.696	0.0	5.0	0.0	1.718	0.0	0.0202253	0.000422823	1.23578e-05	0.0128429	0.367474	0.00941393	0.44677	0.141299	-0.000774749	0.00115443	0.000439847	0.000704096	1.18582	0.0694746	0.879098	0.0190448	0.999997	0.0666455	0.861141	0.0280707	0.215255	0.0277035	0.141196	0.792861	0.359576	0.0180575	0.216084	0.0419994	-23413.8	4.0	1.25072e-05	-88325.3	7.0	0.000155116	1.0	5602.4	82.9512	2150.75	55.5389	0.277404	0.00635592	1027.51	28.5523	
0.0-1.2	6.5-30.0	0.0-100.0	0.000-1.571	0.008	0.145	31995.0	31977.0	27587.2	175.513	4389.81	87.2333	-1.07199	0.0638781	-0.05	0.0	0.38099	0.0417084	3.09367	0.000181572	0.0185764	0.000683876	0.0313557	0.000757113	0.03	0.0	1.696	0.0	5.0	0.0	1.718	0.0	0.0272043	0.000375072	1.01594e-05	0.0045946	0.368523	0.00502531	0.0390389	0.0103328	-0.00174128	0.00308162	0.000302396	0.000232992	2.01564	0.13992	0.989874	0.00646335	0.999999	0.0229133	0.894055	0.0164358	0.267087	0.01623	0.142252	0.793938	0.419098	0.0109199	0.173962	0.0226839	-75707.0	4.0	1.76302e-06	-347855.0	7.0	2.58924e-05	1.0	19896.5	158.052	7690.64	106.541	0.278776	0.00343061	1048.91	9.68408	
0.0-2.4	10.0-13.0	0.0-100.0	0.000-1.571	0.008	0.145	12370.0	12361.0	10497.3	111.139	1863.75	60.9791	-1.22614	0.098949	-0.05	0.0	0.457771	0.0424609	3.09338	0.000362357	0.0463515	0.00143011	0.0232272	0.00094944	0.03	0.0	1.696	0.0	5.0	0.0	1.718	0.0	0.0357217	0.000661076	1.22072e-05	0.0133174	0.385247	0.00790675	0.0307555	0.0102492	0.002156	0.00527054	0.000348434	0.000357862	2.23784	0.221634	0.986121	0.010838	0.969374	0.0120029	0.998658	0.997075	0.240025	0.0126462	0.140888	1.39474e-09	0.396434	0.00821604	0.141429	2.52728	-25859.3	4.0	5.96979e-08	-120105.0	7.0	9.49684e-05	1.0	7202.4	96.7396	3294.93	68.9979	0.313883	0.00567092	1047.16	13.2295	
0.0-2.4	10.0-30.0	0.0-100.0	0.000-1.571	0.008	0.145	19441.0	19431.0	16224.7	138.45	3206.03	78.382	-1.24323	0.0751683	-0.05	0.0	0.462201	0.0329985	3.09352	0.000288178	0.0454884	0.00112982	0.0229177	0.000709221	0.03	0.0	1.696	0.0	5.0	0.0	1.718	0.0	0.0351973	0.000510143	1.00498e-05	0.00459465	0.373972	0.00576311	0.0302029	0.00772777	-0.00137981	0.00391645	3.24162e-05	0.000275517	2.28455	0.177331	0.992148	0.00892807	1.0	0.000814334	0.948381	0.0113901	0.255005	0.0147408	0.776129	1.77846	0.417812	0.0121156	0.140963	1.04962e-10	-38864.5	4.0	3.92626e-06	-197043.0	7.0	5.91532e-05	1.0	10409.0	117.033	5815.72	90.9408	0.358449	0.00469692	1054.64	10.508	
0.0-2.4	11.0-13.0	0.0-100.0	0.000-1.571	0.008	0.145	6595.0	6592.0	5605.99	81.3962	986.036	44.7765	-1.35179	0.139625	-0.05	0.0	0.355869	0.0483859	3.09365	0.000497517	0.0528209	0.00276225	0.0246576	0.00104994	0.03	0.0	1.696	0.0	5.0	0.0	1.718	0.0	0.0372092	0.00101992	3.00105e-05	0.000309596	0.392172	0.010431	0.035575	0.0156752	0.00158392	0.00595811	0.000288986	0.000494762	2.10523	0.269949	1.00413	0.0155142	0.981797	0.356125	1.0	289.326	0.252036	0.56133	0.141016	2.59513e-06	0.389026	0.0244557	0.141076	45936.1	-13271.8	4.0	2.94421e-07	-59729.4	7.0	2.58484e-05	1.0	3683.53	69.5018	1922.46	52.4329	0.34293	0.00791749	1063.05	17.3104	
0.0-2.4	13.0-16.0	0.0-100.0	0.000-1.571	0.008	0.081	4175.0	4170.0	3379.45	62.395	790.535	36.1017	-1.09524	0.147675	-0.05	0.0	0.596163	0.058903	3.09357	0.000601118	0.0413597	0.00165102	0.018497	0.00156563	0.03	0.0	1.696	0.0	5.0	0.0	1.718	0.0	0.0340291	0.000859079	2.11265e-05	10.8791	0.371862	0.0119722	0.0661462	0.04102	-0.00168051	0.0047893	-0.000555002	0.000609049	1.77416	0.264604	0.995505	0.0208772	0.970444	0.0114017	1.0	0.190565	0.274207	0.0297497	0.206441	0.0757738	0.439895	0.0259465	0.211968	4.32349	-8033.71	4.0	5.67847e-06	-35789.6	7.0	2.18014e-06	1.0	2050.79	51.8007	1328.67	43.0282	0.39316	0.0104604	1064.74	26.9656	
0.0-2.4	13.0-30.0	0.0-100.0	0.000-1.571	0.008	0.081	7071.0	7064.0	5719.3	82.9052	1344.28	49.9559	-1.27464	0.115495	-0.05	0.0	0.483473	0.0599687	3.09381	0.000479547	0.043642	0.00179538	0.0220509	0.00132351	0.03	0.0	1.696	0.0	5.0	0.0	1.718	0.0	0.0342344	0.000860473	1.02238e-05	0.00459457	0.363506	0.00849461	0.0480882	0.0218371	-0.00242622	0.00419284	-0.000313996	0.000440234	1.94086	0.230379	0.998742	0.0159751	1.0	5.18445	0.962136	0.00134094	0.286685	0.0019668	0.146992	6.19448	0.439737	0.0020085	0.230766	0.00813212	-13108.6	4.0	1.00802e-05	-64158.2	7.0	7.48544e-05	1.0	3237.15	65.9306	2482.15	58.6473	0.433995	0.00809771	1063.33	18.8521	
0.0-2.4	16.0-30.0	0.0-100.0	0.000-1.571	0.008	0.056	2895.0	2884.0	2364.49	51.8653	519.502	29.0703	-1.41091	0.187925	-0.05	0.0	0.156396	0.0574219	3.09364	0.000762072	0.015125	0.00269	0.0367578	0.00164553	0.03	0.0	1.696	0.0	5.0	0.0	1.718	0.0	0.034287	0.000884946	1.01425e-05	0.00459461	0.355528	0.0119964	0.0340288	0.0240391	-0.00317689	0.0069571	-3.66025e-05	0.000640879	2.18001	0.438439	0.996748	0.0251848	1.0	0.277195	0.985965	0.0192124	0.296419	0.0558669	0.14094	30.45	0.430175	0.0489591	0.235458	0.315552	-5105.4	4.0	6.73299e-05	-23512.5	7.0	1.08087e-05	1.0	1202.08	39.8228	1162.41	39.2522	0.491613	0.0126213	1058.97	28.6702	
0.0-2.4	6.5-30.0	0.0-100.0	0.000-1.571	0.004	0.224	70557.0	70534.0	60112.7	267.186	10421.4	147.305	-1.11971	0.0417752	-0.05	0.0	0.458946	0.0206234	3.09237	0.000161047	0.04695	0.000600632	0.0254685	0.000456819	0.03	0.0	1.696	0.0	5.0	0.0	1.718	0.0	0.0369135	0.000291914	1.01537e-05	0.0045946	0.368337	0.00357322	0.0430983	0.00586475	-0.000930869	0.00240021	0.000381849	0.000165003	2.16125	0.0881268	0.962819	0.00425067	0.999998	0.00952285	0.856448	0.0142169	0.288512	0.0118953	0.142166	0.794381	0.425428	0.0077282	0.141181	0.0118206	-148959.0	4.0	3.08373e-07	-806556.0	7.0	4.0462e-06	1.0	44314.0	241.921	15798.7	157.04	0.262818	0.0023367	1043.25	6.83276	
0.0-2.4	6.5-7.5	0.0-100.0	0.000-1.571	0.008	0.168	21015.0	21002.0	18169.8	147.687	2832.25	80.4467	-0.752503	0.080174	-0.05	0.0	0.444789	0.0403822	3.09109	0.000318331	0.0496415	0.0012102	0.0285015	0.000875226	0.03	0.0	1.696	0.0	5.0	0.0	1.718	0.0	0.0393332	0.000571098	2.82935e-05	5.56844e-05	0.395228	0.00822798	0.0564692	0.0173463	0.0089199	0.0166626	0.000477142	0.000355647	1.98278	0.173627	0.9736	0.00760631	1.0	0.0125186	0.796057	0.0316831	0.405713	0.0226796	0.14089	1.22613e-05	0.420044	0.0172617	0.140907	2.12336e-07	-45129.1	4.0	4.32574e-06	-214336.0	7.0	0.000202418	1.0	14638.0	138.909	3531.8	77.2233	0.194378	0.00394551	1056.59	15.6689	
0.0-2.4	6.5-8.0	0.0-100.0	0.000-1.571	0.008	0.168	29499.0	29481.0	25384.8	173.742	4096.02	94.3258	-0.861167	0.06624	-0.05	0.0	0.499437	0.0331319	3.09126	0.000264637	0.0481939	0.000871072	0.0267142	0.000804754	0.03	0.0	1.696	0.0	5.0	0.0	1.718	0.0	0.0389518	0.000456708	1.01726e-05	0.00459459	0.393557	0.00679219	0.0575665	0.0136708	0.00223244	0.00490816	0.00060695	0.000292037	2.00934	0.138671	0.958585	0.00636055	1.0	65921.3	0.743182	7.84966	0.303012	1.48895	0.140988	72407.0	0.407209	0.294662	0.140989	3.06733e-08	-63534.2	4.0	8.63793e-06	-311026.0	7.0	7.205e-05	1.0	20285.7	162.944	5099.16	92.1516	0.200874	0.00335977	1048.05	13.019	
0.0-2.4	7.5-8.5	0.0-100.0	0.000-1.571	0.008	0.136	15622.0	15601.0	13312.7	124.649	2288.32	67.1754	-1.20227	0.0889639	-0.05	0.0	0.546555	0.0415691	3.09178	0.000344048	0.0454568	0.000998203	0.0240512	0.00108101	0.03	0.0	1.696	0.0	5.0	0.0	1.718	0.0	0.0373049	0.000554302	3.14286e-05	0.000250139	0.363574	0.00824344	0.0553572	0.0153282	-0.00751851	0.00509998	0.00178968	0.000372174	2.03235	0.165504	0.945356	0.00884736	1.0	199.51	0.71294	1.18022	0.267171	0.160744	0.1409	374888.0	0.441274	0.131986	0.140929	2.32488e-08	-33980.2	4.0	4.60554e-05	-154964.0	7.0	5.32629e-05	1.0	10320.9	115.551	2991.85	69.2688	0.224736	0.00475873	1035.8	15.4508	
0.0-2.4	8.0-10.0	0.0-100.0	0.000-1.571	0.008	0.136	21615.0	21602.0	18480.8	148.07	3120.97	81.0129	-1.33304	0.0776751	-0.05	0.0	0.410608	0.039533	3.0927	0.000282154	0.0455631	0.00115042	0.0262258	0.000757823	0.03	0.0	1.696	0.0	5.0	0.0	1.718	0.0	0.0354655	0.000518652	2.68589e-05	0.000536565	0.348803	0.00633176	0.0458891	0.0102194	-0.0026995	0.0043131	0.000522553	0.00029555	2.19478	0.149274	0.943181	0.0074728	1.0	0.0147957	0.841508	0.0231942	0.234045	0.0198623	0.141715	0.367879	0.446734	0.0141482	0.15141	0.0185913	-47257.9	4.0	1.41153e-06	-222056.0	7.0	0.000146229	1.0	13867.5	135.334	4613.36	85.6539	0.249629	0.00418098	1034.32	12.5499	
0.0-2.4	8.5-9.5	0.0-100.0	0.000-1.571	0.008	0.136	10621.0	10617.0	9101.9	103.412	1515.16	55.7346	-1.26015	0.110609	-0.05	0.0	0.393075	0.0544896	3.09328	0.000392795	0.044638	0.00165464	0.0260012	0.000967174	0.03	0.0	1.696	0.0	5.0	0.0	1.718	0.0	0.0345477	0.000703429	1.33225e-05	0.00459315	0.361718	0.00924624	0.0500628	0.0142661	0.00161968	0.00572458	0.000635842	0.000414632	2.25294	0.202615	0.938602	0.0104269	1.0	0.0304582	0.902164	0.0253725	0.241697	0.0272044	0.143765	0.000699043	0.452406	0.0199198	0.147231	0.0324413	-23547.4	4.0	8.25965e-07	-101815.0	7.0	1.37081e-05	1.0	6830.43	94.5131	2271.47	59.8023	0.24956	0.00592702	1044.5	18.5645	
0.0-2.4	9.5-11.0	0.0-100.0	0.000-1.571	0.008	0.128	9630.0	9622.0	8167.34	98.0754	1454.68	53.9027	-1.29478	0.111938	-0.05	0.0	0.531321	0.0550046	3.09286	0.000416636	0.0433504	0.00129653	0.0229738	0.001331	0.03	0.0	1.696	0.0	5.0	0.0	1.718	0.0	0.0352966	0.000705253	2.86811e-05	0.000348843	0.359332	0.00899576	0.0230452	0.0104935	-0.00132346	0.00761159	-0.000765407	0.000409837	2.46487	0.337054	0.957482	0.011394	0.933382	0.00648519	0.999995	1.3531	0.208328	0.00987201	0.140974	2.00059e-08	0.4174	0.00872038	0.252933	4.65169	-20749.9	4.0	9.38769e-05	-91174.2	7.0	4.46182e-05	1.0	5848.11	87.2962	2319.23	58.8609	0.283964	0.00634913	1017.67	17.1102	
0.4-0.8	6.5-30.0	0.0-100.0	0.000-1.571	0.008	0.073	9971.0	9934.0	8530.29	97.6449	1403.38	49.0543	-1.21382	0.112383	-0.05	0.0	0.391382	0.0751108	3.09419	0.000309226	0.0196133	0.000921386	0.0271548	0.00124226	0.03	0.0	1.696	0.0	5.0	0.0	1.718	0.0	0.0244814	0.000519495	2.82435e-05	0.000449249	0.357277	0.00830728	0.076506	0.0434519	-0.00258405	0.00354869	-0.000511187	0.000429075	1.67312	0.203336	0.976422	0.0122507	0.936159	0.0147245	1.0	0.00106381	0.219861	0.0226896	0.141129	0.0332674	0.431932	0.0181703	3.68034	1.8494	-23697.1	4.0	3.30953e-07	-97038.6	7.0	6.98311e-05	1.0	5966.21	86.7196	2564.08	60.9724	0.300585	0.0062651	1046.24	23.4504	
0.8-1.2	6.5-30.0	0.0-100.0	0.000-1.571	0.008	0.145	13027.0	13023.0	11092.4	113.155	1930.6	60.3504	-1.1033	0.0962402	-0.05	0.0	0.548584	0.0569367	3.09339	0.000351525	0.0351477	0.000917956	0.0286329	0.00121915	0.03	0.0	1.696	0.0	5.0	0.0	1.718	0.0	0.0323696	0.000409121	1.00235e-05	0.00459466	0.380455	0.00850377	0.021701	0.00683238	-0.000835981	0.00729644	0.00110228	0.000361634	2.63751	0.286474	1.00819	0.00991216	0.98286	0.116105	0.983943	0.343988	0.357173	0.0669436	0.255756	0.668303	0.435194	0.0326673	0.141161	8.7502e-10	-29250.8	4.0	2.19351e-05	-128052.0	7.0	4.5919e-06	1.0	8209.48	102.147	2882.95	65.4636	0.259902	0.00527258	1070.22	13.0163	
1.2-1.6	6.5-30.0	0.0-100.0	0.000-1.571	0.004	0.152	15951.0	15941.0	13817.0	128.808	2123.53	69.9931	-0.885042	0.0962925	-0.05	0.0	0.536989	0.0588772	3.08935	0.000382788	0.0339461	0.000912339	0.0475639	0.0020203	0.03	0.0	1.696	0.0	5.0	0.0	1.718	0.0	0.04082	0.000706186	1.10187e-05	0.00459421	0.377155	0.00754544	0.0606589	0.0149845	-0.000791808	0.00423917	0.00108001	0.000349552	1.99894	0.146766	0.958087	0.00892537	0.999999	0.0667739	0.806838	0.0387996	0.327652	0.028974	0.14108	2.33498e-06	0.467683	0.0194322	0.140951	0.029748	-33175.1	4.0	4.08897e-08	-158026.0	7.0	6.7702e-05	1.0	10147.8	115.974	3669.22	75.3016	0.265558	0.00485517	1051.01	14.3744	
1.6-2.0	6.5-30.0	0.0-100.0	0.000-1.571	0.004	0.145	15708.0	15697.0	13381.9	129.789	2314.91	75.993	-1.34298	0.0973263	-0.05	0.0	0.753351	0.0574212	3.08949	0.00044312	0.04201	0.000868476	0.0638196	0.00454578	0.03	0.0	1.696	0.0	5.0	0.0	1.718	0.0	0.0483128	0.00104864	1.76494e-05	0.00459116	0.355896	0.0077181	0.0501204	0.0105066	0.00447381	0.00580861	0.000543111	0.000370009	2.34179	0.172123	0.931607	0.008685	1.0	0.0372978	0.832853	0.040061	0.332705	0.0307502	0.155543	0.00299467	0.427087	0.0171264	0.14093	0.0281779	-30596.5	4.0	1.13942e-05	-153438.0	7.0	8.18299e-05	1.0	10093.9	118.638	3288.0	74.2137	0.245705	0.00500771	1048.45	15.4917	
1.6-2.4	3.0-30.0	0.0-100.0	0.000-1.571	0.004	0.24	87192.0	87075.0	73079.7	317.679	13995.9	204.541	-0.52706	0.0372372	-0.05	0.0	0.299706	0.0388428	3.0892	0.00020766	0.0663802	0.00196898	0.0430622	0.000677742	0.03	0.0	2.059	0.0	5.0	0.0	1.41	0.0	0.0511781	0.000648693	1.03367e-05	0.00459452	0.373708	0.40161	0.048199	0.00677046	0.00323956	0.0047584	0.00049033	0.00840459	2.28286	0.107063	0.877053	0.489806	0.817944	0.0	0.9999	0.0	0.604322	0.0	0.0846182	0.0	0.4172	0.0	0.483258	0.0	-1e+30	4.0	0.0	-992131.0	7.0	0.000145333	1.0	67744.4	26629.5	5335.33	26627.9	0.073007	0.364368	991.631	206.39	
1.6-2.4	3.0-4.5	0.0-100.0	0.000-1.571	0.024	0.24	31960.0	31889.0	26589.6	205.928	5298.71	145.32	0.138729	0.0619566	-0.05	0.0	0.237132	0.0512346	3.08924	0.000361601	0.0786977	0.00554325	0.0441845	0.00113758	0.03	0.0	2.04	0.0	5.0	0.0	1.31	0.0	0.0543872	0.00142349	2.69452e-05	0.00010696	0.396797	0.010268	0.0920982	0.0334626	-0.00295184	0.0134997	-3.18409e-05	0.000461172	1.7428	0.171363	0.915302	0.00586622	1.0	0.00601302	0.516785	0.0374152	0.430329	0.0264657	0.140893	1.35123e-07	0.466449	0.0205227	0.141116	0.0115032	-54109.1	4.0	2.69408e-07	-329635.0	7.0	0.000247511	1.0	23577.1	201.116	3012.46	87.4635	0.113295	0.0031702	1019.98	22.6487	
1.6-2.4	3.0-5.5	0.0-100.0	0.000-1.571	0.024	0.24	50376.0	50274.0	41915.4	248.899	8358.33	168.44	-0.143253	0.0494859	-0.05	0.0	0.271881	0.0476048	3.08875	0.000280754	0.07001	0.00316163	0.0434172	0.000896205	0.03	0.0	2.04	0.0	5.0	0.0	1.31	0.0	0.052011	0.000940881	1.07449e-05	0.00459433	0.384955	0.00763286	0.0947176	0.0252455	-0.00210053	0.00695986	-0.000285415	0.000345701	1.7053	0.119034	0.912599	0.00470672	0.997892	0.00292622	0.592534	0.0368345	0.376168	0.0259152	0.141352	5.0979e-10	0.429363	0.0135949	0.140892	0.0128185	-87657.7	4.0	4.55922e-05	-543746.0	7.0	0.000144525	1.0	36867.0	243.648	5048.42	111.069	0.120443	0.0025515	1014.59	16.1274	
1.6-2.4	3.0-6.5	0.0-100.0	0.000-1.571	0.016	0.24	64581.0	64469.0	54077.6	278.325	10391.6	183.737	-0.274599	0.0441668	-0.05	0.0	0.302433	0.0419347	3.08909	0.000245808	0.0681426	0.00232169	0.0430133	0.000788197	0.03	0.0	2.04	0.0	5.0	0.0	1.31	0.0	0.0519126	0.000763192	1.26007e-05	0.00459348	0.397252	0.00665429	0.0545752	0.0111807	0.00463949	0.00732318	5.29581e-05	0.000278912	2.11806	0.135123	0.930439	0.00401902	0.865832	0.0384153	0.744632	0.00338532	0.339255	0.0233325	0.140957	1.16938	0.39616	0.00257262	0.140895	1.14475e-09	-114785.0	4.0	1.35859e-05	-714175.0	7.0	8.69154e-05	1.0	47357.3	271.952	6720.36	125.486	0.124272	0.00223059	1031.17	12.5145	
1.6-2.4	4.5-5.5	0.0-100.0	0.000-1.571	0.024	0.192	18416.0	18378.0	15396.8	144.085	2981.16	91.3457	-0.677032	0.0822981	-0.05	0.0	0.364863	0.0858983	3.08786	0.000445978	0.0591975	0.00260277	0.0423563	0.00135962	0.03	0.0	2.04	0.0	5.0	0.0	1.31	0.0	0.0491739	0.00101139	2.75213e-05	0.000465277	0.36543	0.0112382	0.103514	0.0420907	-0.000476917	0.00793976	-0.000571422	0.000526144	1.6297	0.164957	0.912423	0.0079325	1.0	0.0110522	0.710989	0.0552979	0.308907	0.0412461	0.140985	7.86618e-07	0.411017	0.0172733	0.140922	0.030097	-33674.3	4.0	9.21692e-05	-181111.0	7.0	7.02241e-05	1.0	13356.1	141.126	2040.72	68.2593	0.132542	0.00425631	1010.58	23.6718	
1.6-2.4	5.5-6.5	0.0-100.0	0.000-1.571	0.024	0.16	14204.0	14181.0	12177.5	128.197	2003.46	79.0966	-0.843381	0.100809	-0.05	0.0	0.405636	0.0899759	3.09029	0.000510647	0.0639974	0.00317281	0.0415904	0.00182779	0.03	0.0	2.04	0.0	5.0	0.0	1.31	0.0	0.05186	0.00136874	1.00139e-05	0.00459467	0.403193	0.012264	0.163974	0.0525224	0.00159916	0.00563014	0.000682304	0.000536808	1.56105	0.126401	0.884025	0.00943381	0.869551	0.066852	0.927714	0.145444	0.445619	0.0238582	0.140992	3.90922e-07	0.462539	0.0296732	0.140968	5.25079e-07	-27208.6	4.0	4.53456e-05	-136339.0	7.0	7.11178e-06	1.0	10335.4	122.587	1842.07	59.7073	0.151268	0.00463727	1026.13	26.6233	
1.6-2.4	6.5-30.0	0.0-100.0	0.000-1.571	0.008	0.188	22610.0	22602.0	19121.5	155.755	3480.43	92.8113	-1.21997	0.076362	-0.05	0.0	0.611768	0.0513416	3.08997	0.000398433	0.0529602	0.00103493	0.0399704	0.0015171	0.03	0.0	1.696	0.0	5.0	0.0	1.718	0.0	0.0483336	0.000531408	1.30059e-05	0.00459329	0.362603	0.00677802	0.0446101	0.00857781	0.00265167	0.00592245	4.9611e-05	0.000319956	2.45063	0.167161	0.927961	0.00730667	0.999998	14062.3	0.850462	2.7722	0.307303	1.24347	0.140993	12515.7	0.41011	0.247829	0.140898	1.88325e-07	-42534.4	4.0	5.88554e-06	-228149.0	7.0	8.41725e-05	1.0	14562.1	143.361	4559.35	88.6662	0.238441	0.00421063	1044.32	14.063	
2.0-2.4	6.5-30.0	0.0-100.0	0.000-1.571	0.008	0.144	6902.0	6891.0	5824.19	88.3207	1066.73	55.1536	-1.07312	0.142747	-0.05	0.0	0.489241	0.104475	3.08941	0.000816541	0.0611247	0.00261591	0.046208	0.00232984	0.03	0.0	1.696	0.0	5.0	0.0	1.718	0.0	0.0540229	0.00117576	1.21911e-05	0.00459367	0.380797	0.0136872	0.0274908	0.012152	-0.01	0.0156797	-0.00140666	0.000645886	3.13309	0.601028	0.929783	0.0136603	0.999999	1.76939	0.903309	0.0175991	0.260747	0.0145469	0.145548	3.43368	0.377972	0.0112159	0.140923	1.63817e-11	-12008.7	4.0	3.03547e-06	-60732.8	7.0	3.15023e-05	1.0	4513.68	82.2445	1310.51	49.7397	0.225012	0.00782891	1053.84	36.1045	
