noWeight_TnPAtRD3_4DEff_RapPtEffMap2_Diff
rap	pT	cent	dPhi	ctauErrMin	ctauErrMax	NoCutEntry	CutEntry	NSig	NSigErr	NBkg	NBkgErr	coefExp	coefExpErr	coefPol1	coefPol1Err	coeffGaus	coeffGausErr	meanSig1	meanSig1Err	sigmaSig1	sigmaSig1Err	sigmaSig2	sigmaSig2Err	sigmaSig3	sigmaSig3Err	alpha	alphaErr	enne	enneErr	enneW	enneWErr	sigWidth	sigWidthErr	Gmc	GmcErr	bTau	bTauErr	fracRes	fracResErr	meanResSigW	meanResSigWErr	meanResSigN	meanResSigNErr	sigmaResSigW	sigmaResSigWErr	sigmaResSigN	sigmaResSigNErr	fpm	fpmErr	fLiving	fLivingErr	fbkgCtTot	fbkgCtTotErr	lambdam	lambdamErr	lambdap	lambdapErr	lambdasym	lambdasymErr	NLL	nFitPar	EDM	NLLMass	nFitParMass	EDMMass	Prob	PROMPT	PROMPTErr	NON-PROMPT	NON-PROMPTErr	Bfraction	BfractionErr	Resolution	ResolutionErr	
0.0-0.4	6.5-30.0	0.0-100.0	0.000-1.571	0.008	0.105	4724.0	4718.0	4037.48	66.7141	680.379	33.0703	-1.19762	0.158853	-0.05	0.0	0.397606	0.0996164	3.09387	0.000356218	0.014976	0.00110923	0.0230834	0.00133423	0.03	0.0	1.696	0.0	5.0	0.0	1.718	0.0	0.0202523	0.000616738	1.23578e-05	0.0128429	0.364797	0.0122386	0.44677	0.141299	-0.000774749	0.00115443	0.000390051	0.00095072	1.18582	0.0694746	0.886661	0.0272494	0.997337	0.861852	0.9098	0.235025	0.21379	0.0440819	0.14113	1.17336	0.365825	0.0413132	0.239148	0.423005	-11929.5	4.0	6.7636e-06	-43218.8	7.0	9.51671e-05	1.0	2806.94	58.9273	1230.54	41.6492	0.304778	0.0090028	1031.1	28.4915	
0.0-1.2	6.5-30.0	0.0-100.0	0.000-1.571	0.008	0.145	16147.0	16140.0	13854.2	124.517	2286.17	62.7293	-1.18702	0.0889192	-0.05	0.0	0.437308	0.0568826	3.09381	0.000252677	0.0191506	0.000831656	0.0324761	0.00119824	0.03	0.0	1.696	0.0	5.0	0.0	1.718	0.0	0.0274563	0.000549593	1.01594e-05	0.0045946	0.362152	0.0066805	0.0390389	0.0103328	-0.00174128	0.00308162	0.000177005	0.000318518	2.01564	0.13992	0.992265	0.00929832	1.0	0.118628	0.913256	0.0194262	0.25712	0.020459	0.146139	0.797307	0.412223	0.0144082	0.180972	0.0348788	-37795.5	4.0	3.73703e-06	-164404.0	7.0	5.67006e-05	1.0	9707.18	110.723	4147.05	77.6988	0.299335	0.00492091	1051.08	10.1219	
0.0-2.4	10.0-13.0	0.0-100.0	0.000-1.571	0.008	0.145	7258.0	7253.0	6159.99	84.5418	1092.98	45.5917	-1.22001	0.128403	-0.05	0.0	0.429342	0.0519019	3.09371	0.000448136	0.0443414	0.00182504	0.0226791	0.00102766	0.03	0.0	1.696	0.0	5.0	0.0	1.718	0.0	0.0337294	0.000784906	1.22072e-05	0.0133174	0.381809	0.0102664	0.0307555	0.0102492	0.002156	0.00527054	0.00043446	0.000462592	2.23784	0.221634	0.991838	0.014129	0.971757	0.00295696	1.0	2.64565	0.244777	0.00626997	0.140946	0.0165025	0.386823	0.00519081	0.149132	8.08286	-15594.2	4.0	9.49267e-05	-66866.3	7.0	4.71374e-06	1.0	4250.76	73.9271	1909.23	52.4249	0.30994	0.00737125	1052.38	13.7902	
0.0-2.4	10.0-30.0	0.0-100.0	0.000-1.571	0.008	0.145	11767.0	11761.0	9829.4	107.269	1931.55	60.0729	-1.23502	0.0964128	-0.05	0.0	0.441349	0.0431708	3.09388	0.000350895	0.0434439	0.00138936	0.0221567	0.000871221	0.03	0.0	1.696	0.0	5.0	0.0	1.718	0.0	0.0332752	0.00062581	1.00498e-05	0.00459465	0.370504	0.00733654	0.0302029	0.00772777	-0.00137981	0.00391645	0.000117319	0.000350941	2.28455	0.177331	0.999307	0.0115134	0.972909	0.00931001	1.0	0.0424434	0.260007	0.0193185	0.141008	0.0414529	0.406645	0.0149547	0.141466	7.97836e-10	-24168.7	4.0	1.49302e-06	-113801.0	7.0	4.31124e-05	1.0	6327.37	90.9514	3502.04	70.4607	0.356282	0.00602227	1061.17	10.9508	
0.0-2.4	13.0-16.0	0.0-100.0	0.000-1.571	0.008	0.081	2642.0	2639.0	2192.26	49.9472	446.857	27.3737	-1.02326	0.206317	-0.05	0.0	0.506824	0.136592	3.09337	0.000762196	0.0210775	0.00282325	0.0440329	0.00549708	0.03	0.0	1.696	0.0	5.0	0.0	1.718	0.0	0.0343712	0.00232661	2.11265e-05	10.8791	0.368963	0.0147591	0.0661462	0.04102	-0.00168051	0.0047893	-0.000686939	0.000765091	1.77416	0.264604	1.0019	0.0264363	0.999986	8.81647	0.943876	0.187408	0.255656	0.0227187	0.14687	6.80719	0.435419	0.020745	0.213852	0.0968298	-5228.44	4.0	4.10151e-05	-21556.0	7.0	3.03505e-05	1.0	1328.85	41.6717	863.405	34.74	0.393843	0.0130614	1070.33	27.6738	
0.0-2.4	13.0-30.0	0.0-100.0	0.000-1.571	0.008	0.081	4509.0	4505.0	3728.92	64.897	775.646	35.48	-1.14571	0.153	-0.05	0.0	0.306343	0.0788241	3.0937	0.000566128	0.0175854	0.00227333	0.0380793	0.00211517	0.03	0.0	1.696	0.0	5.0	0.0	1.718	0.0	0.0331747	0.0010965	1.02238e-05	0.00459457	0.361841	0.0105213	0.0480882	0.0218371	-0.00242622	0.00419284	-0.000247334	0.00055005	1.94086	0.230379	1.00801	0.0201702	1.0	7.81272	0.96165	0.00317317	0.279171	0.00460786	0.45218	14.4125	0.435521	0.00466753	0.22834	0.018689	-8629.57	4.0	2.82956e-05	-39084.4	7.0	0.000133744	1.0	2122.26	52.6365	1606.66	46.7789	0.430865	0.0100571	1071.62	19.4573	
0.0-2.4	16.0-30.0	0.0-100.0	0.000-1.571	0.008	0.056	1867.0	1861.0	1531.12	41.585	329.828	22.9806	-1.38984	0.234634	-0.05	0.0	0.173141	0.0773625	3.09371	0.00089679	0.0149603	0.00326275	0.035358	0.00286619	0.03	0.0	1.696	0.0	5.0	0.0	1.718	0.0	0.0327487	0.00142158	1.01425e-05	0.00459461	0.354129	0.0150333	0.0340288	0.0240391	-0.00317689	0.0069571	0.000208128	0.000794405	2.18001	0.438439	1.00952	0.0315771	1.0	0.110168	0.984182	0.0158716	0.296229	0.0391912	0.140893	1.30202	0.432119	0.0371957	0.230863	0.229032	-3415.82	4.0	2.94167e-05	-14434.5	7.0	1.56062e-05	1.0	795.752	32.2809	735.372	31.2068	0.480282	0.0156606	1070.6	29.6099	
0.0-2.4	6.5-30.0	0.0-100.0	0.000-1.571	0.004	0.224	32646.0	32637.0	27746.3	181.084	4890.86	99.6794	-1.16836	0.0609392	-0.05	0.0	0.458621	0.0294953	3.09272	0.000230262	0.0459806	0.00085879	0.0246389	0.000643965	0.03	0.0	1.696	0.0	5.0	0.0	1.718	0.0	0.0360317	0.000415324	1.01537e-05	0.0045946	0.36162	0.00502575	0.0430983	0.00586475	-0.000930869	0.00240021	0.000351939	0.00023469	2.16125	0.0881268	0.963619	0.00630839	0.999998	0.0369405	0.873316	0.0188291	0.283143	0.016338	0.141564	7.68371e-09	0.419682	0.0108841	0.140954	0.017218	-69363.2	4.0	6.15827e-05	-348463.0	7.0	3.89394e-06	1.0	20117.3	162.809	7628.94	108.386	0.274954	0.00346978	1043.96	7.13052	
0.0-2.4	6.5-7.5	0.0-100.0	0.000-1.571	0.008	0.168	6950.0	6946.0	6002.53	84.6693	943.51	45.8994	-0.792856	0.138352	-0.05	0.0	0.491554	0.0667086	3.09072	0.000578937	0.0499314	0.00192743	0.0294834	0.00148288	0.03	0.0	1.696	0.0	5.0	0.0	1.718	0.0	0.040835	0.000921652	2.82935e-05	5.56844e-05	0.381601	0.0141104	0.0564692	0.0173463	0.0089199	0.0166626	0.000591888	0.000622315	1.98278	0.173627	0.967426	0.0131666	0.999985	0.0343993	0.789533	0.0555231	0.416209	0.0402474	0.140937	0.792723	0.414389	0.030327	0.140901	1.68755e-08	-14829.5	4.0	1.72857e-06	-63022.8	7.0	7.57495e-06	1.0	4860.39	80.0481	1142.14	44.3503	0.190276	0.00688387	1051.22	16.4584	
0.0-2.4	6.5-8.0	0.0-100.0	0.000-1.571	0.008	0.168	10350.0	10344.0	8895.62	102.32	1448.43	54.9373	-0.910647	0.111041	-0.05	0.0	0.537584	0.0515082	3.09099	0.000461953	0.0483111	0.00134713	0.0273403	0.00129375	0.03	0.0	1.696	0.0	5.0	0.0	1.718	0.0	0.0400044	0.000702706	1.01726e-05	0.00459459	0.382111	0.011284	0.0575665	0.0136708	0.00223244	0.00490816	0.000733238	0.000493461	2.00934	0.138671	0.953198	0.0106909	0.999997	34.3824	0.730055	1.52915	0.307447	0.0579935	0.140987	10999.4	0.40486	0.22737	0.140985	4.68905e-08	-22202.6	4.0	2.00473e-06	-98097.5	7.0	1.4409e-05	1.0	7128.06	96.3872	1767.56	54.6045	0.1987	0.00569701	1043.41	13.6123	
0.0-2.4	7.5-8.5	0.0-100.0	0.000-1.571	0.008	0.136	6577.0	6568.0	5612.44	80.7951	955.428	43.2238	-1.22993	0.137938	-0.05	0.0	0.542799	0.0623032	3.09168	0.000534283	0.045394	0.00151913	0.0246056	0.00161268	0.03	0.0	1.696	0.0	5.0	0.0	1.718	0.0	0.0373538	0.000823525	3.14286e-05	0.000250139	0.35807	0.0126042	0.0553572	0.0153282	-0.00751851	0.00509998	0.00184425	0.00057128	2.03235	0.165504	0.944203	0.0136195	1.0	0.0360512	0.710898	0.0522156	0.274338	0.0361147	0.141439	0.793324	0.441926	0.0298535	0.14096	1.94181e-10	-14376.2	4.0	2.85829e-05	-59558.5	7.0	4.55416e-06	1.0	4363.19	75.0727	1249.25	44.8783	0.222585	0.00732613	1034.8	16.1015	
0.0-2.4	8.0-10.0	0.0-100.0	0.000-1.571	0.008	0.136	10529.0	10523.0	9006.29	103.034	1516.88	55.9096	-1.32231	0.110923	-0.05	0.0	0.417947	0.054413	3.09284	0.000394042	0.0447028	0.00158223	0.0253784	0.00103702	0.03	0.0	1.696	0.0	5.0	0.0	1.718	0.0	0.0347862	0.000713786	2.68589e-05	0.000536565	0.345642	0.00903238	0.0458891	0.0102194	-0.0026995	0.0043131	0.000469007	0.000418835	2.19478	0.149274	0.943521	0.0106442	0.999997	0.0289083	0.845957	0.0327817	0.243897	0.0279868	0.143215	0.794732	0.441569	0.0201517	0.155995	0.0280151	-23393.2	4.0	2.25503e-06	-100782.0	7.0	2.73959e-05	1.0	6779.27	94.3476	2227.01	59.4609	0.247273	0.0059654	1034.62	12.9715	
0.0-2.4	8.5-9.5	0.0-100.0	0.000-1.571	0.008	0.136	5262.0	5260.0	4512.46	72.4997	747.551	38.6158	-1.24647	0.156645	-0.05	0.0	0.402711	0.0729875	3.09343	0.00054264	0.0437312	0.00222308	0.0251145	0.00128193	0.03	0.0	1.696	0.0	5.0	0.0	1.718	0.0	0.0338657	0.000944251	1.33225e-05	0.00459315	0.358739	0.0131198	0.0500628	0.0142661	0.00161968	0.00572458	0.00079119	0.00058295	2.25294	0.202615	0.938777	0.014731	0.999995	0.0468188	0.906113	0.0354371	0.254976	0.0361437	0.14123	0.793107	0.444427	0.0277473	0.152464	0.0485486	-11883.3	4.0	1.99065e-05	-46847.4	7.0	1.67094e-05	1.0	3402.46	66.4553	1110.0	41.7851	0.245985	0.0083742	1044.65	19.0852	
0.0-2.4	9.5-11.0	0.0-100.0	0.000-1.571	0.008	0.128	5387.0	5383.0	4570.72	72.7777	812.306	39.2194	-1.22652	0.148297	-0.05	0.0	0.514344	0.0669732	3.09314	0.000530943	0.0419474	0.00165053	0.0221322	0.00149061	0.03	0.0	1.696	0.0	5.0	0.0	1.718	0.0	0.0338071	0.000853813	2.86811e-05	0.000348843	0.355126	0.0119083	0.0230452	0.0104935	-0.00132346	0.00761159	-0.000559996	0.000543197	2.46487	0.337054	0.96089	0.0152258	0.966099	3.63988	0.930177	3.47617	0.214112	0.148545	0.141353	3.58967	0.415929	0.11974	0.141116	3.77179e-08	-11872.3	4.0	6.74116e-05	-48042.2	7.0	3.45136e-06	1.0	3281.79	65.0126	1288.93	43.7869	0.281997	0.00846243	1020.81	17.6714	
0.4-0.8	6.5-30.0	0.0-100.0	0.000-1.571	0.008	0.073	5039.0	5027.0	4304.95	69.3205	722.019	34.9585	-1.28015	0.156483	-0.05	0.0	0.463807	0.0916256	3.09423	0.000423525	0.020233	0.00109364	0.0287505	0.00170657	0.03	0.0	1.696	0.0	5.0	0.0	1.718	0.0	0.0251611	0.000677626	2.82435e-05	0.000449249	0.351509	0.0110903	0.076506	0.0434519	-0.00258405	0.00354869	-0.000411249	0.000590358	1.67312	0.203336	0.989782	0.017791	0.942914	0.0285885	1.0	26.8629	0.227023	0.0215398	0.141072	4.08629e-08	0.439121	0.0205418	0.181881	112.868	-11833.1	4.0	2.15826e-06	-45613.5	7.0	8.75603e-05	1.0	2918.73	60.7939	1386.22	44.5564	0.322006	0.00895755	1057.77	23.6572	
0.8-1.2	6.5-30.0	0.0-100.0	0.000-1.571	0.008	0.145	6384.0	6382.0	5415.7	79.0712	966.381	42.4606	-1.20234	0.136227	-0.05	0.0	0.575868	0.0797555	3.09373	0.000499033	0.0353253	0.00119964	0.0277595	0.00175581	0.03	0.0	1.696	0.0	5.0	0.0	1.718	0.0	0.0323333	0.000575532	1.00235e-05	0.00459466	0.370032	0.0114509	0.021701	0.00683238	-0.000835981	0.00729644	0.000825086	0.000496349	2.63751	0.286474	0.996708	0.0142705	0.999355	0.809351	0.929553	0.0723831	0.315918	0.0364936	0.14089	4.40695e-05	0.417691	0.0250672	0.140959	0.0628793	-14359.3	4.0	1.4691e-06	-58180.1	7.0	9.83348e-06	1.0	3927.76	70.7892	1487.94	46.8447	0.274746	0.0076634	1059.64	13.9773	
1.2-1.6	6.5-30.0	0.0-100.0	0.000-1.571	0.004	0.152	7013.0	7009.0	6068.16	85.4269	941.015	46.5858	-0.923218	0.144316	-0.05	0.0	0.543628	0.0882559	3.08951	0.000578697	0.0342379	0.001378	0.0474994	0.00306904	0.03	0.0	1.696	0.0	5.0	0.0	1.718	0.0	0.0408279	0.00105148	1.10187e-05	0.00459421	0.366903	0.0110953	0.0606589	0.0149845	-0.000791808	0.00423917	0.00125527	0.000509866	1.99894	0.146766	0.955105	0.0133996	0.935692	0.160264	0.948395	0.972625	0.335246	0.111439	0.140921	5.95697e-08	0.442378	0.0631043	0.140963	0.661861	-14741.4	4.0	4.6475e-06	-63705.7	7.0	2.70583e-05	1.0	4455.85	76.8674	1612.32	49.8887	0.265701	0.00732119	1048.46	15.0424	
1.6-2.0	6.5-30.0	0.0-100.0	0.000-1.571	0.004	0.145	6919.0	6914.0	5885.59	86.2536	1028.7	50.8112	-1.316	0.145139	-0.05	0.0	0.758742	0.0859025	3.08949	0.000668174	0.0421102	0.00133312	0.0643121	0.00682529	0.03	0.0	1.696	0.0	5.0	0.0	1.718	0.0	0.0484077	0.00157759	1.76494e-05	0.00459116	0.354556	0.0116529	0.0501204	0.0105066	0.00447381	0.00580861	0.000615598	0.000551003	2.34179	0.172123	0.927875	0.0130102	0.999958	0.222855	0.835032	0.0572628	0.335965	0.0431525	0.140982	0.748727	0.424828	0.0254603	0.141011	0.040403	-13511.7	4.0	5.98584e-07	-61891.8	7.0	2.41022e-05	1.0	4450.28	78.8621	1435.32	49.0731	0.24387	0.00753304	1045.3	16.0753	
1.6-2.4	3.0-30.0	0.0-100.0	0.000-1.571	0.004	0.24	24857.0	24831.0	20903.3	167.439	3927.7	105.131	-0.765009	0.0704589	-0.05	0.0	0.343806	0.0732616	3.08915	0.000386734	0.0638151	0.00289135	0.0427048	0.00126939	0.03	0.0	2.059	0.0	5.0	0.0	1.41	0.0	0.0509588	0.00107816	1.03367e-05	0.00459452	0.36453	0.00803995	0.048199	0.00677046	0.00323956	0.0047584	8.25423e-05	0.000369598	2.28286	0.107063	0.942801	0.00667328	0.967747	0.154467	0.882378	0.735924	0.456071	0.0651192	0.141043	1.38356e-06	0.430649	0.0347685	0.165877	0.144673	-45237.1	4.0	4.94687e-07	-252010.0	7.0	4.08664e-05	1.0	17216.5	159.991	3686.83	86.3177	0.176375	0.00388018	1047.48	9.41159	
1.6-2.4	3.0-4.5	0.0-100.0	0.000-1.571	0.024	0.24	6150.0	6137.0	5101.88	90.9099	1035.13	64.7892	-0.0726395	0.141943	-0.05	0.0	0.2677	0.140431	3.08866	0.000836437	0.0754997	0.0112909	0.0442152	0.00307409	0.03	0.0	2.04	0.0	5.0	0.0	1.31	0.0	0.0543836	0.00332942	2.69452e-05	0.00010696	0.403172	0.0239149	0.0920982	0.0334626	-0.00295184	0.0134997	-0.000456098	0.0010574	1.7428	0.171363	0.922585	0.0134735	1.0	0.0301445	0.532392	0.0828666	0.419332	0.0590853	0.140893	3.04649e-07	0.471663	0.0452344	0.141004	0.0259968	-10299.2	4.0	3.63258e-07	-53284.8	7.0	1.45255e-05	1.0	4527.38	88.6541	574.499	38.1603	0.112605	0.0072055	1025.92	22.9728	
1.6-2.4	3.0-5.5	0.0-100.0	0.000-1.571	0.024	0.24	11000.0	10979.0	9161.47	115.397	1817.51	77.2594	-0.344062	0.106117	-0.05	0.0	0.300544	0.107602	3.08818	0.000604813	0.0678771	0.00574188	0.0435859	0.0019949	0.03	0.0	2.04	0.0	5.0	0.0	1.31	0.0	0.052091	0.00188678	1.07449e-05	0.00459433	0.381266	0.0162924	0.0947176	0.0252455	-0.00210053	0.00695986	-0.000477038	0.000735845	1.7053	0.119034	0.91823	0.0101033	0.99173	0.0130059	0.632547	0.144222	0.380295	0.116989	0.748215	0.50146	0.436276	0.0335011	0.140974	0.0839023	-19177.0	4.0	7.21313e-05	-102045.0	7.0	3.48839e-05	1.0	8060.41	113.182	1101.06	51.9092	0.120184	0.00546007	1019.18	16.4151	
1.6-2.4	3.0-6.5	0.0-100.0	0.000-1.571	0.016	0.24	15371.0	15347.0	12910.6	134.954	2436.53	87.9666	-0.476831	0.0913665	-0.05	0.0	0.336744	0.0895484	3.08881	0.000507766	0.0666106	0.00403907	0.0431966	0.00170314	0.03	0.0	2.04	0.0	5.0	0.0	1.31	0.0	0.0522659	0.00147711	1.26007e-05	0.00459348	0.388557	0.0133129	0.0545752	0.0111807	0.00463949	0.00732318	-9.14018e-05	0.000564129	2.11806	0.135123	0.938185	0.00827673	0.998209	0.9954	0.622384	0.0658892	0.37589	0.0254547	0.140965	0.808327	0.458636	0.0188779	0.140896	3.24772e-07	-27481.0	4.0	5.16945e-06	-148008.0	7.0	2.37809e-05	1.0	11267.7	131.88	1642.86	61.7632	0.127249	0.00459529	1037.78	12.7856	
1.6-2.4	4.5-5.5	0.0-100.0	0.000-1.571	0.024	0.192	4850.0	4840.0	4070.86	74.7042	769.164	47.7229	-0.728515	0.164604	-0.05	0.0	0.357422	0.174959	3.08754	0.000882916	0.0603028	0.00540346	0.0430448	0.00291443	0.03	0.0	2.04	0.0	5.0	0.0	1.31	0.0	0.0499034	0.00211136	2.75213e-05	0.000465277	0.357987	0.0218196	0.103514	0.0420907	-0.000476917	0.00793976	-0.000510832	0.00102855	1.6297	0.164957	0.91127	0.0153549	1.0	2124.88	0.698095	12.6184	0.317564	0.168044	0.140891	74702.0	0.415585	2.30203	0.140908	3.98607e-07	-8896.54	4.0	1.76618e-05	-41224.8	7.0	4.07951e-06	1.0	3542.55	73.236	528.308	35.09	0.129778	0.00828428	1009.64	24.2999	
1.6-2.4	5.5-6.5	0.0-100.0	0.000-1.571	0.024	0.16	4371.0	4364.0	3750.45	70.706	613.474	43.1383	-0.881077	0.182212	-0.05	0.0	0.418317	0.156518	3.09039	0.000936111	0.0644728	0.00536516	0.0423413	0.00326312	0.03	0.0	2.04	0.0	5.0	0.0	1.31	0.0	0.0527415	0.00235334	1.00139e-05	0.00459467	0.400974	0.0221008	0.163974	0.0525224	0.00159916	0.00563014	0.000713829	0.000977666	1.56105	0.126401	0.886872	0.0170163	0.879208	0.557196	0.919901	2.3854	0.452468	0.105873	0.140921	1.67422e-08	0.457214	0.177895	0.140891	1.36993e-08	-8318.78	4.0	6.61187e-07	-36769.5	7.0	2.69943e-05	1.0	3188.9	67.8061	561.553	33.0972	0.149729	0.00836121	1028.18	27.0075	
1.6-2.4	6.5-30.0	0.0-100.0	0.000-1.571	0.008	0.188	9486.0	9483.0	8011.55	101.088	1471.43	60.6488	-1.20886	0.118121	-0.05	0.0	0.623943	0.0826861	3.09002	0.000611883	0.0528321	0.001476	0.039084	0.00258882	0.03	0.0	1.696	0.0	5.0	0.0	1.718	0.0	0.048125	0.000840502	1.30059e-05	0.00459329	0.364403	0.0104257	0.0446101	0.00857781	0.00265167	0.00592245	0.00155751	5.3484e-09	2.45063	0.167161	0.931988	0.0110401	0.999996	0.113681	0.848153	0.0447881	0.315552	0.0352061	0.140886	9.0844e-06	0.410529	0.0203993	0.140951	0.0353661	-17967.4	4.0	3.57408e-05	-87507.1	7.0	6.79296e-06	1.0	6139.57	91.9818	1871.98	54.9305	0.23366	0.00619016	1047.74	14.4432	
2.0-2.4	6.5-30.0	0.0-100.0	0.000-1.571	0.008	0.144	2567.0	2563.0	2166.32	54.1664	396.467	34.1153	-1.05784	0.234131	-0.05	0.0	0.4685	0.171218	3.08957	0.00133777	0.0622947	0.00463421	0.0456083	0.00370447	0.03	0.0	1.696	0.0	5.0	0.0	1.718	0.0	0.0540709	0.00207011	1.21911e-05	0.00459367	0.37636	0.0221228	0.0274908	0.012152	-0.01	0.0156797	-0.00149112	0.00104103	3.13309	0.601028	0.927362	0.022389	0.999994	2.50932	0.897196	0.0554264	0.275407	0.0288962	0.141972	3.62506	0.379157	0.0216703	0.140977	1.09351e-08	-4485.55	4.0	1.17609e-05	-20049.2	7.0	0.000110628	1.0	1673.73	50.29	492.587	30.4856	0.227384	0.0128729	1051.77	36.9733	
