rap	pT	cent	NSig	NSigErr	NBkg	NBkgErr	coefExp	coefGaus	meanSig1	sigmaSig1	alpha	enne	fracRes	fracRes2	fracRes3	meanResSigW	sigmaResSigW	sigmaResSigN	sigmaResSigM	sigmaResSigO	fLiving	fpm	fbkgCtTot	lambdam	lambdap	lambdasym	NLL	PromptJ/psi	PromptJ/psiErr	Non-promptJ/psi	Non-promptJ/psiErr	Bfrac	BfracErr	Resolution	ResolutionErr
floatCB/_mb_pt/fracfree
0.0-1.2	6.5-30.0	0-100	467.775	32.3714	35.1866	24.7973	-1.06431	0.897023	3.09295	0.02889	0.0933847	17.9215	0.272023	8.55429e-08	4.44194e-06	0.000682573	0.0185144	0.0422514	0.040004	0.0886877	0.903406	0.993814	0.200699	0.159312	0.21659	0.15311	-1369.24	366.474	28.2889	101.301	14.3604	0.216559	0.0267929	37.3205	1.06801	
0.0-2.4	0.0-30.0	0-100	2031.07	47.9759	407.934	26.0482	-0.464009	3.03647e-05	3.0925	0.0396831	1.30571	29.995	0.50088	1.49839e-05	0.499988	0.00305644	0.0315228	0.129446	0.102219	0.185062	0.516734	0.839199	0.0489244	0.182284	0.250399	0.0492341	-4854.87	1733.29	48.5888	297.777	27.0941	0.146611	0.0128825	94.1338	67.8128	
0.0-2.4	10.0-30.0	0-100	356.499	20.214	58.4962	10.5145	-1.13863	0.956203	3.09263	0.0331341	0.485626	29.9293	0.0299416	4.44592e-05	0.446997	-0.000413838	0.140477	0.0246012	0.0400001	0.0502678	0.999997	1.0	0.268407	0.0100007	0.208376	0.0206813	-1035.08	268.2	18.6821	88.299	11.9511	0.247684	0.0304398	34.3215	3.05691	
0.0-2.4	6.5-10.0	0-100	703.592	30.4957	119.408	18.5905	-1.45509	8.62865e-07	3.09236	0.0377382	1.68759	2.66462	0.229215	0.208051	1.66479e-05	0.00457713	0.0527769	0.036409	0.0487349	0.234472	0.99986	0.999965	0.319955	0.143317	0.196686	0.102434	-1822.24	633.495	31.8496	70.0968	16.4229	0.0996271	0.0229386	40.7458	1.56836	
0.0-2.4	6.5-30.0	0-100	1054.91	36.9776	183.108	22.2548	-1.38002	0.767049	3.09321	0.0355433	0.741105	16.831	0.163524	0.160461	9.65431e-11	0.00224244	0.0534136	0.0333914	0.0465961	0.232469	1.0	1.0	0.293547	0.297307	0.195032	0.164537	-2837.5	892.931	37.3963	161.982	21.238	0.15355	0.0193996	37.4058	1.07324	
1.2-1.6	5.5-30.0	0-100	376.462	22.7357	45.5447	13.6385	-1.13439	2.38699e-06	3.09235	0.0377968	1.60806	2.08232	0.35504	0.141867	8.57071e-09	0.00412733	0.0271456	0.0658432	0.0401395	0.2988	0.99958	0.999998	0.592387	0.0100008	0.282233	0.0203704	-906.14	327.171	23.533	49.2911	13.1245	0.130932	0.0339543	55.2968	2.26552	
1.2-1.6	6.5-30.0	0-100	283.623	18.6442	35.383	9.96785	-1.87967	0.750385	3.09444	0.0367635	0.47788	29.9735	0.454996	0.15811	3.97485e-05	0.0050418	0.0574235	0.0255313	0.0426359	0.315789	1.0	1.0	0.363392	0.341022	0.231447	0.235821	-698.383	243.051	19.3195	40.5714	11.1841	0.143047	0.0382954	43.0765	1.90054	
1.6-2.4	3.0-30.0	0-100	1053.24	34.777	216.747	19.3143	-0.70167	2.53919e-07	3.09085	0.0472727	1.56198	29.9998	0.568884	2.04259e-07	0.0858556	0.00306003	0.0436389	0.0957828	0.108765	0.265952	0.387331	0.891496	0.0450708	0.0975619	0.212583	0.084118	-2379.99	906.873	35.8556	146.365	20.3058	0.138967	0.0187254	70.9828	2.06556	
1.6-2.4	6.5-30.0	0-100	341.889	19.9114	74.1153	11.3453	-1.42874	9.60511e-07	3.09307	0.0478097	1.85421	29.9988	0.171632	0.128359	8.51812e-06	0.00182495	0.0400507	0.0400629	0.0518265	0.129764	0.999294	0.929314	0.185402	0.102491	0.184379	0.0960795	-834.107	275.606	19.8527	66.2821	12.3042	0.19387	0.0341719	40.0608	2.10443	
floatCB/_mb_pt/fracfix
0.0-1.2	6.5-30.0	0-100	467.775	32.3714	35.1866	24.7973	-1.0593	0.897023	3.09295	0.02889	0.0933847	17.9215	0.272023	0.0157062	0.466033	0.000827381	0.0187086	0.044652	0.040004	0.0886877	0.897643	0.997517	0.204009	0.160433	0.216082	0.153501	-1369.51	367.402	28.4628	100.373	14.5578	0.214574	0.0273505	39.3275	3.66659	
0.0-2.4	0.0-30.0	0-100	2031.07	47.9759	407.934	26.0482	-0.464161	3.03647e-05	3.0925	0.0396831	1.30571	29.995	0.50088	0.023675	0.27439	0.0023032	0.0317997	0.0714738	0.102219	0.185062	0.51267	0.854666	0.00766501	0.189715	0.250208	0.0480195	-4859.0	1713.18	49.0878	317.891	28.7823	0.156514	0.0136803	55.2834	2.25539	
0.0-2.4	10.0-30.0	0-100	356.499	20.214	58.4962	10.5145	-1.13541	0.956203	3.09263	0.0331341	0.485626	29.9293	0.0299416	0.000119048	0.499996	-0.000261583	0.14112	0.0235858	0.0400001	0.0502678	0.999991	1.0	0.269167	0.0100246	0.208276	0.0499624	-1034.92	268.812	18.6884	87.687	11.9021	0.245967	0.0303335	33.7033	3.16554	
0.0-2.4	6.5-10.0	0-100	703.592	30.4957	119.408	18.5905	-1.4656	8.62865e-07	3.09236	0.0377382	1.68759	2.66462	0.229215	0.00766297	0.499947	0.00247573	0.06307	0.0244272	0.0487349	0.234472	0.806408	0.996928	0.229168	0.151358	0.222671	0.144906	-1848.96	583.017	29.424	120.574	15.954	0.17137	0.021424	37.0364	1.75559	
0.0-2.4	6.5-30.0	0-100	1054.91	36.9776	183.108	22.2548	-1.38331	0.767049	3.09321	0.0355433	0.741105	16.831	0.163524	0.0050151	0.499966	0.00130772	0.0650733	0.0234858	0.0465961	0.232469	0.960595	0.948402	0.241935	0.155154	0.210415	0.153558	-2865.43	844.504	35.277	210.409	20.5567	0.199456	0.0181892	33.9681	1.57851	
1.2-1.6	5.5-30.0	0-100	376.462	22.7357	45.5447	13.6385	-1.0817	2.38699e-06	3.09235	0.0377968	1.60806	2.08232	0.35504	0.00618311	0.000467532	0.00264258	0.0249903	0.0735401	0.0401395	0.2988	0.999996	0.858137	0.416958	0.15953	0.295048	0.0262387	-911.723	309.964	22.1727	66.4977	12.5432	0.176639	0.0315647	60.9078	2.41893	
1.2-1.6	6.5-30.0	0-100	283.623	18.6442	35.383	9.96785	-1.86989	0.750385	3.09444	0.0367635	0.47788	29.9735	0.454996	0.00644866	0.00447721	0.00383831	0.0693052	0.0276206	0.0426359	0.315789	0.893183	0.981051	0.29252	0.234826	0.255079	0.23936	-706.214	226.356	17.9432	57.2663	10.7108	0.20191	0.035355	51.0022	2.4297	
1.6-2.4	3.0-30.0	0-100	1053.24	34.777	216.747	19.3143	-0.704598	2.53919e-07	3.09085	0.0472727	1.56198	29.9998	0.568884	0.00357618	0.327361	0.00408101	0.0545168	0.0191676	0.108765	0.265952	0.514021	0.800155	0.0484068	0.0861021	0.205935	0.0716293	-2380.93	916.095	35.5845	137.143	19.2816	0.130211	0.0177949	43.0019	1.37195	
1.6-2.4	6.5-30.0	0-100	341.889	19.9114	74.1153	11.3453	-1.41711	9.60511e-07	3.09307	0.0478097	1.85421	29.9988	0.171632	0.0281518	0.5	0.00124201	0.0347586	0.0347159	0.0518265	0.129764	0.999709	0.905305	0.145826	0.104069	0.184869	0.10708	-833.52	271.003	19.4085	70.8852	12.0261	0.207334	0.033038	34.7232	3.82397	
floatCB/_mb/fracfree
0.0-1.2	6.5-30.0	0-100	467.775	32.3714	35.1866	24.7973	-1.06431	0.897023	3.09295	0.02889	0.0933847	17.9215	0.272023	8.55429e-08	4.44194e-06	0.000682573	0.0185144	0.0422514	0.040004	0.0886877	0.903406	0.993814	0.200699	0.159312	0.21659	0.15311	-1369.24	366.474	28.2889	101.301	14.3604	0.216559	0.0267929	37.3205	1.06801	
0.0-2.4	0.0-30.0	0-100	2031.07	47.9759	407.934	26.0482	-0.464009	3.03647e-05	3.0925	0.0396831	1.30571	29.995	0.50088	1.49839e-05	0.499988	0.00305644	0.0315228	0.129446	0.102219	0.185062	0.516734	0.839199	0.0489244	0.182284	0.250399	0.0492341	-4854.87	1733.29	48.5888	297.777	27.0941	0.146611	0.0128825	94.1338	67.8128	
0.0-2.4	10.0-30.0	0-100	356.499	20.214	58.4962	10.5145	-1.13863	0.956203	3.09263	0.0331341	0.485626	29.9293	0.0299416	4.44592e-05	0.446997	-0.000413838	0.140477	0.0246012	0.0400001	0.0502678	0.999997	1.0	0.268407	0.0100007	0.208376	0.0206813	-1035.08	268.2	18.6821	88.299	11.9511	0.247684	0.0304398	34.3215	3.05691	
0.0-2.4	6.5-10.0	0-100	703.592	30.4957	119.408	18.5905	-1.45509	8.62865e-07	3.09236	0.0377382	1.68759	2.66462	0.229215	0.208051	1.66479e-05	0.00457713	0.0527769	0.036409	0.0487349	0.234472	0.99986	0.999965	0.319955	0.143317	0.196686	0.102434	-1822.24	633.495	31.8496	70.0968	16.4229	0.0996271	0.0229386	40.7458	1.56836	
0.0-2.4	6.5-30.0	0-100	1054.91	36.9776	183.108	22.2548	-1.38002	0.767049	3.09321	0.0355433	0.741105	16.831	0.163524	0.160461	9.65431e-11	0.00224244	0.0534136	0.0333914	0.0465961	0.232469	1.0	1.0	0.293547	0.297307	0.195032	0.164537	-2837.5	892.931	37.3963	161.982	21.238	0.15355	0.0193996	37.4058	1.07324	
1.2-1.6	5.5-30.0	0-100	376.462	22.7357	45.5447	13.6385	-1.13439	2.38699e-06	3.09235	0.0377968	1.60806	2.08232	0.35504	0.141867	8.57071e-09	0.00412733	0.0271456	0.0658432	0.0401395	0.2988	0.99958	0.999998	0.592387	0.0100008	0.282233	0.0203704	-906.14	327.171	23.533	49.2911	13.1245	0.130932	0.0339543	55.2968	2.26552	
1.2-1.6	6.5-30.0	0-100	283.623	18.6442	35.383	9.96785	-1.87967	0.750385	3.09444	0.0367635	0.47788	29.9735	0.454996	0.15811	3.97485e-05	0.0050418	0.0574235	0.0255313	0.0426359	0.315789	1.0	1.0	0.363392	0.341022	0.231447	0.235821	-698.383	243.051	19.3195	40.5714	11.1841	0.143047	0.0382954	43.0765	1.90054	
1.6-2.4	3.0-30.0	0-100	1053.24	34.777	216.747	19.3143	-0.70167	2.53919e-07	3.09085	0.0472727	1.56198	29.9998	0.568884	2.04259e-07	0.0858556	0.00306003	0.0436389	0.0957828	0.108765	0.265952	0.387331	0.891496	0.0450708	0.0975619	0.212583	0.084118	-2379.99	906.873	35.8556	146.365	20.3058	0.138967	0.0187254	70.9828	2.06556	
1.6-2.4	6.5-30.0	0-100	341.889	19.9114	74.1153	11.3453	-1.42874	9.60511e-07	3.09307	0.0478097	1.85421	29.9988	0.171632	0.128359	8.51812e-06	0.00182495	0.0400507	0.0400629	0.0518265	0.129764	0.999294	0.929314	0.185402	0.102491	0.184379	0.0960795	-834.107	275.606	19.8527	66.2821	12.3042	0.19387	0.0341719	40.0608	2.10443	
floatCB/_mb/fracfix
0.0-1.2	6.5-30.0	0-100	467.775	32.3714	35.1866	24.7973	-1.0593	0.897023	3.09295	0.02889	0.0933847	17.9215	0.272023	0.0157062	0.466033	0.000827381	0.0187086	0.044652	0.040004	0.0886877	0.897643	0.997517	0.204009	0.160433	0.216082	0.153501	-1369.51	367.402	28.4628	100.373	14.5578	0.214574	0.0273505	39.3275	3.66659	
0.0-2.4	0.0-30.0	0-100	2031.07	47.9759	407.934	26.0482	-0.464161	3.03647e-05	3.0925	0.0396831	1.30571	29.995	0.50088	0.023675	0.27439	0.0023032	0.0317997	0.0714738	0.102219	0.185062	0.51267	0.854666	0.00766501	0.189715	0.250208	0.0480195	-4859.0	1713.18	49.0878	317.891	28.7823	0.156514	0.0136803	55.2834	2.25539	
0.0-2.4	10.0-30.0	0-100	356.499	20.214	58.4962	10.5145	-1.13541	0.956203	3.09263	0.0331341	0.485626	29.9293	0.0299416	0.000119048	0.499996	-0.000261583	0.14112	0.0235858	0.0400001	0.0502678	0.999991	1.0	0.269167	0.0100246	0.208276	0.0499624	-1034.92	268.812	18.6884	87.687	11.9021	0.245967	0.0303335	33.7033	3.16554	
0.0-2.4	6.5-10.0	0-100	703.592	30.4957	119.408	18.5905	-1.4656	8.62865e-07	3.09236	0.0377382	1.68759	2.66462	0.229215	0.00766297	0.499947	0.00247573	0.06307	0.0244272	0.0487349	0.234472	0.806408	0.996928	0.229168	0.151358	0.222671	0.144906	-1848.96	583.017	29.424	120.574	15.954	0.17137	0.021424	37.0364	1.75559	
0.0-2.4	6.5-30.0	0-100	1054.91	36.9776	183.108	22.2548	-1.38331	0.767049	3.09321	0.0355433	0.741105	16.831	0.163524	0.0050151	0.499966	0.00130772	0.0650733	0.0234858	0.0465961	0.232469	0.960595	0.948402	0.241935	0.155154	0.210415	0.153558	-2865.43	844.504	35.277	210.409	20.5567	0.199456	0.0181892	33.9681	1.57851	
1.2-1.6	5.5-30.0	0-100	376.462	22.7357	45.5447	13.6385	-1.0817	2.38699e-06	3.09235	0.0377968	1.60806	2.08232	0.35504	0.00618311	0.000467532	0.00264258	0.0249903	0.0735401	0.0401395	0.2988	0.999996	0.858137	0.416958	0.15953	0.295048	0.0262387	-911.723	309.964	22.1727	66.4977	12.5432	0.176639	0.0315647	60.9078	2.41893	
1.2-1.6	6.5-30.0	0-100	283.623	18.6442	35.383	9.96785	-1.86989	0.750385	3.09444	0.0367635	0.47788	29.9735	0.454996	0.00644866	0.00447721	0.00383831	0.0693052	0.0276206	0.0426359	0.315789	0.893183	0.981051	0.29252	0.234826	0.255079	0.23936	-706.214	226.356	17.9432	57.2663	10.7108	0.20191	0.035355	51.0022	2.4297	
1.6-2.4	3.0-30.0	0-100	1053.24	34.777	216.747	19.3143	-0.704598	2.53919e-07	3.09085	0.0472727	1.56198	29.9998	0.568884	0.00357618	0.327361	0.00408101	0.0545168	0.0191676	0.108765	0.265952	0.514021	0.800155	0.0484068	0.0861021	0.205935	0.0716293	-2380.93	916.095	35.5845	137.143	19.2816	0.130211	0.0177949	43.0019	1.37195	
1.6-2.4	6.5-30.0	0-100	341.889	19.9114	74.1153	11.3453	-1.41711	9.60511e-07	3.09307	0.0478097	1.85421	29.9988	0.171632	0.0281518	0.5	0.00124201	0.0347586	0.0347159	0.0518265	0.129764	0.999709	0.905305	0.145826	0.104069	0.184869	0.10708	-833.52	271.003	19.4085	70.8852	12.0261	0.207334	0.033038	34.7232	3.82397	
floatCB/_pp_mb_pt/fracfree
0.0-1.2	6.5-30.0	0-100	467.775	32.3714	35.1866	24.7973	-1.08657	0.897023	3.09295	0.02889	0.0933847	17.9215	0.419987	3.22701e-07	4.19574e-09	0.00217756	0.0220865	0.048765	0.0637994	0.462152	0.876707	0.999523	0.178708	0.149546	0.218665	0.138254	-1361.82	384.046	28.9039	83.729	12.754	0.178994	0.024289	39.8015	1.29251	
0.0-2.4	0.0-30.0	0-100	2031.07	47.9759	407.934	26.0482	-0.457389	3.03647e-05	3.0925	0.0396831	1.30571	29.995	0.43698	0.0684913	0.131059	0.00498608	0.0310656	0.0808446	0.122739	0.399737	0.449696	0.981384	0.0623569	0.0981202	0.24827	0.0491182	-4812.67	1871.37	50.3171	159.695	24.3325	0.078626	0.0118353	64.0432	1.53414	
0.0-2.4	10.0-30.0	0-100	356.499	20.214	58.4962	10.5145	-1.13158	0.956203	3.09263	0.0331341	0.485626	29.9293	0.570089	3.82572e-11	2.85264e-08	0.00097988	0.0504965	0.0212114	0.0929816	0.44208	0.999996	1.0	0.272418	0.0969793	0.204106	0.0203525	-1023.35	281.178	18.8106	75.3211	10.8579	0.21128	0.028002	40.5844	1.48373	
0.0-2.4	6.5-10.0	0-100	703.592	30.4957	119.408	18.5905	-1.42711	8.62865e-07	3.09236	0.0377382	1.68759	2.66462	0.0453778	2.33089e-08	6.33938e-09	0.00399204	0.140635	0.0450485	0.0570129	0.462294	0.821636	0.980226	0.235702	0.151687	0.223979	0.145808	-1833.69	604.414	29.462	99.1774	14.1492	0.140959	0.0191594	53.2425	1.93383	
0.0-2.4	6.5-30.0	0-100	1054.91	36.9776	183.108	22.2548	-1.35283	0.767049	3.09321	0.0355433	0.741105	16.831	0.0576873	7.50043e-11	8.60503e-10	0.00239039	0.124917	0.0394953	0.0456571	0.403545	0.931197	0.958846	0.243904	0.154479	0.212879	0.153557	-2846.54	875.74	35.1874	179.173	18.3107	0.169846	0.0163046	48.6833	1.47968	
1.2-1.6	5.5-30.0	0-100	376.462	22.7357	45.5447	13.6385	-1.12211	2.38699e-06	3.09235	0.0377968	1.60806	2.08232	0.0580498	0.119093	3.08798e-06	0.00313942	0.127831	0.0488564	0.04823	0.406551	0.997879	1.0	0.59856	1.02875	0.280972	0.0200484	-895.218	336.609	23.3438	39.8528	11.7245	0.105862	0.0304807	56.5417	2.5362	
1.2-1.6	6.5-30.0	0-100	283.623	18.6442	35.383	9.96785	-1.85216	0.750385	3.09444	0.0367635	0.47788	29.9735	0.0383235	0.132036	1.36356e-05	0.00384911	0.0978783	0.0427047	0.0480127	0.432113	1.0	1.0	0.356967	0.239623	0.228112	0.20053	-691.213	247.0	18.9859	36.6225	10.1305	0.129124	0.0346949	46.0538	2.13061	
1.6-2.4	3.0-30.0	0-100	1053.24	34.777	216.747	19.3143	-0.695129	2.53919e-07	3.09085	0.0472727	1.56198	29.9998	0.522702	1.09382e-08	0.258998	0.00594237	0.0645456	0.0287286	0.1245	0.388323	0.430746	0.838849	0.0235444	0.0905919	0.210774	0.0746018	-2368.6	956.329	34.932	96.9092	15.2763	0.0920108	0.0141824	50.7107	1.32198	
1.6-2.4	6.5-30.0	0-100	341.889	19.9114	74.1153	11.3453	-1.36349	9.60511e-07	3.09307	0.0478097	1.85421	29.9988	0.0896181	2.56075e-07	2.01451e-05	0.00429937	0.143169	0.0425199	0.0502651	0.356581	0.99974	0.897355	0.154977	0.105255	0.187441	0.107928	-826.458	290.224	19.8307	51.6647	10.7989	0.151115	0.0303352	59.0156	3.72722	
floatCB/_pp_mb_pt/fracfix
0.0-1.2	6.5-30.0	0-100	467.775	32.3714	35.1866	24.7973	-1.0837	0.897023	3.09295	0.02889	0.0933847	17.9215	0.419987	0.00152105	0.0572989	0.00217742	0.022282	0.0468276	0.0637994	0.462152	0.877574	0.999306	0.17894	0.149325	0.217919	0.137716	-1361.69	384.413	28.9277	83.3615	12.7433	0.178209	0.0242911	38.4758	1.45578	
0.0-2.4	0.0-30.0	0-100	2031.07	47.9759	407.934	26.0482	-0.457198	3.03647e-05	3.0925	0.0396831	1.30571	29.995	0.43698	0.00616313	0.111888	0.00422959	0.0301041	0.0844876	0.122739	0.399737	0.619002	0.855936	0.127847	0.184738	0.250284	0.0432571	-4833.42	1804.36	48.5253	226.71	23.8085	0.111621	0.0114218	66.445	1.48603	
0.0-2.4	10.0-30.0	0-100	356.499	20.214	58.4962	10.5145	-1.12948	0.956203	3.09263	0.0331341	0.485626	29.9293	0.570089	0.00148188	0.0263367	0.000294055	0.0256869	0.040906	0.0929816	0.44208	0.999998	1.0	0.261209	0.0969793	0.203603	0.0201435	-1031.74	277.057	18.6847	79.4424	11.0734	0.22284	0.0283755	33.0987	1.63632	
0.0-2.4	6.5-10.0	0-100	703.592	30.4957	119.408	18.5905	-1.42847	8.62865e-07	3.09236	0.0377382	1.68759	2.66462	0.0453778	0.00255254	0.41412	0.00394281	0.134608	0.0339837	0.0570129	0.462294	0.842039	0.973729	0.230677	0.152045	0.223399	0.147105	-1836.79	606.94	29.5008	96.6512	13.9932	0.137368	0.0189762	43.8715	2.45354	
0.0-2.4	6.5-30.0	0-100	1054.91	36.9776	183.108	22.2548	-1.35063	0.767049	3.09321	0.0355433	0.741105	16.831	0.0576873	0.00287035	0.43933	0.00215505	0.119912	0.0311043	0.0456571	0.403545	0.995772	0.93149	0.237806	0.155426	0.210608	0.153059	-2849.36	875.513	35.1434	179.4	18.2421	0.170061	0.0162326	41.7271	1.78161	
1.2-1.6	5.5-30.0	0-100	376.462	22.7357	45.5447	13.6385	-1.09398	2.38699e-06	3.09235	0.0377968	1.60806	2.08232	0.0580498	0.0033829	0.462712	0.00123819	0.15945	0.0554197	0.04823	0.406551	0.494629	0.856748	4.16818e-08	0.156995	0.289011	0.0223489	-903.54	315.588	22.038	60.8741	11.659	0.1617	0.0293899	66.0979	4.04078	
1.2-1.6	6.5-30.0	0-100	283.623	18.6442	35.383	9.96785	-1.85591	0.750385	3.09444	0.0367635	0.47788	29.9735	0.0383235	0.00256351	0.433601	0.00155924	0.131327	0.0373024	0.0480127	0.432113	0.914575	0.970233	0.286845	0.238469	0.254705	0.241813	-700.147	228.258	17.4917	55.3649	9.69854	0.195206	0.0316962	44.7113	4.06072	
1.6-2.4	3.0-30.0	0-100	1053.24	34.777	216.747	19.3143	-0.69054	2.53919e-07	3.09085	0.0472727	1.56198	29.9998	0.522702	0.00784974	0.160954	0.00575592	0.0745261	0.0327202	0.1245	0.388323	0.41091	0.84418	0.000166447	0.093721	0.209139	0.0795923	-2368.28	955.202	35.0347	98.0361	15.593	0.0930807	0.0144823	58.4308	1.42545	
1.6-2.4	6.5-30.0	0-100	341.889	19.9114	74.1153	11.3453	-1.36483	9.60511e-07	3.09307	0.0478097	1.85421	29.9988	0.0896181	0.00465679	0.5	0.0043584	0.141616	0.035721	0.0502651	0.356581	0.999676	0.903191	0.15762	0.10523	0.185676	0.11419	-825.807	292.328	19.8712	49.5602	10.6463	0.14496	0.0299733	54.3962	4.44261	
floatCB/_pp_mb/fracfree
0.0-1.2	6.5-30.0	0-100	467.775	32.3714	35.1866	24.7973	-1.08657	0.897023	3.09295	0.02889	0.0933847	17.9215	0.419987	3.22701e-07	4.19574e-09	0.00217756	0.0220865	0.048765	0.0637994	0.462152	0.876707	0.999523	0.178708	0.149546	0.218665	0.138254	-1361.82	384.046	28.9039	83.729	12.754	0.178994	0.024289	39.8015	1.29251	
0.0-2.4	0.0-30.0	0-100	2031.07	47.9759	407.934	26.0482	-0.457389	3.03647e-05	3.0925	0.0396831	1.30571	29.995	0.43698	0.0684913	0.131059	0.00498608	0.0310656	0.0808446	0.122739	0.399737	0.449696	0.981384	0.0623569	0.0981202	0.24827	0.0491182	-4812.67	1871.37	50.3171	159.695	24.3325	0.078626	0.0118353	64.0432	1.53414	
0.0-2.4	10.0-30.0	0-100	356.499	20.214	58.4962	10.5145	-1.13158	0.956203	3.09263	0.0331341	0.485626	29.9293	0.570089	3.82572e-11	2.85264e-08	0.00097988	0.0504965	0.0212114	0.0929816	0.44208	0.999996	1.0	0.272418	0.0969793	0.204106	0.0203525	-1023.35	281.178	18.8106	75.3211	10.8579	0.21128	0.028002	40.5844	1.48373	
0.0-2.4	6.5-10.0	0-100	703.592	30.4957	119.408	18.5905	-1.42711	8.62865e-07	3.09236	0.0377382	1.68759	2.66462	0.0453778	2.33089e-08	6.33938e-09	0.00399204	0.140635	0.0450485	0.0570129	0.462294	0.821636	0.980226	0.235702	0.151687	0.223979	0.145808	-1833.69	604.414	29.462	99.1774	14.1492	0.140959	0.0191594	53.2425	1.93383	
0.0-2.4	6.5-30.0	0-100	1054.91	36.9776	183.108	22.2548	-1.35283	0.767049	3.09321	0.0355433	0.741105	16.831	0.0576873	7.50043e-11	8.60503e-10	0.00239039	0.124917	0.0394953	0.0456571	0.403545	0.931197	0.958846	0.243904	0.154479	0.212879	0.153557	-2846.54	875.74	35.1874	179.173	18.3107	0.169846	0.0163046	48.6833	1.47968	
1.2-1.6	5.5-30.0	0-100	376.462	22.7357	45.5447	13.6385	-1.12211	2.38699e-06	3.09235	0.0377968	1.60806	2.08232	0.0580498	0.119093	3.08798e-06	0.00313942	0.127831	0.0488564	0.04823	0.406551	0.997879	1.0	0.59856	1.02875	0.280972	0.0200484	-895.218	336.609	23.3438	39.8528	11.7245	0.105862	0.0304807	56.5417	2.5362	
1.2-1.6	6.5-30.0	0-100	283.623	18.6442	35.383	9.96785	-1.85216	0.750385	3.09444	0.0367635	0.47788	29.9735	0.0383235	0.132036	1.36356e-05	0.00384911	0.0978783	0.0427047	0.0480127	0.432113	1.0	1.0	0.356967	0.239623	0.228112	0.20053	-691.213	247.0	18.9859	36.6225	10.1305	0.129124	0.0346949	46.0538	2.13061	
1.6-2.4	3.0-30.0	0-100	1053.24	34.777	216.747	19.3143	-0.695129	2.53919e-07	3.09085	0.0472727	1.56198	29.9998	0.522702	1.09382e-08	0.258998	0.00594237	0.0645456	0.0287286	0.1245	0.388323	0.430746	0.838849	0.0235444	0.0905919	0.210774	0.0746018	-2368.6	956.329	34.932	96.9092	15.2763	0.0920108	0.0141824	50.7107	1.32198	
1.6-2.4	6.5-30.0	0-100	341.889	19.9114	74.1153	11.3453	-1.36349	9.60511e-07	3.09307	0.0478097	1.85421	29.9988	0.0896181	2.56075e-07	2.01451e-05	0.00429937	0.143169	0.0425199	0.0502651	0.356581	0.99974	0.897355	0.154977	0.105255	0.187441	0.107928	-826.458	290.224	19.8307	51.6647	10.7989	0.151115	0.0303352	59.0156	3.72722	
floatCB/_pp_mb/fracfix
0.0-1.2	6.5-30.0	0-100	467.775	32.3714	35.1866	24.7973	-1.0837	0.897023	3.09295	0.02889	0.0933847	17.9215	0.419987	0.00152105	0.0572989	0.00217742	0.022282	0.0468276	0.0637994	0.462152	0.877574	0.999306	0.17894	0.149325	0.217919	0.137716	-1361.69	384.413	28.9277	83.3615	12.7433	0.178209	0.0242911	38.4758	1.45578	
0.0-2.4	0.0-30.0	0-100	2031.07	47.9759	407.934	26.0482	-0.457198	3.03647e-05	3.0925	0.0396831	1.30571	29.995	0.43698	0.00616313	0.111888	0.00422959	0.0301041	0.0844876	0.122739	0.399737	0.619002	0.855936	0.127847	0.184738	0.250284	0.0432571	-4833.42	1804.36	48.5253	226.71	23.8085	0.111621	0.0114218	66.445	1.48603	
0.0-2.4	10.0-30.0	0-100	356.499	20.214	58.4962	10.5145	-1.12948	0.956203	3.09263	0.0331341	0.485626	29.9293	0.570089	0.00148188	0.0263367	0.000294055	0.0256869	0.040906	0.0929816	0.44208	0.999998	1.0	0.261209	0.0969793	0.203603	0.0201435	-1031.74	277.057	18.6847	79.4424	11.0734	0.22284	0.0283755	33.0987	1.63632	
0.0-2.4	6.5-10.0	0-100	703.592	30.4957	119.408	18.5905	-1.42847	8.62865e-07	3.09236	0.0377382	1.68759	2.66462	0.0453778	0.00255254	0.41412	0.00394281	0.134608	0.0339837	0.0570129	0.462294	0.842039	0.973729	0.230677	0.152045	0.223399	0.147105	-1836.79	606.94	29.5008	96.6512	13.9932	0.137368	0.0189762	43.8715	2.45354	
0.0-2.4	6.5-30.0	0-100	1054.91	36.9776	183.108	22.2548	-1.35063	0.767049	3.09321	0.0355433	0.741105	16.831	0.0576873	0.00287035	0.43933	0.00215505	0.119912	0.0311043	0.0456571	0.403545	0.995772	0.93149	0.237806	0.155426	0.210608	0.153059	-2849.36	875.513	35.1434	179.4	18.2421	0.170061	0.0162326	41.7271	1.78161	
1.2-1.6	5.5-30.0	0-100	376.462	22.7357	45.5447	13.6385	-1.09398	2.38699e-06	3.09235	0.0377968	1.60806	2.08232	0.0580498	0.0033829	0.462712	0.00123819	0.15945	0.0554197	0.04823	0.406551	0.494629	0.856748	4.16818e-08	0.156995	0.289011	0.0223489	-903.54	315.588	22.038	60.8741	11.659	0.1617	0.0293899	66.0979	4.04078	
1.2-1.6	6.5-30.0	0-100	283.623	18.6442	35.383	9.96785	-1.85591	0.750385	3.09444	0.0367635	0.47788	29.9735	0.0383235	0.00256351	0.433601	0.00155924	0.131327	0.0373024	0.0480127	0.432113	0.914575	0.970233	0.286845	0.238469	0.254705	0.241813	-700.147	228.258	17.4917	55.3649	9.69854	0.195206	0.0316962	44.7113	4.06072	
1.6-2.4	3.0-30.0	0-100	1053.24	34.777	216.747	19.3143	-0.69054	2.53919e-07	3.09085	0.0472727	1.56198	29.9998	0.522702	0.00784974	0.160954	0.00575592	0.0745261	0.0327202	0.1245	0.388323	0.41091	0.84418	0.000166447	0.093721	0.209139	0.0795923	-2368.28	955.202	35.0347	98.0361	15.593	0.0930807	0.0144823	58.4308	1.42545	
1.6-2.4	6.5-30.0	0-100	341.889	19.9114	74.1153	11.3453	-1.36483	9.60511e-07	3.09307	0.0478097	1.85421	29.9988	0.0896181	0.00465679	0.5	0.0043584	0.141616	0.035721	0.0502651	0.356581	0.999676	0.903191	0.15762	0.10523	0.185676	0.11419	-825.807	292.328	19.8712	49.5602	10.6463	0.14496	0.0299733	54.3962	4.44261	
poly1/_mb_pt/fracfree
0.0-1.2	6.5-30.0	0-100	457.809	34.2424	45.1954	27.5514	-0.257678	0.441779	3.09274	0.0285925	1.79834	1.00026	0.272023	8.55429e-08	4.44194e-06	0.000639501	0.0184704	0.0421392	0.040004	0.0886877	0.903406	0.993814	0.217164	0.159312	0.21659	0.15311	-1372.26	361.78	29.6513	96.0286	14.0911	0.209757	0.0264806	37.222	1.06319	
0.0-2.4	0.0-30.0	0-100	2029.45	47.8238	409.551	25.8321	-0.193855	5.62907e-07	3.09249	0.0396629	1.30907	29.9999	0.50088	1.49839e-05	0.499988	0.00305967	0.031517	0.129672	0.102219	0.185062	0.516734	0.839199	0.0497394	0.182284	0.250399	0.0492341	-4854.97	1732.19	48.4797	297.266	27.0773	0.146476	0.0128879	94.2878	67.8244	
0.0-2.4	10.0-30.0	0-100	364.611	0.173643	77.6385	1.53592	-0.252075	0.999999	3.09008	0.0303996	0.799782	8.25296	0.0299416	4.44592e-05	0.446997	-0.000478004	0.141247	0.024524	0.0400001	0.0502678	0.999997	1.0	0.318935	0.0100007	0.208376	0.0206813	-1032.3	275.345	11.2259	89.2657	11.2252	0.244825	0.0307866	34.3625	3.09968	
0.0-2.4	6.5-10.0	0-100	694.313	29.5182	128.665	17.4813	-0.270593	6.26262e-06	3.09235	0.0375232	1.64219	3.7974	0.229215	0.208051	1.66479e-05	0.00454501	0.0527217	0.0363936	0.0487349	0.234472	0.99986	0.999965	0.347044	0.143317	0.196686	0.102434	-1823.13	626.288	31.046	68.0253	16.2255	0.0979749	0.0229949	40.7188	1.56935	
0.0-2.4	6.5-30.0	0-100	1051.11	35.7421	186.947	20.3277	-0.266575	9.46178e-06	3.09239	0.036159	1.81509	3.23153	0.163524	0.160461	9.65431e-11	0.0022438	0.0533875	0.0333954	0.0465961	0.232469	1.0	1.0	0.297028	0.297307	0.195032	0.164537	-2839.39	890.957	36.5481	160.149	21.1553	0.152362	0.0194484	37.4027	1.07407	
1.2-1.6	5.5-30.0	0-100	166.922	0.157795	153.996	1.57504	-0.240477	0.999984	3.09197	0.0256291	0.699311	7.87945	0.35504	0.141867	8.57071e-09	0.00436456	0.0273795	0.0662344	0.0401395	0.2988	0.99958	0.999998	0.751978	0.0100008	0.282233	0.0203704	-827.29	148.093	6.60401	18.8288	6.60255	0.1128	0.0395546	55.638	2.27479	
1.2-1.6	6.5-30.0	0-100	289.186	0.0389473	71.1521	0.343433	-0.279249	0.999965	3.09079	0.0337575	0.723796	8.09663	0.454996	0.15811	3.97485e-05	0.00518975	0.0575631	0.0257203	0.0426359	0.315789	1.0	1.0	0.590718	0.341022	0.231447	0.235821	-689.601	247.223	11.5201	41.9624	11.5201	0.145105	0.0398363	43.2223	1.90015	
1.6-2.4	3.0-30.0	0-100	1051.18	34.7292	218.866	19.3349	-0.220591	2.79553e-06	3.09082	0.0471875	1.56917	29.9995	0.568884	2.04259e-07	0.0858556	0.00306112	0.0436008	0.0956144	0.108765	0.265952	0.387331	0.891496	0.0455414	0.0975619	0.212583	0.084118	-2379.98	905.348	35.8168	145.834	20.2827	0.138733	0.0187428	70.8715	2.06661	
1.6-2.4	6.5-30.0	0-100	323.297	0.109739	97.5342	1.01395	-0.24859	0.0460242	3.09401	0.0342435	1.68912	15.541	0.171632	0.128359	8.51812e-06	0.00152692	0.0396503	0.0396768	0.0518265	0.129764	0.999294	0.929314	0.255711	0.102491	0.184379	0.0960795	-818.044	265.265	11.2662	58.0319	11.2658	0.179501	0.0348467	39.6722	2.16398	
poly1/_mb_pt/fracfix
0.0-1.2	6.5-30.0	0-100	457.809	34.2424	45.1954	27.5514	-0.257694	0.441779	3.09274	0.0285925	1.79834	1.00026	0.272023	0.0157062	0.466033	0.000766737	0.0186947	0.0441509	0.040004	0.0886877	0.897643	0.997517	0.218847	0.160433	0.216082	0.153501	-1372.51	362.578	29.8121	95.2309	14.2841	0.208015	0.0270449	38.9117	3.68761	
0.0-2.4	0.0-30.0	0-100	2029.45	47.8238	409.551	25.8321	-0.194099	5.62907e-07	3.09249	0.0396629	1.30907	29.9999	0.50088	0.023675	0.27439	0.00230028	0.0317936	0.0713885	0.102219	0.185062	0.51267	0.854666	0.00834953	0.189715	0.250208	0.0480195	-4859.11	1712.19	48.9728	317.264	28.7455	0.15633	0.0136767	55.2267	2.24447	
0.0-2.4	10.0-30.0	0-100	364.611	0.173643	77.6385	1.53592	-0.252136	0.999999	3.09008	0.0303996	0.799782	8.25296	0.0299416	0.000119048	0.499996	-0.000354941	0.142344	0.023487	0.0400001	0.0502678	0.999991	1.0	0.319917	0.0100246	0.208276	0.0499624	-1032.15	275.888	11.1938	88.7231	11.1931	0.243337	0.0306987	33.7904	3.23959	
0.0-2.4	6.5-10.0	0-100	694.313	29.5182	128.665	17.4813	-0.270681	6.26262e-06	3.09235	0.0375232	1.64219	3.7974	0.229215	0.00766297	0.499947	0.0024498	0.0628222	0.0244186	0.0487349	0.234472	0.806408	0.996928	0.256989	0.151358	0.222671	0.144906	-1849.7	576.308	28.6853	118.005	15.7385	0.16996	0.0214852	36.9354	1.75467	
0.0-2.4	6.5-30.0	0-100	1051.11	35.7421	186.947	20.3277	-0.266719	9.46178e-06	3.09239	0.036159	1.81509	3.23153	0.163524	0.0050151	0.499966	0.00130826	0.0648737	0.0234887	0.0465961	0.232469	0.960595	0.948402	0.245189	0.155154	0.210415	0.153558	-2867.35	842.51	34.4663	208.596	20.4322	0.198454	0.0182298	33.9073	1.57214	
1.2-1.6	5.5-30.0	0-100	166.922	0.157795	153.996	1.57504	-0.24098	0.999984	3.09197	0.0256291	0.699311	7.87945	0.35504	0.00618311	0.000467532	0.00282725	0.0252945	0.0699216	0.0401395	0.2988	0.999996	0.858137	0.63278	0.15953	0.295048	0.0262387	-833.75	139.391	6.13178	27.5309	6.13041	0.164933	0.036726	58.1411	2.4768	
1.2-1.6	6.5-30.0	0-100	289.186	0.0389473	71.1521	0.343433	-0.279262	0.999965	3.09079	0.0337575	0.723796	8.09663	0.454996	0.00644866	0.00447721	0.00404008	0.0692442	0.0278757	0.0426359	0.315789	0.893183	0.981051	0.52083	0.234826	0.255079	0.23936	-696.854	230.451	10.6491	58.7346	10.6491	0.203103	0.0368243	51.0401	2.43226	
1.6-2.4	3.0-30.0	0-100	1051.18	34.7292	218.866	19.3349	-0.22066	2.79553e-06	3.09082	0.0471875	1.56917	29.9995	0.568884	0.00357618	0.327361	0.00408843	0.0544668	0.0191374	0.108765	0.265952	0.514021	0.800155	0.0492639	0.0861021	0.205935	0.0716293	-2380.9	914.681	35.5498	136.5	19.2592	0.129854	0.0178121	42.96	1.37351	
1.6-2.4	6.5-30.0	0-100	323.297	0.109739	97.5342	1.01395	-0.248532	0.0460242	3.09401	0.0342435	1.68912	15.541	0.171632	0.0281518	0.5	0.000937524	0.0339979	0.0339935	0.0518265	0.129764	0.999709	0.905305	0.216168	0.104069	0.184869	0.10708	-817.804	260.957	10.8801	62.3399	10.8798	0.192826	0.0336526	33.9942	3.81765	
poly2/_mb_pt/fracfree
0.0-1.2	6.5-30.0	0-100	457.733	96.5809	45.2759	100.105	-0.257647	3.32684e-07	0.440072	3.09275	0.0285881	1.79909	1.00001	0.272023	8.55429e-08	4.44194e-06	0.000638275	0.0184705	0.042136	0.040004	0.0886877	0.903406	0.993814	0.217073	0.159312	0.21659	0.15311	-1372.26	361.712	77.2783	96.0208	23.6128	0.209775	0.026496	37.2195	1.06311	
0.0-2.4	0.0-30.0	0-100	2029.48	48.733	409.487	27.4759	-0.193734	3.30353e-07	8.09462e-07	3.09249	0.0396627	1.30929	29.9814	0.50088	1.49839e-05	0.499988	0.00305966	0.031517	0.129641	0.102219	0.185062	0.516734	0.839199	0.0497442	0.182284	0.250399	0.0492341	-4854.97	1732.21	49.1359	297.274	27.114	0.146478	0.0128887	94.2662	67.7844	
0.0-2.4	10.0-30.0	0-100	354.76	20.107	60.2103	10.4735	-0.256921	3.69245e-05	0.962668	3.09254	0.0330679	0.535811	28.6404	0.0299416	4.44592e-05	0.446997	-0.000405414	0.140745	0.0246001	0.0400001	0.0502678	0.999997	1.0	0.276126	0.0100007	0.208376	0.0206813	-1035.27	267.189	18.6086	87.5701	11.8988	0.246844	0.0304831	34.3536	3.07113	
0.0-2.4	6.5-10.0	0-100	694.416	30.0717	128.576	18.3713	-0.270625	5.17563e-06	1.65429e-06	3.09236	0.037524	1.64062	3.80255	0.229215	0.208051	1.66479e-05	0.00454682	0.0526994	0.0364022	0.0487349	0.234472	0.99986	0.999965	0.346916	0.143317	0.196686	0.102434	-1823.13	626.372	31.476	68.0436	16.2374	0.0979869	0.0229946	40.7181	1.57168	
0.0-2.4	6.5-30.0	0-100	1051.1	35.8487	186.888	20.5131	-0.266476	7.66991e-07	2.17394e-08	3.09239	0.0361548	1.81489	3.22422	0.163524	0.160461	9.65431e-11	0.00224366	0.0533574	0.0334038	0.0465961	0.232469	1.0	1.0	0.297191	0.297307	0.195032	0.164537	-2839.39	890.879	36.6219	160.225	21.162	0.152435	0.0194503	37.402	1.075	
1.2-1.6	5.5-30.0	0-100	161.428	0.226835	157.61	2.27204	945.641	1.79791e-05	0.999987	3.09197	0.0251778	0.698112	7.86831	0.35504	0.141867	8.57071e-09	0.0043915	0.0273639	0.0662606	0.0401395	0.2988	0.99958	0.999998	0.752718	0.0100008	0.282233	0.0203704	-819.148	143.648	6.41671	17.7797	6.41358	0.11014	0.0397299	55.6554	2.26969	
1.2-1.6	6.5-30.0	0-100	289.186	0.0388229	71.152	0.342122	-0.279249	1.52139e-09	0.999965	3.09079	0.0337575	0.723796	8.09663	0.454996	0.15811	3.97485e-05	0.00518975	0.0575631	0.0257203	0.0426359	0.315789	1.0	1.0	0.590718	0.341022	0.231447	0.235821	-689.601	247.223	11.5204	41.9624	11.5203	0.145105	0.0398372	43.2223	1.90015	
1.6-2.4	3.0-30.0	0-100	1062.32	34.758	207.676	18.8042	-0.551782	0.0812226	1.64326e-08	3.09096	0.0476124	1.52677	29.999	0.568884	2.04259e-07	0.0858556	0.0030631	0.0437641	0.0964289	0.108765	0.265952	0.387331	0.891496	0.0435649	0.0975619	0.212583	0.084118	-2379.74	913.818	35.8754	148.499	20.4129	0.139788	0.0186632	71.4026	2.06336	
1.6-2.4	6.5-30.0	0-100	337.505	19.6038	78.4835	11.1956	-0.265786	2.36591e-05	0.98888	3.09274	0.0478848	2.48781	20.9176	0.171632	0.128359	8.51812e-06	0.00189375	0.0400072	0.0399909	0.0518265	0.129764	0.999294	0.929314	0.204608	0.102491	0.184379	0.0960795	-833.851	272.915	19.6288	64.5907	12.1686	0.191377	0.0342982	39.9937	2.09279	
poly2/_mb_pt/fracfix
0.0-1.2	6.5-30.0	0-100	457.733	96.5809	45.2759	100.105	-0.257686	1.09349e-05	0.440072	3.09275	0.0285881	1.79909	1.00001	0.272023	0.0157062	0.466033	0.000766161	0.0186964	0.0441425	0.040004	0.0886877	0.897643	0.997517	0.219102	0.160433	0.216082	0.153501	-1372.51	362.503	242.877	95.23	231.393	0.208047	0.503609	38.9049	12.7754	
0.0-2.4	0.0-30.0	0-100	2029.48	48.733	409.487	27.4759	-0.19403	2.04779e-10	8.09462e-07	3.09249	0.0396627	1.30929	29.9814	0.50088	0.023675	0.27439	0.00230795	0.0317937	0.0714415	0.102219	0.185062	0.51267	0.854666	0.00896484	0.189715	0.250208	0.0480195	-4859.11	1712.05	49.6125	317.438	28.7997	0.156413	0.0136846	55.2609	2.2527	
0.0-2.4	10.0-30.0	0-100	354.76	20.107	60.2103	10.4735	-0.257244	8.19309e-05	0.962668	3.09254	0.0330679	0.535811	28.6404	0.0299416	0.000119048	0.499996	-0.00026976	0.141544	0.0235772	0.0400001	0.0502678	0.999991	1.0	0.277602	0.0100246	0.208276	0.0499624	-1035.11	267.744	18.5295	87.0152	11.7209	0.245279	0.0299719	33.7507	3.15797	
0.0-2.4	6.5-10.0	0-100	694.416	30.0717	128.576	18.3713	-0.270833	4.67946e-05	1.65429e-06	3.09236	0.037524	1.64062	3.80255	0.229215	0.00766297	0.499947	0.00244275	0.0628058	0.0244269	0.0487349	0.234472	0.806408	0.996928	0.256818	0.151358	0.222671	0.144906	-1849.7	576.372	57.6217	118.044	52.1862	0.16999	0.0747898	36.9332	4.04076	
0.0-2.4	6.5-30.0	0-100	1051.1	35.8487	186.888	20.5131	-0.266672	9.21326e-09	2.17394e-08	3.09239	0.0361548	1.81489	3.22422	0.163524	0.0050151	0.499966	0.00130746	0.0648936	0.0234898	0.0465961	0.232469	0.960595	0.948402	0.244999	0.155154	0.210415	0.153558	-2867.36	842.523	34.5388	208.581	20.4412	0.19844	0.0182317	33.9142	1.57303	
1.2-1.6	5.5-30.0	0-100	161.428	0.226835	157.61	2.27204	-0.237779	3.17575e-08	0.999987	3.09197	0.0251778	0.698112	7.86831	0.35504	0.00618311	0.000467532	0.00285286	0.0252985	0.0698547	0.0401395	0.2988	0.999996	0.858137	0.636507	0.15953	0.295048	0.0262387	-828.246	134.903	5.97352	26.5249	5.97063	0.164314	0.0369856	58.0898	2.47733	
1.2-1.6	6.5-30.0	0-100	289.186	0.0388229	71.152	0.342122	-0.279262	5.29262e-11	0.999965	3.09079	0.0337575	0.723796	8.09663	0.454996	0.00644866	0.00447721	0.00404055	0.0692456	0.0278758	0.0426359	0.315789	0.893183	0.981051	0.520811	0.234826	0.255079	0.23936	-696.854	230.452	10.6491	58.7343	10.6491	0.203102	0.0368244	51.041	2.43233	
1.6-2.4	3.0-30.0	0-100	1062.32	34.758	207.676	18.8042	-0.557995	0.082753	1.64326e-08	3.09096	0.0476124	1.52677	29.999	0.568884	0.00357618	0.327361	0.00404763	0.0547121	0.0192997	0.108765	0.265952	0.514021	0.800155	0.0446188	0.0861021	0.205935	0.0716293	-2380.74	922.527	35.5808	139.789	19.3863	0.131589	0.0177339	43.1682	1.36629	
1.6-2.4	6.5-30.0	0-100	337.505	19.6038	78.4835	11.1956	-0.266505	0.000172436	0.98888	3.09274	0.0478848	2.48781	20.9176	0.171632	0.0281518	0.5	0.00129041	0.0346377	0.0346437	0.0518265	0.129764	0.999709	0.905305	0.163817	0.104069	0.184869	0.10708	-833.31	268.287	19.1904	69.218	11.8995	0.205087	0.0331837	34.6427	3.74992	
singleCB/_mb/fracfree
0.0-1.2	6.5-30.0	0-100	454.365	28.131	48.5463	19.6321	-1.42484	0.05	3.09286	0.0284079	1.94914	1.33638	0.272023	8.55429e-08	4.44194e-06	0.000645348	0.0184394	0.0421319	0.040004	0.0886877	0.903406	0.993814	0.229497	0.159312	0.21659	0.15311	-1373.02	359.643	25.2741	94.7215	13.3183	0.20847	0.0263173	37.2119	1.0612	
0.0-2.4	0.0-30.0	0-100	2030.9	47.872	408.039	25.8668	-0.4639	0.05	3.0925	0.0396795	1.30545	29.9992	0.50088	1.49839e-05	0.499988	0.00305651	0.0315226	0.129454	0.102219	0.185062	0.516734	0.839199	0.0489437	0.182284	0.250399	0.0492341	-4854.87	1733.15	48.5136	297.743	27.0888	0.146607	0.0128829	94.1386	67.6729	
0.0-2.4	10.0-30.0	0-100	357.864	20.5201	57.1361	10.9694	-1.13703	0.05	3.09238	0.033471	2.35288	1.91769	0.0299416	4.44592e-05	0.446997	-0.000413225	0.140453	0.0246086	0.0400001	0.0502678	0.999997	1.0	0.260397	0.0100007	0.208376	0.0206813	-1035.36	269.09	18.887	88.7743	12.023	0.248067	0.0304368	34.3236	3.05627	
0.0-2.4	6.5-10.0	0-100	703.631	30.4585	119.535	18.5318	-1.4562	0.05	3.09236	0.0377411	1.68625	2.68162	0.229215	0.208051	1.66479e-05	0.0045769	0.0527769	0.0364088	0.0487349	0.234472	0.99986	0.999965	0.320336	0.143317	0.196686	0.102434	-1822.24	633.533	31.8211	70.0986	16.4229	0.099624	0.0229383	40.7457	1.56827	
0.0-2.4	6.5-30.0	0-100	1061.3	36.5986	176.683	21.3242	-1.35996	0.05	3.09241	0.0363362	1.83855	2.51363	0.163524	0.160461	9.65431e-11	0.00226832	0.0534417	0.0334085	0.0465961	0.232469	1.0	1.0	0.278917	0.297307	0.195032	0.164537	-2838.36	898.1	37.1918	163.197	21.3474	0.153771	0.0194029	37.4251	1.07374	
1.2-1.6	5.5-30.0	0-100	376.399	22.6903	45.5601	13.5625	-1.13556	0.05	3.09235	0.0378036	1.60824	2.08494	0.35504	0.141867	8.57071e-09	0.00412732	0.0271456	0.0658433	0.0401395	0.2988	0.99958	0.999998	0.592475	0.0100008	0.282233	0.0203704	-906.141	327.118	23.4987	49.2813	13.1208	0.130928	0.0339534	55.2969	2.26553	
1.2-1.6	6.5-30.0	0-100	290.464	21.1527	28.5441	13.6172	-1.58462	0.05	3.09282	0.0380764	1.81016	1.20737	0.454996	0.15811	3.97485e-05	0.00510272	0.0574228	0.0256101	0.0426359	0.315789	1.0	1.0	0.297085	0.341022	0.231447	0.235821	-698.769	248.168	21.2479	42.2962	11.5907	0.145616	0.0384691	43.1016	1.89763	
1.6-2.4	3.0-30.0	0-100	1053.31	34.7801	216.758	19.3168	-0.701664	0.05	3.09085	0.0472719	1.56232	29.9971	0.568884	2.04259e-07	0.0858556	0.00306047	0.0436372	0.095792	0.108765	0.265952	0.387331	0.891496	0.0453643	0.0975619	0.212583	0.084118	-2379.99	906.923	35.8588	146.387	20.3083	0.138978	0.0187263	70.9876	2.06589	
1.6-2.4	6.5-30.0	0-100	341.855	19.9098	74.0894	11.3433	-1.42914	0.05	3.09307	0.0478168	1.85554	29.9755	0.171632	0.128359	8.51812e-06	0.00182523	0.0400508	0.0400631	0.0518265	0.129764	0.999294	0.929314	0.185405	0.102491	0.184379	0.0960795	-834.106	275.576	19.8508	66.2784	12.3029	0.193879	0.0341714	40.061	2.10436	
singleCB/_mb/fracfix
0.0-1.2	6.5-30.0	0-100	454.365	28.131	48.5463	19.6321	-1.42471	0.05	3.09286	0.0284079	1.94914	1.33638	0.272023	0.0157062	0.466033	0.000768143	0.0186522	0.0441317	0.040004	0.0886877	0.897643	0.997517	0.230552	0.160433	0.216082	0.153501	-1373.26	360.382	25.436	93.9828	13.5282	0.206844	0.0268791	38.8903	3.67922	
0.0-2.4	0.0-30.0	0-100	2030.9	47.872	408.039	25.8668	-0.46405	0.05	3.0925	0.0396795	1.30545	29.9992	0.50088	0.023675	0.27439	0.00230398	0.031799	0.0714763	0.102219	0.185062	0.51267	0.854666	0.0077101	0.189715	0.250208	0.0480195	-4859.0	1713.04	49.0144	317.86	28.7757	0.156512	0.0136803	55.2849	2.25514	
0.0-2.4	10.0-30.0	0-100	357.864	20.5201	57.1361	10.9694	-1.13489	0.05	3.09238	0.033471	2.35288	1.91769	0.0299416	0.000119048	0.499996	-0.000257603	0.141107	0.0235811	0.0400001	0.0502678	0.999991	1.0	0.260898	0.0100246	0.208276	0.0499624	-1035.2	269.671	18.8933	88.1934	11.976	0.246444	0.0303352	33.6985	3.16613	
0.0-2.4	6.5-10.0	0-100	703.631	30.4585	119.535	18.5318	-1.46671	0.05	3.09236	0.0377411	1.68625	2.68162	0.229215	0.00766297	0.499947	0.00247551	0.0630695	0.0244271	0.0487349	0.234472	0.806408	0.996928	0.22956	0.151358	0.222671	0.144906	-1848.97	583.052	29.398	120.58	15.9525	0.171368	0.0214238	37.0362	1.75556	
0.0-2.4	6.5-30.0	0-100	1061.3	36.5986	176.683	21.3242	-1.36371	0.05	3.09241	0.0363362	1.83855	2.51363	0.163524	0.0050151	0.499966	0.00133239	0.0651858	0.0234995	0.0465961	0.232469	0.960595	0.948402	0.226987	0.155154	0.210415	0.153558	-2866.37	849.378	35.0826	211.919	20.646	0.199679	0.0181941	34.0113	1.58065	
1.2-1.6	5.5-30.0	0-100	376.399	22.6903	45.5601	13.5625	-1.08289	0.05	3.09235	0.0378036	1.60824	2.08494	0.35504	0.00618311	0.000467532	0.00264269	0.0249904	0.0735407	0.0401395	0.2988	0.999996	0.858137	0.417152	0.15953	0.295048	0.0262387	-911.723	309.913	22.1401	66.4865	12.5386	0.176638	0.0315643	60.9083	2.41899	
1.2-1.6	6.5-30.0	0-100	290.464	21.1527	28.5441	13.6172	-1.56669	0.05	3.09282	0.0380764	1.81016	1.20737	0.454996	0.00644866	0.00447721	0.00385154	0.0692455	0.0276865	0.0426359	0.315789	0.893183	0.981051	0.210855	0.234826	0.255079	0.23936	-706.804	231.219	19.7428	59.2451	11.1743	0.203967	0.0354872	50.9847	2.42162	
1.6-2.4	3.0-30.0	0-100	1053.31	34.7801	216.758	19.3168	-0.704696	0.05	3.09085	0.0472719	1.56232	29.9971	0.568884	0.00357618	0.327361	0.00408109	0.0545165	0.0191677	0.108765	0.265952	0.514021	0.800155	0.0484101	0.0861021	0.205935	0.0716293	-2380.93	916.158	35.5874	137.152	19.2828	0.130211	0.0177948	43.0017	1.37191	
1.6-2.4	6.5-30.0	0-100	341.855	19.9098	74.0894	11.3433	-1.4175	0.05	3.09307	0.0478168	1.85554	29.9755	0.171632	0.0281518	0.5	0.00124232	0.0347589	0.0347162	0.0518265	0.129764	0.999709	0.905305	0.145831	0.104069	0.184869	0.10708	-833.52	270.974	19.4066	70.8811	12.0249	0.207343	0.0330376	34.7236	3.82382	
singleGaus/_mb_pt/fracfree
0.0-1.2	6.5-30.0	0-100	434.391	21.4135	68.6336	9.63314	-1.56127	0.05	3.09184	0.0295567	0.5	5.0	0.272023	8.55429e-08	4.44194e-06	0.00070421	0.0184408	0.0419851	0.040004	0.0886877	0.903406	0.993814	0.336167	0.159312	0.21659	0.15311	-1370.8	346.271	20.4944	88.1198	12.1458	0.202858	0.0261111	37.091	1.05649	
0.0-2.4	0.0-30.0	0-100	1996.94	47.2071	442.063	25.9551	-0.552799	0.05	3.0906	0.042058	0.5	5.0	0.50088	1.49839e-05	0.499988	0.00314277	0.0314612	0.129994	0.102219	0.185062	0.516734	0.839199	0.0941667	0.182284	0.250399	0.0492341	-4840.89	1703.94	47.8516	293.005	26.7439	0.146727	0.0129355	94.4991	68.3038	
0.0-2.4	10.0-30.0	0-100	353.083	19.4435	61.9213	9.32209	-1.14825	0.05	3.09226	0.0334165	0.5	5.0	0.0299416	4.44592e-05	0.446997	-0.00041057	0.140888	0.0245778	0.0400001	0.0502678	0.999997	1.0	0.294586	0.0100007	0.208376	0.0206813	-1034.69	265.592	18.1558	87.4912	11.7871	0.247792	0.0304673	34.3555	3.07897	
0.0-2.4	6.5-10.0	0-100	679.866	27.314	143.142	14.469	-1.51617	0.05	3.09117	0.0391809	0.5	5.0	0.229215	0.208051	1.66479e-05	0.00469867	0.0526488	0.0365639	0.0487349	0.234472	0.99986	0.999965	0.429835	0.143317	0.196686	0.102434	-1813.93	611.271	29.1576	68.5943	15.958	0.100894	0.0231196	40.8146	1.58634	
0.0-2.4	6.5-30.0	0-100	1031.58	33.4826	206.427	17.2039	-1.39567	0.05	3.09172	0.0370922	0.5	5.0	0.163524	0.160461	9.65431e-11	0.00228438	0.053269	0.0334429	0.0465961	0.232469	1.0	1.0	0.364614	0.297307	0.195032	0.164537	-2829.27	871.894	34.7337	159.687	20.795	0.154798	0.0195222	37.4106	1.08022	
1.2-1.6	5.5-30.0	0-100	356.515	19.6796	65.4577	9.81082	-1.38661	0.05	3.09054	0.0398345	0.5	5.0	0.35504	0.141867	8.57071e-09	0.00419789	0.0272758	0.0658641	0.0401395	0.2988	0.99958	0.999998	0.690522	0.0100008	0.282233	0.0203704	-899.335	309.519	20.9832	46.9961	12.4544	0.131821	0.0341674	55.3355	2.25605	
1.2-1.6	6.5-30.0	0-100	269.716	17.1267	49.204	8.5367	-1.84471	0.05	3.0914	0.0396657	0.5	5.0	0.454996	0.15811	3.97485e-05	0.00518666	0.057573	0.0256869	0.0426359	0.315789	1.0	1.0	0.550673	0.341022	0.231447	0.235821	-692.179	229.83	17.9755	39.8856	10.7958	0.14788	0.0389094	43.2175	1.89538	
1.6-2.4	3.0-30.0	0-100	1043.49	34.4923	226.516	19.3078	-0.751631	0.05	3.08981	0.0488337	0.5	5.0	0.568884	2.04259e-07	0.0858556	0.00316612	0.0434092	0.0955529	0.108765	0.265952	0.387331	0.891496	0.0535688	0.0975619	0.212583	0.084118	-2378.37	899.388	35.5466	144.107	20.0609	0.138101	0.0186749	70.7688	2.05823	
1.6-2.4	6.5-30.0	0-100	340.032	19.7572	75.9317	11.2372	-1.43441	0.05	3.09272	0.0483931	0.5	5.0	0.171632	0.128359	8.51812e-06	0.0019068	0.0400069	0.0400291	0.0518265	0.129764	0.999294	0.929314	0.199302	0.102491	0.184379	0.0960795	-833.694	274.224	19.7184	65.8075	12.2295	0.193534	0.0341625	40.0253	2.09069	
singleGaus/_mb_pt/fracfix
0.0-1.2	6.5-30.0	0-100	434.391	21.4135	68.6336	9.63314	-1.56272	0.05	3.09184	0.0295567	0.5	5.0	0.272023	0.0157062	0.466033	0.000812148	0.0186518	0.0434718	0.040004	0.0886877	0.897643	0.997517	0.336858	0.160433	0.216082	0.153501	-1371.04	346.933	20.6597	87.4577	12.3662	0.201334	0.0266819	38.3453	3.72634	
0.0-2.4	0.0-30.0	0-100	1996.94	47.2071	442.063	25.9551	-0.552721	0.05	3.0906	0.042058	0.5	5.0	0.50088	0.023675	0.27439	0.00236897	0.0317406	0.0706781	0.102219	0.185062	0.51267	0.854666	0.0522215	0.189715	0.250208	0.0480195	-4845.29	1683.22	48.3369	313.725	28.4282	0.157103	0.0137429	54.7533	2.23819	
0.0-2.4	10.0-30.0	0-100	353.083	19.4435	61.9213	9.32209	-1.15014	0.05	3.09226	0.0334165	0.5	5.0	0.0299416	0.000119048	0.499996	-0.000262182	0.141788	0.0235637	0.0400001	0.0502678	0.999991	1.0	0.295506	0.0100246	0.208276	0.0499624	-1034.53	266.199	18.1605	86.8839	11.7392	0.246072	0.0303611	33.7723	3.20402	
0.0-2.4	6.5-10.0	0-100	679.866	27.314	143.142	14.469	-1.52519	0.05	3.09117	0.0391809	0.5	5.0	0.229215	0.00766297	0.499947	0.0025819	0.0632609	0.0245648	0.0487349	0.234472	0.806408	0.996928	0.340094	0.151358	0.222671	0.144906	-1840.03	562.5	26.9595	117.366	15.4384	0.172631	0.021623	37.1809	1.77436	
0.0-2.4	6.5-30.0	0-100	1031.58	33.4826	206.427	17.2039	-1.40051	0.05	3.09172	0.0370922	0.5	5.0	0.163524	0.0050151	0.499966	0.00132653	0.0651167	0.0235063	0.0465961	0.232469	0.960595	0.948402	0.311497	0.155154	0.210415	0.153558	-2856.95	824.603	32.7615	206.978	20.0525	0.200641	0.0183152	33.9936	1.58483	
1.2-1.6	5.5-30.0	0-100	356.515	19.6796	65.4577	9.81082	-1.36189	0.05	3.09054	0.0398345	0.5	5.0	0.35504	0.00618311	0.000467532	0.00274647	0.0251359	0.0735516	0.0401395	0.2988	0.999996	0.858137	0.562735	0.15953	0.295048	0.0262387	-904.405	292.761	19.7588	63.7534	11.901	0.178824	0.0318886	60.938	2.41179	
1.2-1.6	6.5-30.0	0-100	269.716	17.1267	49.204	8.5367	-1.84493	0.05	3.0914	0.0396657	0.5	5.0	0.454996	0.00644866	0.00447721	0.00397196	0.0693183	0.0278295	0.0426359	0.315789	0.893183	0.981051	0.479863	0.234826	0.255079	0.23936	-699.537	214.074	16.6905	55.6418	10.3088	0.206298	0.0359062	51.0721	2.41709	
1.6-2.4	3.0-30.0	0-100	1043.49	34.4923	226.516	19.3078	-0.754839	0.05	3.08981	0.0488337	0.5	5.0	0.568884	0.00357618	0.327361	0.00418154	0.0542425	0.0190479	0.108765	0.265952	0.514021	0.800155	0.0556914	0.0861021	0.205935	0.0716293	-2379.25	908.572	35.285	134.923	19.0517	0.129299	0.0177503	42.7811	1.374	
1.6-2.4	6.5-30.0	0-100	340.032	19.7572	75.9317	11.2372	-1.42395	0.05	3.09272	0.0483931	0.5	5.0	0.171632	0.0281518	0.5	0.00130048	0.0347537	0.0346595	0.0518265	0.129764	0.999709	0.905305	0.159018	0.104069	0.184869	0.10708	-833.093	269.55	19.2781	70.4818	11.9633	0.20728	0.0330571	34.6757	3.74963	
