v2noW_Lxyz_pTtune_PRMC
rap	pT	cent	dPhi	ctauErrMin	ctauErrMax	NoCutEntry	CutEntry	NSig	NSigErr	NBkg	NBkgErr	coefExp	coefExpErr	coefPol1	coefPol1Err	coeffGaus	coeffGausErr	meanSig1	meanSig1Err	sigmaSig1	sigmaSig1Err	sigmaSig2	sigmaSig2Err	sigmaSig3	sigmaSig3Err	alpha	alphaErr	enne	enneErr	enneW	enneWErr	sigWidth	sigWidthErr	Gmc	GmcErr	bTau	bTauErr	fracRes	fracResErr	meanResSigW	meanResSigWErr	meanResSigN	meanResSigNErr	sigmaResSigW	sigmaResSigWErr	sigmaResSigN	sigmaResSigNErr	fpm	fpmErr	fLiving	fLivingErr	fbkgCtTot	fbkgCtTotErr	lambdam	lambdamErr	lambdap	lambdapErr	lambdasym	lambdasymErr	NLL	nFitPar	EDM	NLLMass	nFitParMass	EDMMass	Prob	PROMPT	PROMPTErr	NON-PROMPT	NON-PROMPTErr	Bfraction	BfractionErr	Resolution	ResolutionErr	
0.0-1.2	6.5-30.0	10.0-60.0	0.000-0.393	0.008	0.064	1480.0	1476.0	1024.7	34.2549	451.28	24.4958	0.153905	0.185457	-0.05	0.0	0.574412	0.0	3.09295	0.0	0.0208771	0.0	0.0359547	0.0	0.03	0.0	1.492	0.0	5.0	0.0	1.733	0.0	0.0282937	0.0	1.40793e-05	0.000195463	0.205547	0.0147429	0.282557	0.0	0.00228371	0.0	-0.000901189	0.00119599	1.58042	0.0	0.812961	0.0359785	0.690431	0.238424	0.740532	0.762853	0.399877	0.180332	0.0466631	0.0214408	0.166847	0.0322731	0.0422652	0.029502	-3252.98	4.0	6.32221e-05	-10822.1	3.0	3.56869e-06	1.0	725.548	31.9387	299.148	23.0609	0.291938	0.020279	1086.24	9.65929	
0.0-1.2	6.5-30.0	10.0-60.0	0.000-1.571	0.008	0.105	5526.0	5524.0	3863.97	68.4489	1659.91	49.814	-0.14704	0.0967834	-0.05	0.0	0.574412	0.0	3.09295	0.0	0.0208771	0.0	0.0359547	0.0014394	0.03	0.0	1.492	0.0	5.0	0.0	1.733	0.0	0.0282937	0.000389229	1.16782e-05	0.000130175	0.203572	0.00778259	0.282557	0.0	0.00228371	0.0	-0.000781089	0.000619037	1.58042	0.0	0.80712	0.0184506	0.568921	0.0604434	0.981638	0.0105026	0.312358	0.0686749	0.0456052	0.00609672	0.153795	0.0112451	0.582661	0.247291	-12138.7	4.0	1.02929e-05	-47836.7	4.0	1.24549e-05	1.0	2795.49	63.6005	1068.48	44.1695	0.276524	0.0103283	1083.11	4.93212	
0.0-1.2	6.5-30.0	10.0-60.0	0.393-0.785	0.008	0.073	1480.0	1479.0	1013.8	34.1564	465.201	24.8611	-0.118765	0.182363	-0.05	0.0	0.574412	0.0	3.09295	0.0	0.0208771	0.0	0.0359547	0.0	0.03	0.0	1.492	0.0	5.0	0.0	1.733	0.0	0.0282937	0.0	1.70432e-05	0.00459144	0.206666	0.0159892	0.282557	0.0	0.00228371	0.0	-0.000905525	0.00118057	1.58042	0.0	0.806595	0.0376261	0.531308	0.0374363	1.0	18.7335	0.234409	0.0486964	0.046338	0.00498981	0.15291	0.0130233	0.0372041	165.198	-3215.04	4.0	9.79084e-06	-10800.7	3.0	1.55039e-07	1.0	765.27	32.3013	248.53	21.183	0.245147	0.0191929	1082.83	10.0541	
0.0-1.2	6.5-30.0	10.0-60.0	0.785-1.178	0.008	0.064	1284.0	1282.0	921.427	32.2542	360.551	21.8967	-0.167384	0.207824	-0.05	0.0	0.574412	0.0	3.09295	0.0	0.0208771	0.0	0.0359547	0.0	0.03	0.0	1.492	0.0	5.0	0.0	1.733	0.0	0.0282937	0.0	1.55303e-05	0.000309325	0.211187	0.0168349	0.282557	0.0	0.00228371	0.0	-0.00050474	0.00120941	1.58042	0.0	0.784765	0.0336327	0.590165	0.228323	0.953488	0.040365	0.416456	0.214083	0.042315	0.0235308	0.182328	0.0400647	0.557365	0.361506	-2936.76	4.0	2.7414e-05	-9302.06	3.0	9.4576e-06	1.0	665.353	30.1753	256.075	21.1768	0.277911	0.0208222	1071.26	8.83822	
0.0-1.2	6.5-30.0	10.0-60.0	1.178-1.571	0.008	0.064	1282.0	1280.0	898.933	32.0567	381.062	22.5782	-0.518699	0.202858	-0.05	0.0	0.574412	0.0	3.09295	0.0	0.0208771	0.0	0.0359547	0.0	0.03	0.0	1.492	0.0	5.0	0.0	1.733	0.0	0.0282937	0.0	1.05551e-05	0.000410668	0.189771	0.0145419	0.282557	0.0	0.00228371	0.0	-0.0015765	0.00140556	1.58042	0.0	0.83308	0.0415672	0.61411	0.0924461	0.963229	0.025043	0.202117	0.0980589	0.049899	0.0108456	0.129667	0.0174051	0.599671	0.322265	-2737.59	4.0	3.16347e-06	-9211.95	3.0	1.02488e-06	1.0	633.226	30.5428	265.707	22.6435	0.29558	0.0228779	1097.12	11.3225	
0.0-2.4	10.0-13.0	10.0-60.0	0.000-0.393	0.016	0.08	622.0	619.0	473.065	23.3537	145.922	14.7736	0.461224	0.337399	-0.05	0.0	0.366816	0.0	3.09256	0.0	0.0210269	0.0	0.0408835	0.0	0.03	0.0	1.492	0.0	5.0	0.0	1.733	0.0	0.034936	0.0	1.00051e-05	0.0125341	0.189818	0.0184868	0.0553454	0.0	0.000212513	0.0	-0.000351488	0.00149684	2.09412	0.0	0.877572	0.0439105	0.814569	0.03865	0.999972	4.30215	0.61755	0.0262114	0.127768	0.0213884	0.178124	0.0125528	0.156749	28.3566	-1398.09	4.0	4.43467e-05	-4019.51	3.0	1.54504e-06	1.0	316.336	21.3627	156.729	16.5031	0.331305	0.0308139	984.996	18.4782	
0.0-2.4	10.0-13.0	10.0-60.0	0.000-1.571	0.008	0.136	2364.0	2363.0	1795.02	46.3614	567.99	30.3701	-0.572366	0.170007	-0.05	0.0	0.366816	0.0	3.09256	0.0	0.0210269	0.0	0.0408835	0.00152817	0.03	0.0	1.492	0.0	5.0	0.0	1.733	0.0	0.034936	0.000566171	1.25623e-05	9.06713e-05	0.195098	0.0105848	0.0553454	0.0	0.000212513	0.0	-0.00022414	0.000844547	2.09412	0.0	0.909111	0.0248786	0.723304	0.15136	0.765942	0.207635	0.0879915	0.0828025	0.055131	0.0142678	0.164293	0.0184332	0.0330036	0.0217791	-5178.73	4.0	9.25596e-07	-18435.7	4.0	7.23213e-08	1.0	1266.37	43.4816	528.658	31.7382	0.294513	0.0159614	1011.66	10.5597	
0.0-2.4	10.0-13.0	10.0-60.0	0.393-0.785	0.016	0.088	609.0	608.0	465.862	23.0939	142.151	14.4778	-0.800041	0.340704	-0.05	0.0	0.366816	0.0	3.09256	0.0	0.0210269	0.0	0.0408835	0.0	0.03	0.0	1.492	0.0	5.0	0.0	1.733	0.0	0.034936	0.0	9.67596e-05	0.000320065	0.201858	0.021437	0.0553454	0.0	0.000212513	0.0	-0.000975319	0.00158511	2.09412	0.0	0.925603	0.0499112	0.66477	0.0342242	1.0	3.89583	0.282393	0.0365347	0.0506552	0.00608791	0.164036	0.0125962	0.02	18.6396	-1342.33	4.0	2.85561e-07	-3940.38	3.0	6.17109e-06	1.0	334.023	21.6741	131.839	15.437	0.282999	0.0300202	1025.69	21.2741	
0.0-2.4	10.0-13.0	10.0-60.0	0.785-1.178	0.008	0.105	563.0	562.0	437.563	22.4217	124.432	13.769	-0.690515	0.365139	-0.05	0.0	0.366816	0.0	3.09256	0.0	0.0210269	0.0	0.0408835	0.0	0.03	0.0	1.492	0.0	5.0	0.0	1.733	0.0	0.034936	0.0	0.000150013	0.000368392	0.193549	0.0233466	0.0553454	0.0	0.000212513	0.0	-0.000813072	0.00187207	2.09412	0.0	1.0223	0.0544515	0.474711	0.0181792	1.0	44.7516	0.000140521	0.882148	0.00708077	4.35516e-08	0.222414	0.00515098	0.0200002	147.361	-1233.9	4.0	3.62608e-06	-3582.4	3.0	9.30305e-06	1.0	314.721	21.6478	122.841	15.7534	0.28074	0.0330036	1109.04	23.7075	
0.0-2.4	10.0-13.0	10.0-60.0	1.178-1.571	0.016	0.056	570.0	562.0	414.204	21.9392	147.786	14.6611	-1.23186	0.341515	-0.05	0.0	0.366816	0.0	3.09256	0.0	0.0210269	0.0	0.0408835	0.0	0.03	0.0	1.492	0.0	5.0	0.0	1.733	0.0	0.034936	0.0	5.58531e-05	0.000456735	0.188814	0.0218935	0.0553454	0.0	0.000212513	0.0	0.00191477	0.00189704	2.09412	0.0	1.00699	0.0553103	0.724939	0.113867	0.999998	13.1082	0.0959225	0.149623	0.0418032	0.0203193	0.129464	0.0251061	0.0692558	32.322	-1193.61	4.0	7.5956e-08	-3543.03	3.0	1.59961e-05	1.0	298.107	21.1768	116.097	15.3932	0.280289	0.034069	1095.73	24.0089	
0.0-2.4	10.0-30.0	10.0-60.0	0.000-0.393	0.008	0.088	996.0	993.0	769.198	29.7008	223.715	18.3461	0.146912	0.2702	-0.05	0.0	0.421446	0.0	3.09305	0.0	0.0218842	0.0	0.0423806	0.0	0.03	0.0	1.492	0.0	5.0	0.0	1.733	0.0	0.0352277	0.0	2.70146e-05	0.00458685	0.195629	0.0152371	0.0473596	0.0	-0.000901407	0.0	-0.000453109	0.00112212	2.0393	0.0	0.894454	0.0349382	0.845806	0.0360495	0.999975	0.919616	0.538689	0.0408688	0.106418	0.0233623	0.176738	0.0153381	0.020008	6.09368	-2311.09	4.0	4.05964e-05	-6942.46	3.0	0.000122321	1.0	519.392	27.3316	249.806	20.9248	0.324761	0.0241407	979.344	15.1993	
0.0-2.4	10.0-30.0	10.0-60.0	0.000-1.571	0.008	0.136	3805.0	3804.0	2919.21	59.1603	884.866	38.2845	-0.519307	0.136093	-0.05	0.0	0.421446	0.0	3.09305	0.0	0.0218842	0.0	0.0423806	0.00139103	0.03	0.0	1.492	0.0	5.0	0.0	1.733	0.0	0.0352276	0.000484099	1.01973e-05	0.00191321	0.188252	0.00789428	0.0473596	0.0	-0.000901407	0.0	-7.94577e-05	0.000624292	2.0393	0.0	0.924402	0.02031	0.666261	0.114594	0.810304	0.213368	0.147387	0.119969	0.0357172	0.0112756	0.179875	0.0185589	0.0602968	0.0243113	-8560.7	4.0	2.22155e-06	-31581.3	4.0	1.74468e-06	1.0	2022.1	55.152	897.104	41.1453	0.307311	0.0126441	1005.49	8.89393	
0.0-2.4	10.0-30.0	10.0-60.0	0.393-0.785	0.008	0.105	980.0	979.0	744.259	29.2308	234.734	18.5709	-0.644255	0.263847	-0.05	0.0	0.421446	0.0	3.09305	0.0	0.0218842	0.0	0.0423806	0.0	0.03	0.0	1.492	0.0	5.0	0.0	1.733	0.0	0.0352277	0.0	3.35672e-05	0.000225803	0.182619	0.0154888	0.0473596	0.0	-0.000901407	0.0	-0.000525857	0.0011839	2.0393	0.0	0.940969	0.0408492	0.571724	0.0302932	1.0	17.8524	0.243798	0.0342524	0.0427485	0.00408713	0.175947	0.0130859	0.02	146.822	-2208.58	4.0	2.2666e-06	-6795.41	3.0	2.18831e-05	1.0	529.659	27.5876	214.6	19.9844	0.28834	0.0243465	1020.02	17.9493	
0.0-2.4	10.0-30.0	10.0-60.0	0.785-1.178	0.008	0.105	900.0	899.0	699.571	28.2554	199.399	17.2678	-0.555986	0.286806	-0.05	0.0	0.421446	0.0	3.09305	0.0	0.0218842	0.0	0.0423806	0.0	0.03	0.0	1.492	0.0	5.0	0.0	1.733	0.0	0.0352277	0.0	2.54104e-05	0.00458759	0.182361	0.0168796	0.0473596	0.0	-0.000901407	0.0	-0.000510902	0.00130772	2.0393	0.0	0.972032	0.0428683	0.755632	0.00489096	1.0	0.962968	0.381644	0.00480585	0.0400016	0.000909056	0.241226	0.00216311	0.0400322	4.5429	-2044.39	4.0	8.57576e-06	-6181.28	3.0	1.76749e-05	1.0	494.692	27.03	204.879	19.997	0.292864	0.0260224	1047.4	18.9497	
0.0-2.4	10.0-30.0	10.0-60.0	1.178-1.571	0.008	0.08	929.0	925.0	705.283	28.508	219.723	18.0876	-0.992497	0.277385	-0.05	0.0	0.421446	0.0	3.09305	0.0	0.0218842	0.0	0.0423806	0.0	0.03	0.0	1.492	0.0	5.0	0.0	1.733	0.0	0.0352277	0.0	1.00138e-05	0.000350061	0.183274	0.0149272	0.0473596	0.0	-0.000901407	0.0	0.000480636	0.00141676	2.0393	0.0	0.980594	0.0450999	0.711059	0.346353	0.808834	0.229318	0.00723401	0.910057	0.0193298	0.020742	0.142659	0.0219807	0.0558258	0.0320056	-2012.94	4.0	3.62651e-05	-6341.21	3.0	3.4231e-07	1.0	471.071	27.1699	234.213	21.5701	0.332083	0.0274806	1054.98	19.9673	
0.0-2.4	13.0-30.0	10.0-60.0	0.000-0.393	0.008	0.064	374.0	372.0	296.382	18.3183	75.5944	10.7136	-0.491844	0.461796	-0.05	0.0	0.512461	0.0	3.09382	0.0	0.0230174	0.0	0.045507	0.0	0.03	0.0	1.492	0.0	5.0	0.0	1.733	0.0	0.035793	0.0	0.000100096	0.000341831	0.202045	0.0260799	0.0347602	0.0	-0.00537756	0.0	-7.9602e-05	0.00172715	1.80759	0.0	0.942745	0.0585003	0.999999	0.979071	0.868236	0.160621	0.57242	0.112778	0.00705239	2.51816e-07	0.211263	0.0576915	0.0678271	0.0851503	-912.734	4.0	7.4472e-06	-2257.27	3.0	7.71776e-06	1.0	200.077	16.9501	96.3055	13.0313	0.324937	0.0391134	985.622	27.0052	
0.0-2.4	13.0-30.0	10.0-60.0	0.000-1.571	0.008	0.08	1441.0	1438.0	1121.31	36.5676	316.601	23.0747	-0.429404	0.226625	-0.05	0.0	0.512461	0.0	3.09382	0.0	0.0230174	0.0	0.045507	0.00269684	0.03	0.0	1.492	0.0	5.0	0.0	1.733	0.0	0.035793	0.000835823	1.04426e-05	0.00602457	0.176801	0.0117766	0.0347602	0.0	-0.00537756	0.0	-0.00046172	0.000937469	1.80759	0.0	0.944094	0.0350004	0.707198	0.196157	0.813696	0.225302	0.176458	0.158877	0.0321768	0.0138693	0.198409	0.0270583	0.0322859	0.0249958	-3383.18	4.0	2.44904e-05	-10598.5	4.0	9.23596e-05	1.0	751.519	33.9194	369.795	26.3688	0.329787	0.0209126	986.867	16.1598	
0.0-2.4	13.0-30.0	10.0-60.0	0.393-0.785	0.008	0.064	371.0	370.0	277.382	17.8889	92.5798	11.6268	-0.410576	0.414545	-0.05	0.0	0.512461	0.0	3.09382	0.0	0.0230174	0.0	0.045507	0.0	0.03	0.0	1.492	0.0	5.0	0.0	1.733	0.0	0.035793	0.0	1.12306e-05	0.00159264	0.150327	0.0212889	0.0347602	0.0	-0.00537756	0.0	-0.000166668	0.00180501	1.80759	0.0	0.969927	0.0705247	0.499061	0.0798654	1.0	31.626	0.225867	0.0946061	0.0375959	0.00892455	0.19497	0.0386678	0.0200029	185.219	-865.01	4.0	1.61088e-05	-2198.12	3.0	2.85946e-05	1.0	194.262	17.1057	83.12	12.8212	0.299659	0.0419881	1010.76	32.6617	
0.0-2.4	13.0-30.0	10.0-60.0	0.785-1.178	0.012	0.044	337.0	330.0	257.116	16.9994	72.8648	10.2342	-0.372534	0.467191	-0.05	0.0	0.512461	0.0	3.09382	0.0	0.0230174	0.0	0.045507	0.0	0.03	0.0	1.492	0.0	5.0	0.0	1.733	0.0	0.035793	0.0	1.72143e-05	0.000568696	0.169858	0.0240652	0.0347602	0.0	-0.00537756	0.0	-0.000562404	0.00186772	1.80759	0.0	0.9564	0.074703	0.999998	8.93976	0.534915	0.0649195	0.133484	0.0496661	0.0334088	13.0685	0.276938	0.0340193	0.0479128	0.00814249	-796.311	4.0	4.06341e-07	-1959.4	3.0	4.35697e-06	1.0	180.599	16.087	76.5169	11.9084	0.297597	0.0419283	998.239	34.5421	
0.0-2.4	13.0-30.0	10.0-60.0	1.178-1.571	0.008	0.08	359.0	358.0	286.099	18.0543	71.8937	10.5716	-0.537169	0.475018	-0.05	0.0	0.512461	0.0	3.09382	0.0	0.0230174	0.0	0.045507	0.0	0.03	0.0	1.492	0.0	5.0	0.0	1.733	0.0	0.035793	0.0	1.03545e-05	0.00459451	0.178328	0.0204488	0.0347602	0.0	-0.00537756	0.0	-0.00279488	0.00203161	1.80759	0.0	0.912817	0.0715405	0.783588	0.0858219	1.0	0.0126142	1.95048e-06	0.176012	0.00864535	0.00654154	0.135422	0.0250076	3.52019	1.91508	-813.603	4.0	4.89934e-05	-2142.78	3.0	8.19444e-07	1.0	170.545	16.7387	115.554	14.749	0.403894	0.0448105	958.043	32.897	
0.0-2.4	6.5-10.0	10.0-60.0	0.000-0.393	0.016	0.152	2652.0	2651.0	1423.98	42.9103	1226.99	40.5495	-0.119545	0.111855	-0.05	0.0	0.406411	0.0	3.09233	0.0	0.0499065	0.0	0.0254151	0.0	0.03	0.0	1.492	0.0	5.0	0.0	1.733	0.0	0.0373584	0.0	8.57987e-05	0.0003048	0.194587	0.0141522	0.239612	0.0	0.0062101	0.0	-0.000248008	0.00111374	1.68288	0.0	0.837339	0.0258983	0.831535	0.158135	0.448118	0.196002	0.323506	0.2035	0.090281	0.0509585	0.147631	0.0189319	0.031751	0.013479	-4531.57	4.0	4.19159e-05	-19804.6	3.0	6.56023e-06	1.0	1090.96	42.1793	333.028	28.2673	0.23387	0.0185578	1100.79	7.48985	
0.0-2.4	6.5-10.0	10.0-60.0	0.000-1.571	0.016	0.16	9122.0	9120.0	5245.59	82.3941	3873.75	73.6002	-0.19547	0.0631815	-0.05	0.0	0.406411	0.0	3.09233	0.0	0.0499065	0.0	0.0254151	0.000680899	0.03	0.0	1.492	0.0	5.0	0.0	1.733	0.0	0.0373584	0.000137481	8.22954e-05	0.000174121	0.19705	0.00736113	0.239612	0.0	0.0062101	0.0	0.00149423	0.000608853	1.68288	0.0	0.870037	0.0147987	0.517408	0.0697092	0.974183	0.0213082	0.473775	0.0675595	0.0482503	0.00787061	0.160058	0.0105693	0.291493	0.141928	-15739.2	4.0	7.60084e-05	-79951.4	4.0	5.45826e-05	1.0	3984.13	80.369	1261.46	54.1805	0.24048	0.00961331	1119.91	4.37104	
0.0-2.4	6.5-10.0	10.0-60.0	0.393-0.785	0.016	0.145	2400.0	2399.0	1368.15	41.6893	1030.8	37.4249	-0.209678	0.122401	-0.05	0.0	0.406411	0.0	3.09233	0.0	0.0499065	0.0	0.0254151	0.0	0.03	0.0	1.492	0.0	5.0	0.0	1.733	0.0	0.0373584	0.0	2.35595e-05	0.00458844	0.185019	0.0140032	0.239612	0.0	0.0062101	0.0	0.00216651	0.00132728	1.68288	0.0	0.951204	0.033706	0.459736	0.109817	0.773378	0.275047	0.420973	0.172296	0.0343127	0.0186246	0.201718	0.0349747	0.0841233	0.0456853	-4081.43	4.0	3.74953e-06	-17809.5	3.0	1.4361e-05	1.0	1039.28	41.6388	328.869	28.833	0.240375	0.0197607	1169.01	10.4272	
0.0-2.4	6.5-10.0	10.0-60.0	0.785-1.178	0.016	0.152	2092.0	2091.0	1248.03	39.5306	842.949	34.0246	-0.227375	0.135647	-0.05	0.0	0.406411	0.0	3.09233	0.0	0.0499065	0.0	0.0254151	0.0	0.03	0.0	1.492	0.0	5.0	0.0	1.733	0.0	0.0373584	0.0	6.88744e-05	0.000959106	0.214268	0.0158927	0.239612	0.0	0.0062101	0.0	-0.000127913	0.00119906	1.68288	0.0	0.866163	0.0287164	0.886903	0.841121	0.586274	0.772855	0.581648	0.0821517	0.0762632	0.141879	0.161861	0.039075	0.072579	0.0571089	-3724.0	4.0	5.16022e-05	-15329.8	3.0	3.57715e-06	1.0	946.628	38.2378	301.401	25.578	0.241502	0.0190137	1117.62	8.46137	
0.0-2.4	6.5-10.0	10.0-60.0	1.178-1.571	0.016	0.136	1978.0	1976.0	1206.83	38.7916	769.168	32.6667	-0.266397	0.142102	-0.05	0.0	0.406411	0.0	3.09233	0.0	0.0499065	0.0	0.0254151	0.0	0.03	0.0	1.492	0.0	5.0	0.0	1.733	0.0	0.0373584	0.0	0.000177731	0.000547176	0.194525	0.0147033	0.239612	0.0	0.0062101	0.0	0.000525826	0.00127099	1.68288	0.0	0.825467	0.031761	0.521124	0.0592105	0.963374	0.030056	0.456605	0.0702679	0.0583877	0.0105099	0.190191	0.0265771	0.478137	0.273553	-3423.05	4.0	9.91479e-06	-14411.5	3.0	1.02032e-06	1.0	897.244	37.9703	309.584	26.627	0.256527	0.0204649	1093.95	9.11175	
0.0-2.4	6.5-30.0	0.0-10.0	0.000-0.393	0.008	0.136	1888.0	1884.0	934.998	35.1718	948.926	35.3693	0.029879	0.126703	-0.05	0.0	0.415165	0.0	3.09297	0.0	0.0469488	0.0	0.0239348	0.0	0.03	0.0	1.492	0.0	5.0	0.0	1.733	0.0	0.0353573	0.0	1.25622e-05	0.000104313	0.17677	0.013593	0.16485	0.0	0.00394979	0.0	0.00188866	0.00135396	1.76859	0.0	1.01256	0.0353351	0.999999	0.169082	0.327351	0.112237	0.597985	0.0895021	0.0469655	0.130343	0.19612	0.0367596	0.0809113	0.0181194	-2968.77	4.0	9.97954e-05	-13338.6	3.0	3.89399e-06	1.0	642.192	33.6919	292.807	25.94	0.313163	0.0251182	1171.28	12.7556	
0.0-2.4	6.5-30.0	0.0-10.0	0.000-1.571	0.008	0.136	7227.0	7218.0	3579.43	69.8173	3638.4	70.2379	-0.102361	0.0647824	-0.05	0.0	0.415165	0.0	3.09297	0.0	0.0469488	0.0	0.0239348	0.000851881	0.03	0.0	1.492	0.0	5.0	0.0	1.733	0.0	0.0353573	0.000168629	3.37928e-05	7.02542e-05	0.183414	0.00772802	0.16485	0.0	0.00394979	0.0	0.000630548	0.000675153	1.76859	0.0	0.971849	0.0185195	0.903977	0.245851	0.441722	0.240825	0.492207	0.0520455	0.0761953	0.0542782	0.179246	0.0210192	0.0725057	0.0124737	-11399.5	4.0	2.6899e-06	-60801.9	4.0	5.27016e-06	1.0	2555.86	67.4192	1023.58	49.5853	0.285961	0.0126803	1142.12	6.58039	
0.0-2.4	6.5-30.0	0.0-10.0	0.393-0.785	0.008	0.145	1893.0	1892.0	883.919	34.5359	1008.19	36.2901	-0.342526	0.12334	-0.05	0.0	0.415165	0.0	3.09297	0.0	0.0469488	0.0	0.0239348	0.0	0.03	0.0	1.492	0.0	5.0	0.0	1.733	0.0	0.0353573	0.0	1.89238e-05	0.00459057	0.210415	0.0172097	0.16485	0.0	0.00394979	0.0	0.000971941	0.00132697	1.76859	0.0	0.978469	0.0375228	0.677465	0.0178344	0.999949	4.84806	0.484519	0.0185367	0.0697149	0.00344341	0.143595	0.00519712	0.0560772	37.1856	-2801.88	4.0	4.92091e-06	-13313.7	3.0	7.37879e-06	1.0	622.702	32.8484	261.216	24.3155	0.295521	0.0249682	1146.83	13.3684	
0.0-2.4	6.5-30.0	0.0-10.0	0.785-1.178	0.008	0.128	1779.0	1778.0	901.639	34.3202	876.584	33.9533	0.0795188	0.131849	-0.05	0.0	0.415165	0.0	3.09297	0.0	0.0469488	0.0	0.0239348	0.0	0.03	0.0	1.492	0.0	5.0	0.0	1.733	0.0	0.0353573	0.0	1.34329e-05	0.0045931	0.18466	0.0161555	0.16485	0.0	0.00394979	0.0	0.00179968	0.00135502	1.76859	0.0	0.965798	0.0383539	0.526991	0.0088192	1.0	12.0634	0.430157	0.00942568	0.0590905	0.001512	0.152404	0.00302594	0.152529	38.3135	-2836.87	4.0	5.46312e-06	-12525.4	3.0	3.12808e-05	1.0	660.687	33.6444	240.952	24.1581	0.267237	0.0247876	1137.82	13.5943	
0.0-2.4	6.5-30.0	0.0-10.0	1.178-1.571	0.008	0.152	1667.0	1666.0	860.449	33.4387	805.813	32.6122	-0.162461	0.137788	-0.05	0.0	0.415165	0.0	3.09297	0.0	0.0469488	0.0	0.0239348	0.0	0.03	0.0	1.492	0.0	5.0	0.0	1.733	0.0	0.0353573	0.0	1.96612e-05	0.00459023	0.163287	0.015041	0.16485	0.0	0.00394979	0.0	0.00128083	0.00136556	1.76859	0.0	0.966471	0.0373863	1.0	0.165523	0.323453	0.107361	0.540885	0.104282	0.0601304	1.94377	0.242286	0.0436315	0.075481	0.0162912	-2789.61	4.0	5.47037e-05	-11649.9	3.0	4.62867e-05	1.0	632.055	33.1964	228.393	24.0301	0.265435	0.0259525	1138.3	13.255	
0.0-2.4	6.5-30.0	0.0-100.0	0.000-0.393	0.008	0.152	5669.0	5667.0	3223.65	63.6805	2443.34	57.2276	-0.0460317	0.0792963	-0.05	0.0	0.415165	0.0	3.09297	0.0	0.0469488	0.0	0.0243933	0.0	0.03	0.0	1.492	0.0	5.0	0.0	1.733	0.0	0.0355401	0.0	1.26244e-05	0.000102978	0.192119	0.00836783	0.206229	0.0969039	0.00181619	0.00447859	0.000540844	0.000685644	1.83948	0.188543	0.865764	0.0178711	0.859632	0.0739281	0.470152	0.122178	0.378834	0.140556	0.116614	0.0359995	0.15733	0.0141395	0.0352202	0.0122255	-9999.87	4.0	1.74095e-06	-47036.8	3.0	2.01083e-07	1.0	2335.34	61.3192	888.31	44.0426	0.27556	0.0125311	1137.01	64.5639	
0.0-2.4	6.5-30.0	0.0-100.0	0.000-1.571	0.004	0.164	20678.0	20676.0	12117.9	139.37	8558.04	125.952	-0.200367	0.0438264	-0.05	0.0	0.415165	0.0443183	3.09297	0.000376571	0.0469488	0.0018602	0.0243933	0.000845066	0.03	0.0	1.492	0.0	5.0	0.0	1.733	0.0	0.0355401	0.000735273	1.00384e-05	0.000248775	0.190166	0.00439581	0.16485	0.0672939	0.00394979	0.00276213	-0.000265558	0.000357873	1.76859	0.130357	0.90116	0.00977207	0.973831	0.0439843	0.406049	0.0406533	0.400402	0.0494942	0.199087	0.139381	0.187625	0.00863086	0.058571	0.00833449	-36637.0	4.0	6.65389e-05	-198945.0	7.0	1.53569e-05	1.0	8826.78	128.674	3291.13	87.6573	0.271592	0.00652452	1092.63	39.8147	
0.0-2.4	6.5-30.0	0.0-100.0	0.393-0.785	0.008	0.145	5395.0	5393.0	3082.44	62.1884	2310.52	55.6375	-0.324818	0.0818522	-0.05	0.0	0.415165	0.0	3.09297	0.0	0.0469488	0.0	0.0243933	0.0	0.03	0.0	1.492	0.0	5.0	0.0	1.733	0.0	0.0355401	0.0	1.89238e-05	0.00459057	0.191136	0.00874511	0.0431777	0.107987	0.00997815	0.0195849	0.000102228	0.000691971	1.89503	0.83285	1.01854	0.0193508	0.654493	0.112143	0.890727	0.740562	0.425572	0.0761493	0.0604793	0.0147596	0.160325	0.0169525	0.0600457	0.0709609	-9314.37	4.0	1.28975e-06	-44508.8	3.0	9.46772e-07	1.0	2246.77	60.7013	835.664	43.7515	0.271105	0.0130976	1071.3	72.3214	
0.0-2.4	6.5-30.0	0.0-100.0	0.785-1.178	0.008	0.152	4922.0	4921.0	2948.75	60.4145	1972.22	51.706	-0.132279	0.0885003	-0.05	0.0	0.415165	0.0	3.09297	0.0	0.0469488	0.0	0.0243933	0.0	0.03	0.0	1.492	0.0	5.0	0.0	1.733	0.0	0.0355401	0.0	2.75139e-05	0.00458662	0.196526	0.00942933	0.0918396	0.0685565	0.00342668	0.00702651	0.00129403	0.000693108	2.01375	0.316371	0.945001	0.0190637	0.575747	0.0984795	0.921752	0.209812	0.426915	0.0861073	0.051205	0.0138642	0.170136	0.0171301	0.0908522	0.0685457	-8879.8	4.0	0.000119273	-40406.0	3.0	2.80453e-06	1.0	2191.65	58.6828	757.107	40.8415	0.256755	0.0128126	1087.86	57.1117	
0.0-2.4	6.5-30.0	0.0-100.0	1.178-1.571	0.008	0.152	4692.0	4690.0	2865.33	59.4374	1824.52	49.9197	-0.320277	0.0922917	-0.05	0.0	0.415165	0.0	3.09297	0.0	0.0469488	0.0	0.0243933	0.0	0.03	0.0	1.492	0.0	5.0	0.0	1.733	0.0	0.0355401	0.0	1.96612e-05	0.00459023	0.185377	0.0087019	0.449361	0.193671	0.00205439	0.00260759	0.00107523	0.000931774	1.48015	0.117135	0.757978	0.0250099	0.615278	0.0491609	0.975708	0.0187445	0.470632	0.0554424	0.0582071	0.00953366	0.167342	0.014314	0.445115	0.217693	-8442.56	4.0	3.3602e-05	-38358.5	3.0	2.7317e-05	1.0	2082.1	57.3467	783.236	41.0757	0.273349	0.0131663	1140.55	76.7823	
0.0-2.4	6.5-30.0	10.0-20.0	0.000-0.393	0.008	0.128	1447.0	1445.0	784.105	31.6659	660.89	29.657	0.149464	0.152107	-0.05	0.0	0.415165	0.0	3.09297	0.0	0.0469488	0.0	0.0249159	0.0	0.03	0.0	1.492	0.0	5.0	0.0	1.733	0.0	0.0357515	0.0	1.2601e-05	0.000103615	0.206093	0.0167566	0.16485	0.0	0.00394979	0.0	-0.00156133	0.00140014	1.76859	0.0	0.948191	0.0350497	0.83705	0.918726	0.74574	0.272624	0.592254	0.284158	0.0196501	0.0517132	0.136215	0.0280667	0.125513	0.0674025	-2417.81	4.0	1.25791e-05	-9953.79	3.0	1.45454e-06	1.0	542.866	29.8116	241.239	22.4277	0.307661	0.0257634	1125.39	12.3314	
0.0-2.4	6.5-30.0	10.0-20.0	0.000-1.571	0.008	0.16	5125.0	5124.0	2842.59	60.9585	2281.13	56.1648	-0.193513	0.0821158	-0.05	0.0	0.415165	0.0	3.09297	0.0	0.0469488	0.0	0.0249159	0.000968404	0.03	0.0	1.492	0.0	5.0	0.0	1.733	0.0	0.0357515	0.000197352	1.00282e-05	0.000232918	0.199819	0.00912378	0.16485	0.0	0.00394979	0.0	0.000692209	0.000763345	1.76859	0.0	0.934506	0.0208281	0.547104	0.112943	0.924091	0.0432566	0.396091	0.106162	0.040191	0.0111305	0.136523	0.0124686	0.221748	0.074828	-8566.7	4.0	1.43916e-05	-41855.4	4.0	1.61726e-05	1.0	2041.82	58.2394	800.765	42.0651	0.281703	0.0135089	1115.78	7.28428	
0.0-2.4	6.5-30.0	10.0-20.0	0.393-0.785	0.008	0.128	1308.0	1304.0	707.64	30.1684	596.289	28.263	-0.166269	0.160334	-0.05	0.0	0.415165	0.0	3.09297	0.0	0.0469488	0.0	0.0249159	0.0	0.03	0.0	1.492	0.0	5.0	0.0	1.733	0.0	0.0357515	0.0	1.64982e-05	0.00459169	0.194311	0.0200894	0.16485	0.0	0.00394979	0.0	0.00132057	0.00154532	1.76859	0.0	0.947903	0.0437281	0.518877	0.125951	0.906083	0.120884	0.22492	0.139128	0.0413341	0.013639	0.12943	0.0175547	0.128418	0.0679713	-2189.04	4.0	8.04225e-06	-8840.34	3.0	4.1658e-06	1.0	547.205	29.9412	160.435	19.9757	0.226719	0.0265223	1125.18	15.3828	
0.0-2.4	6.5-30.0	10.0-20.0	0.785-1.178	0.008	0.152	1231.0	1230.0	690.079	29.6155	539.855	26.9601	-0.31107	0.168985	-0.05	0.0	0.415165	0.0	3.09297	0.0	0.0469488	0.0	0.0249159	0.0	0.03	0.0	1.492	0.0	5.0	0.0	1.733	0.0	0.0357515	0.0	2.75139e-05	0.00458662	0.211486	0.0208325	0.16485	0.0	0.00394979	0.0	-0.000367741	0.00145396	1.76859	0.0	0.943199	0.0397936	1.0	0.0520772	0.42479	0.165605	0.587703	0.135307	0.0800253	15.7068	0.226547	0.0445787	0.076315	0.0239444	-2100.47	4.0	6.15586e-07	-8302.3	3.0	8.98317e-06	1.0	508.688	28.317	181.391	19.6435	0.262855	0.0261349	1121.88	13.9703	
0.0-2.4	6.5-30.0	10.0-20.0	1.178-1.571	0.008	0.12	1139.0	1135.0	662.217	28.7858	472.726	25.2814	-0.600377	0.182482	-0.05	0.0	0.415165	0.0	3.09297	0.0	0.0469488	0.0	0.0249159	0.0	0.03	0.0	1.492	0.0	5.0	0.0	1.733	0.0	0.0357515	0.0	2.02273e-05	0.00458997	0.18447	0.0161741	0.16485	0.0	0.00394979	0.0	0.000700665	0.001758	1.76859	0.0	0.953979	0.0500285	0.600654	0.0874296	0.932175	0.071248	0.427312	0.110064	0.054984	0.0170292	0.138161	0.0225865	0.323314	0.192807	-1876.72	4.0	6.95268e-06	-7611.82	3.0	3.75694e-06	1.0	441.086	27.807	221.13	22.3159	0.333924	0.0304124	1129.46	17.6449	
0.0-2.4	6.5-30.0	10.0-30.0	0.000-0.393	0.008	0.128	2463.0	2460.0	1381.06	41.7869	1078.93	38.0006	0.0423847	0.119177	-0.05	0.0	0.415165	0.0	3.09297	0.0	0.0469488	0.0	0.0241389	0.0	0.03	0.0	1.492	0.0	5.0	0.0	1.733	0.0	0.0354384	0.0	1.2601e-05	0.000103615	0.213363	0.0141349	0.16485	0.0	0.00394979	0.0	0.000729477	0.00102172	1.76859	0.0	0.90114	0.0259096	0.689029	0.755393	0.574955	0.330913	0.42631	0.194638	0.0236981	0.0235769	0.142149	0.0263628	0.0744269	0.0282034	-4328.23	4.0	1.60448e-06	-18335.7	3.0	1.22412e-06	1.0	1015.81	39.7632	365.259	27.5426	0.264476	0.0182672	1092.62	8.92314	
0.0-2.4	6.5-30.0	10.0-30.0	0.000-1.571	0.004	0.164	8720.0	8719.0	5072.02	80.4248	3646.22	71.0092	-0.190758	0.0650384	-0.05	0.0	0.415165	0.0	3.09297	0.0	0.0469488	0.0	0.0241389	0.000687447	0.03	0.0	1.492	0.0	5.0	0.0	1.733	0.0	0.0354384	0.000136926	1.00384e-05	0.000248775	0.20236	0.00698408	0.16485	0.0	0.00394979	0.0	0.00135527	0.000549444	1.76859	0.0	0.902517	0.0150098	0.518784	0.0674049	0.958108	0.0281776	0.37284	0.0722464	0.0420972	0.00661182	0.140731	0.00862254	0.215027	0.0776566	-15357.7	4.0	9.60677e-07	-76312.7	4.0	8.1374e-05	1.0	3698.98	76.7257	1373.05	54.0432	0.27071	0.00975226	1093.57	5.1727	
0.0-2.4	6.5-30.0	10.0-30.0	0.393-0.785	0.008	0.145	2261.0	2260.0	1280.21	40.1281	979.778	36.1913	-0.165301	0.12524	-0.05	0.0	0.415165	0.0	3.09297	0.0	0.0469488	0.0	0.0241389	0.0	0.03	0.0	1.492	0.0	5.0	0.0	1.733	0.0	0.0354384	0.0	1.89238e-05	0.00459057	0.187107	0.0131499	0.16485	0.0	0.00394979	0.0	0.000977493	0.00111555	1.76859	0.0	0.931551	0.0314521	0.570003	0.0827656	0.999996	0.125628	0.399456	0.0917796	0.0530076	0.0090739	0.142236	0.0139593	0.0200058	3.07587	-3937.11	4.0	9.70246e-07	-16677.1	3.0	3.47871e-06	1.0	940.996	39.2107	339.216	27.9384	0.264969	0.020181	1113.72	10.9854	
0.0-2.4	6.5-30.0	10.0-30.0	0.785-1.178	0.008	0.152	2032.0	2031.0	1218.08	38.7658	812.884	33.1311	-0.353181	0.138193	-0.05	0.0	0.415165	0.0	3.09297	0.0	0.0469488	0.0	0.0241389	0.0	0.03	0.0	1.492	0.0	5.0	0.0	1.733	0.0	0.0354384	0.0	2.75139e-05	0.00458662	0.2171	0.0155426	0.16485	0.0	0.00394979	0.0	-0.000293586	0.00106906	1.76859	0.0	0.889004	0.0291798	0.746788	0.854924	0.51398	0.382758	0.428675	0.224435	0.0286978	0.0404717	0.190033	0.0314879	0.0637573	0.0225076	-3675.99	4.0	1.51508e-06	-14884.4	3.0	8.7891e-06	1.0	898.006	36.8295	320.076	25.3653	0.26277	0.019071	1084.29	9.99024	
0.0-2.4	6.5-30.0	10.0-30.0	1.178-1.571	0.008	0.145	1964.0	1963.0	1192.24	38.36	770.733	32.4038	-0.367061	0.142061	-0.05	0.0	0.415165	0.0	3.09297	0.0	0.0469488	0.0	0.0241389	0.0	0.03	0.0	1.492	0.0	5.0	0.0	1.733	0.0	0.0354384	0.0	1.49137e-05	0.00459242	0.187999	0.0129092	0.16485	0.0	0.00394979	0.0	0.000693522	0.00120364	1.76859	0.0	0.901625	0.0343954	0.545424	0.0606552	0.966445	0.0311473	0.37966	0.0889325	0.0476381	0.00937329	0.152276	0.019016	0.366966	0.205591	-3436.15	4.0	7.22907e-06	-14330.2	3.0	4.48309e-06	1.0	831.25	37.0313	360.988	28.123	0.302782	0.0214828	1092.96	11.8484	
0.0-2.4	6.5-30.0	10.0-60.0	0.000-0.393	0.008	0.152	3648.0	3647.0	2176.72	51.8369	1470.23	44.5042	-0.104053	0.102389	-0.05	0.0	0.415165	0.0	3.09297	0.0	0.0469488	0.0	0.0246017	0.0	0.03	0.0	1.492	0.0	5.0	0.0	1.733	0.0	0.035624	0.0	1.26244e-05	0.000102978	0.196777	0.0105474	0.16485	0.0	0.00394979	0.0	0.000686343	0.000789735	1.76859	0.0	0.864875	0.0204245	0.630184	0.314369	0.709798	0.295002	0.420932	0.199714	0.0262355	0.020993	0.152892	0.023614	0.078171	0.0392963	-6774.01	4.0	4.92874e-06	-28847.8	3.0	2.56424e-06	1.0	1605.64	49.7897	571.077	34.6683	0.262357	0.0146502	1067.86	6.90754	
0.0-2.4	6.5-30.0	10.0-60.0	0.000-1.571	0.004	0.164	12927.0	12925.0	8101.29	100.204	4822.89	82.2335	-0.274386	0.0568017	-0.05	0.0	0.415165	0.0	3.09297	0.0	0.0469488	0.0	0.0246017	0.000535235	0.03	0.0	1.492	0.0	5.0	0.0	1.733	0.0	0.035624	0.000108086	1.00384e-05	0.000248775	0.191307	0.00540232	0.16485	0.0	0.00394979	0.0	-0.000720553	0.000435547	1.76859	0.0	0.867696	0.0118373	0.963228	0.0340837	0.377652	0.0421934	0.279532	0.0721862	0.202985	0.0992905	0.189509	0.0103718	0.0460312	0.00632654	-24128.9	4.0	7.25686e-05	-119226.0	4.0	0.000115732	1.0	5920.75	97.131	2180.54	69.2733	0.26916	0.00787619	1069.77	4.00926	
0.0-2.4	6.5-30.0	10.0-60.0	0.393-0.785	0.008	0.145	3380.0	3379.0	2095.29	50.5742	1283.67	41.7887	-0.312939	0.110077	-0.05	0.0	0.415165	0.0	3.09297	0.0	0.0469488	0.0	0.0246017	0.0	0.03	0.0	1.492	0.0	5.0	0.0	1.733	0.0	0.035624	0.0	1.89238e-05	0.00459057	0.183851	0.0104361	0.16485	0.0	0.00394979	0.0	0.000633122	0.000889754	1.76859	0.0	0.933294	0.0254421	0.554479	1.34973	0.999939	9.3614	0.396509	2.31609	0.0506056	0.0982315	0.167156	0.224733	0.034198	46.6353	-6245.03	4.0	4.78812e-05	-26605.1	3.0	9.25542e-06	1.0	1557.32	49.7057	537.974	35.019	0.256753	0.0155217	1114.94	8.89315	
0.0-2.4	6.5-30.0	10.0-60.0	0.785-1.178	0.008	0.152	2992.0	2991.0	1932.18	48.3059	1058.84	38.214	-0.310999	0.121475	-0.05	0.0	0.415165	0.0	3.09297	0.0	0.0469488	0.0	0.0246017	0.0	0.03	0.0	1.492	0.0	5.0	0.0	1.733	0.0	0.035624	0.0	2.75139e-05	0.00458662	0.19914	0.0116817	0.16485	0.0	0.00394979	0.0	-0.00034659	0.000873013	1.76859	0.0	0.865477	0.0234232	0.836343	0.258234	0.468447	0.225206	0.290039	0.180254	0.0807234	0.0529913	0.195124	0.0259857	0.0386828	0.0204859	-5733.15	4.0	4.55475e-07	-23315.3	3.0	1.72924e-05	1.0	1428.95	46.6873	503.222	32.5839	0.260443	0.0155561	1068.27	7.92419	
0.0-2.4	6.5-30.0	10.0-60.0	1.178-1.571	0.008	0.152	2907.0	2906.0	1899.1	47.8887	1006.84	37.4311	-0.435714	0.124914	-0.05	0.0	0.415165	0.0	3.09297	0.0	0.0469488	0.0	0.0246017	0.0	0.03	0.0	1.492	0.0	5.0	0.0	1.733	0.0	0.035624	0.0	1.96612e-05	0.00459023	0.191557	0.010636	0.16485	0.0	0.00394979	0.0	0.000745394	0.000940178	1.76859	0.0	0.882504	0.0261152	0.565291	0.0496044	0.976838	0.0179096	0.346494	0.0759279	0.0502745	0.00796372	0.162764	0.0168288	0.507999	0.271897	-5390.93	4.0	1.99944e-05	-22588.3	3.0	1.52246e-05	1.0	1354.74	46.3004	544.361	34.1339	0.286642	0.0164563	1079.84	8.91218	
0.0-2.4	6.5-30.0	20.0-30.0	0.000-0.393	0.008	0.105	1016.0	1013.0	598.081	27.2775	414.917	23.6833	-0.109843	0.192376	-0.05	0.0	0.415165	0.0	3.09297	0.0	0.0469488	0.0	0.0232	0.0	0.03	0.0	1.492	0.0	5.0	0.0	1.733	0.0	0.0350697	0.0	1.25371e-05	0.000105445	0.229445	0.0257053	0.16485	0.0	0.00394979	0.0	0.00368316	0.00146415	1.76859	0.0	0.882845	0.0372979	0.553437	0.19218	0.926606	1.02058	0.407951	0.134858	0.0552207	0.0182769	0.119948	0.0365143	0.0566625	0.121006	-1913.87	4.0	1.13434e-05	-6704.48	3.0	1.08801e-06	1.0	473.692	26.1583	124.389	15.8018	0.20798	0.0246594	1080.08	12.7306	
0.0-2.4	6.5-30.0	20.0-30.0	0.000-1.571	0.008	0.136	3595.0	3592.0	2226.75	52.4498	1365.06	43.4687	-0.188494	0.106482	-0.05	0.0	0.415165	0.0	3.09297	0.0	0.0469488	0.0	0.0232	0.000964049	0.03	0.0	1.492	0.0	5.0	0.0	1.733	0.0	0.0350697	0.000186491	3.37928e-05	7.02542e-05	0.205617	0.0108583	0.16485	0.0	0.00394979	0.0	0.00197092	0.000789851	1.76859	0.0	0.855402	0.0216745	0.503829	0.101867	0.821922	0.23984	0.285486	0.110701	0.0432064	0.00747541	0.151035	0.0176984	0.0415016	0.0229442	-6804.6	4.0	6.50915e-07	-28535.5	4.0	2.19147e-05	1.0	1653.01	49.9646	573.739	34.1042	0.257658	0.014062	1061.47	7.29364	
0.0-2.4	6.5-30.0	20.0-30.0	0.393-0.785	0.008	0.105	953.0	947.0	572.987	26.4198	373.928	22.3365	-0.143883	0.202746	-0.05	0.0	0.415165	0.0	3.09297	0.0	0.0469488	0.0	0.0232	0.0	0.03	0.0	1.492	0.0	5.0	0.0	1.733	0.0	0.0350697	0.0	2.76412e-05	0.127705	0.183127	0.0176619	0.16485	0.0	0.00394979	0.0	0.00155023	0.00161369	1.76859	0.0	0.917198	0.0467934	0.551191	0.213986	1.0	0.715752	0.514373	0.192159	0.040959	0.0168045	0.165924	0.028272	0.0200384	3.02103	-1750.74	4.0	2.05536e-05	-6244.2	3.0	5.62174e-05	1.0	399.403	25.2634	173.584	19.0565	0.302946	0.0301825	1103.72	16.2376	
0.0-2.4	6.5-30.0	20.0-30.0	0.785-1.178	0.008	0.12	801.0	799.0	526.241	24.9594	272.701	19.2198	-0.433729	0.23962	-0.05	0.0	0.415165	0.0	3.09297	0.0	0.0469488	0.0	0.0232	0.0	0.03	0.0	1.492	0.0	5.0	0.0	1.733	0.0	0.0350697	0.0	1.26912e-05	0.00459344	0.225751	0.0233794	0.16485	0.0	0.00394979	0.0	0.000134257	0.00155527	1.76859	0.0	0.820445	0.042327	0.558743	0.124909	0.749201	0.356138	0.148233	0.245658	0.0403538	0.0129543	0.135174	0.0298111	0.0348139	0.0317734	-1583.21	4.0	1.24963e-06	-5213.19	3.0	3.32968e-05	1.0	387.51	23.4296	138.73	15.9511	0.263625	0.0276122	1038.17	13.9679	
0.0-2.4	6.5-30.0	20.0-30.0	1.178-1.571	0.008	0.128	825.0	823.0	529.459	25.3268	293.497	20.137	-0.0277258	0.229202	-0.05	0.0	0.415165	0.0	3.09297	0.0	0.0469488	0.0	0.0232	0.0	0.03	0.0	1.492	0.0	5.0	0.0	1.733	0.0	0.0350697	0.0	3.66622e-05	0.000202958	0.191459	0.0212161	0.16485	0.0	0.00394979	0.0	0.000123071	0.00164188	1.76859	0.0	0.82615	0.0474673	0.552014	0.415375	0.527431	0.379229	0.0966135	0.203414	0.0404756	0.0166221	0.206845	0.0474636	0.0363467	0.0175283	-1560.27	4.0	8.58386e-08	-5351.24	3.0	1.21508e-05	1.0	387.787	24.464	141.672	17.3297	0.267578	0.0301244	1041.94	15.7161	
0.0-2.4	6.5-30.0	30.0-60.0	0.000-0.393	0.008	0.12	1185.0	1183.0	794.303	30.6039	388.699	23.0432	-0.482205	0.201381	-0.05	0.0	0.415165	0.0	3.09297	0.0	0.0469488	0.0	0.0252977	0.0	0.03	0.0	1.492	0.0	5.0	0.0	1.733	0.0	0.035908	0.0	1.2559e-05	0.000104568	0.167099	0.0148713	0.16485	0.0	0.00394979	0.0	0.000155478	0.00121479	1.76859	0.0	0.772278	0.0329927	0.588607	0.352245	0.713518	0.768226	0.212749	0.308667	0.0321434	0.0197529	0.179032	0.0288011	0.0202106	0.400837	-2470.65	4.0	1.5282e-05	-8199.48	3.0	5.99512e-08	1.0	583.347	29.8466	210.956	21.2535	0.265586	0.0247235	1006.84	10.5673	
0.0-2.4	6.5-30.0	30.0-60.0	0.000-1.571	0.008	0.145	4207.0	4205.0	3030.33	59.7057	1175.06	41.3448	-0.54038	0.116809	-0.05	0.0	0.415165	0.0	3.09297	0.0	0.0469488	0.0	0.0252977	0.000862001	0.03	0.0	1.492	0.0	5.0	0.0	1.733	0.0	0.035908	0.000177583	3.69686e-05	0.0287936	0.176635	0.00840887	0.16485	0.0	0.00394979	0.0	-0.000839406	0.000706821	1.76859	0.0	0.828751	0.0191388	0.999833	0.168792	0.374561	0.04444	0.148077	0.0622628	0.00715982	0.880142	0.231644	0.0205314	0.044487	0.00553169	-8859.25	4.0	1.53609e-07	-34827.2	4.0	5.45637e-05	1.0	2242.03	58.838	788.299	41.8544	0.260136	0.0128256	1043.67	6.34617	
0.0-2.4	6.5-30.0	30.0-60.0	0.393-0.785	0.008	0.096	1119.0	1115.0	812.887	30.6334	302.077	20.6783	-0.807023	0.232662	-0.05	0.0	0.415165	0.0	3.09297	0.0	0.0469488	0.0	0.0252977	0.0	0.03	0.0	1.492	0.0	5.0	0.0	1.733	0.0	0.035908	0.0	1.0155e-05	0.000596844	0.169956	0.0171234	0.16485	0.0	0.00394979	0.0	-0.00117115	0.00145813	1.76859	0.0	0.882547	0.0431845	0.664972	0.801336	0.456285	0.359856	0.0603707	0.138829	0.036246	0.0300515	0.260948	0.0517981	0.0447344	0.0150466	-2345.55	4.0	1.82928e-07	-7780.91	3.0	6.9271e-06	1.0	606.772	30.7041	206.115	21.9139	0.253559	0.0252079	1079.87	14.7376	
0.0-2.4	6.5-30.0	30.0-60.0	0.785-1.178	0.008	0.12	960.0	958.0	714.301	28.7451	243.697	18.86	-0.19322	0.25508	-0.05	0.0	0.415165	0.0	3.09297	0.0	0.0469488	0.0	0.0252977	0.0	0.03	0.0	1.492	0.0	5.0	0.0	1.733	0.0	0.035908	0.0	1.26912e-05	0.00459344	0.173272	0.017014	0.16485	0.0	0.00394979	0.0	0.000445959	0.00151653	1.76859	0.0	0.85819	0.0390523	0.703917	0.10964	0.98563	0.0179943	0.272636	0.111483	0.0546351	0.0196652	0.160277	0.0259936	1.15944	1.32556	-2078.12	4.0	7.63658e-05	-6560.51	3.0	5.25097e-08	1.0	534.23	28.7008	180.071	20.3483	0.252094	0.0266194	1063.35	13.161	
0.0-2.4	6.5-30.0	30.0-60.0	1.178-1.571	0.008	0.105	943.0	940.0	705.481	28.5889	234.512	18.6113	-0.659408	0.262486	-0.05	0.0	0.415165	0.0	3.09297	0.0	0.0469488	0.0	0.0252977	0.0	0.03	0.0	1.492	0.0	5.0	0.0	1.733	0.0	0.035908	0.0	4.85093e-05	0.000406753	0.196797	0.0186064	0.16485	0.0	0.00394979	0.0	0.000658063	0.00150639	1.76859	0.0	0.869221	0.0395789	0.660162	0.0889756	1.0	2.10518	0.322867	0.0889779	0.0609047	0.0148527	0.211628	0.0292104	0.877508	17.5485	-1972.36	4.0	2.78966e-08	-6420.2	3.0	9.02006e-07	1.0	520.925	27.7347	184.556	19.4812	0.261604	0.025498	1070.81	13.4158	
0.0-2.4	6.5-30.0	60.0-100.0	0.000-0.393	0.016	0.056	133.0	129.0	109.605	11.03	19.3867	5.60489	0.565756	0.851251	-0.05	0.0	0.413807	0.0	3.09296	0.0	0.047	0.0	0.023291	0.0	0.03	0.0	1.492	0.0	5.0	0.0	1.733	0.0	0.0351012	0.0	3.21189e-05	0.00016782	0.238967	0.0520636	0.194806	0.0	0.00388621	0.0	0.00305456	0.00383425	1.71005	0.0	0.845856	0.119209	0.735074	0.152546	1.0	0.0421524	3.98696e-06	0.160309	0.0859266	0.0608409	0.12355	0.0446525	2.41186	2.09363	-303.39	4.0	2.21087e-05	-658.079	3.0	6.39273e-05	1.0	80.2099	10.2865	29.3947	7.02911	0.268189	0.058176	1070.4	37.9253	
0.0-2.4	6.5-30.0	60.0-100.0	0.000-1.571	0.016	0.088	524.0	518.0	431.772	21.9064	86.2867	11.5973	-0.238871	0.432123	-0.05	0.0	0.413807	0.0	3.09296	0.0	0.047	0.0	0.023291	0.00210344	0.03	0.0	1.492	0.0	5.0	0.0	1.733	0.0	0.0351012	0.00040908	1.00848e-05	2.72625e-05	0.214338	0.0273499	0.194806	0.0	0.00388621	0.0	0.000886634	0.00165065	1.71005	0.0	0.77919	0.044713	0.893914	0.131263	0.999989	5.89188	0.24567	0.0862282	0.067939	0.0451669	0.172657	0.024619	0.142569	47.974	-1294.01	4.0	3.25827e-08	-3356.94	4.0	0.000108477	1.0	336.331	21.1911	95.4401	13.4657	0.221043	0.0291009	1028.85	13.6332	
0.0-2.4	6.5-30.0	60.0-100.0	0.393-0.785	0.016	0.073	122.0	120.0	99.142	10.4389	20.8534	5.53912	-0.536769	0.860765	-0.05	0.0	0.413807	0.0	3.09296	0.0	0.047	0.0	0.023291	0.0	0.03	0.0	1.492	0.0	5.0	0.0	1.733	0.0	0.0351012	0.0	3.01358e-05	2.93372	0.225641	0.065118	0.194806	0.0	0.00388621	0.0	-0.000637762	0.00296552	1.71005	0.0	0.743728	0.0859805	0.999969	0.483167	0.999999	3.61135	0.713793	0.0550809	0.00753263	4.03339	0.254372	0.0494455	0.0279911	13.9787	-318.878	4.0	6.68128e-05	-602.698	3.0	4.11302e-06	1.0	80.5056	10.1192	18.6364	5.86477	0.187977	0.0557458	1007.49	25.553	
0.0-2.4	6.5-30.0	60.0-100.0	0.785-1.178	0.016	0.088	151.0	148.0	113.282	11.3432	34.755	7.08052	-0.172204	0.663544	-0.05	0.0	0.413807	0.0	3.09296	0.0	0.047	0.0	0.023291	0.0	0.03	0.0	1.492	0.0	5.0	0.0	1.733	0.0	0.0351012	0.0	3.82827e-05	0.000150588	0.241217	0.0817899	0.194806	0.0	0.00388621	0.0	-0.000977832	0.00327954	1.71005	0.0	0.853225	0.0788947	0.999983	1.22226	0.999998	5.75132	0.0387053	0.190592	0.00850416	0.815737	0.1759	0.0649346	0.0424421	25.5181	-357.844	4.0	3.16309e-05	-750.47	3.0	8.51454e-05	1.0	99.1054	11.2535	14.177	5.49344	0.125147	0.0468463	1075.1	25.2077	
0.0-2.4	6.5-30.0	60.0-100.0	1.178-1.571	0.016	0.088	118.0	118.0	107.21	10.7255	10.7888	4.31436	-1.11424	1.18613	-0.05	0.0	0.413807	0.0	3.09296	0.0	0.047	0.0	0.023291	0.0	0.03	0.0	1.492	0.0	5.0	0.0	1.733	0.0	0.0351012	0.0	1.00037e-05	0.000278181	0.171273	0.0351456	0.194806	0.0	0.00388621	0.0	0.00265663	0.00295329	1.71005	0.0	0.659125	0.0753909	0.609398	0.139577	1.0	2.70695	6.80755e-06	0.150409	0.0374485	0.0235363	0.190662	0.0636444	0.162492	13.8374	-318.913	4.0	8.07827e-05	-614.848	3.0	4.74977e-06	1.0	72.126	10.0655	35.0843	7.84652	0.327247	0.0654578	958.894	20.8635	
0.0-2.4	6.5-8.0	10.0-60.0	0.000-0.393	0.016	0.128	1520.0	1517.0	712.502	31.8811	804.542	33.2945	-0.177276	0.138657	-0.05	0.0	0.603528	0.0	3.09049	0.0	0.0289798	0.0	0.0665789	0.0	0.03	0.0	1.492	0.0	5.0	0.0	1.733	0.0	0.0475849	0.0	0.000280358	0.0026809	0.215524	0.0237373	0.247328	0.0	0.00999999	0.0	0.00153531	0.00160476	1.76918	0.0	0.901256	0.0336783	0.517458	0.758477	0.8036	0.313909	0.561138	0.746221	0.0166952	0.0200893	0.142934	0.0336363	0.117365	0.073252	-2338.94	4.0	6.12243e-06	-10280.1	3.0	1.39806e-05	1.0	564.135	31.2922	148.368	19.6494	0.208235	0.0259564	1177.07	9.70443	
0.0-2.4	6.5-8.0	10.0-60.0	0.000-1.571	0.016	0.16	5209.0	5207.0	2703.89	73.7104	2502.65	72.3189	-0.157262	0.0792965	-0.05	0.0	0.603528	0.0	3.09049	0.0	0.0289798	0.0	0.0665789	0.00564137	0.03	0.0	1.492	0.0	5.0	0.0	1.733	0.0	0.0475849	0.00156471	2.99332e-05	0.00458551	0.201679	0.0113713	0.247328	0.0	0.00999999	0.0	0.00128997	0.00088932	1.76918	0.0	0.9024	0.0194983	0.532673	0.124809	0.914619	0.0767131	0.602482	0.0873235	0.0519816	0.0188275	0.153048	0.0157699	0.211663	0.0860599	-8220.57	4.0	6.93783e-08	-42061.7	4.0	8.5399e-05	1.0	2114.24	68.5515	589.652	40.4448	0.218075	0.0137259	1177.73	5.62242	
0.0-2.4	6.5-8.0	10.0-60.0	0.393-0.785	0.016	0.145	1351.0	1350.0	693.834	30.9654	656.368	30.3569	-0.128184	0.1539	-0.05	0.0	0.603528	0.0	3.09049	0.0	0.0289798	0.0	0.0665789	0.0	0.03	0.0	1.492	0.0	5.0	0.0	1.733	0.0	0.0475849	0.0	5.71468e-05	0.0356234	0.18746	0.0221644	0.247328	0.0	0.00999999	0.0	0.00208004	0.00197131	1.76918	0.0	1.0057	0.0419513	0.464195	0.703437	0.684449	0.809425	0.572264	0.288546	0.0384029	0.0495949	0.174002	0.0601362	0.0969584	0.0819999	-2127.16	4.0	6.69274e-06	-9070.88	3.0	6.83424e-05	1.0	551.743	31.3911	142.091	20.4762	0.204791	0.0280606	1239.12	12.8138	
0.0-2.4	6.5-8.0	10.0-60.0	0.785-1.178	0.016	0.152	1200.0	1199.0	670.937	29.9323	528.061	27.4424	-0.122345	0.171959	-0.05	0.0	0.603528	0.0	3.09049	0.0	0.0289798	0.0	0.0665789	0.0	0.03	0.0	1.492	0.0	5.0	0.0	1.733	0.0	0.0475849	0.0	0.000162346	0.00052087	0.194541	0.0215763	0.247328	0.0	0.00999999	0.0	-0.001188	0.00171609	1.76918	0.0	0.860168	0.0377467	1.0	0.99997	0.391714	0.184408	0.598787	0.122764	0.0740683	0.0518132	0.162331	0.0399738	0.0809272	0.0246203	-2005.44	4.0	5.12223e-07	-7998.91	3.0	4.83872e-07	1.0	521.907	29.7223	149.03	19.6339	0.222123	0.0275344	1153.7	10.5912	
0.0-2.4	6.5-8.0	10.0-60.0	1.178-1.571	0.016	0.136	1138.0	1136.0	627.038	29.0923	508.938	26.9863	-0.180128	0.17503	-0.05	0.0	0.603528	0.0	3.09049	0.0	0.0289798	0.0	0.0665789	0.0	0.03	0.0	1.492	0.0	5.0	0.0	1.733	0.0	0.0475849	0.0	1.00919e-05	0.00212113	0.208731	0.0230113	0.247328	0.0	0.00999999	0.0	0.0016992	0.00177712	1.76918	0.0	0.829075	0.0422461	0.43566	0.0891975	0.918329	0.0788215	0.564158	0.0861193	0.0574413	0.0149554	0.205368	0.0411781	0.34783	0.189852	-1768.57	4.0	6.444e-06	-7498.95	3.0	6.65055e-06	1.0	475.615	28.3367	151.423	19.1149	0.241489	0.0283508	1136.44	11.5987	
0.0-2.4	8.0-10.0	10.0-60.0	0.000-0.393	0.008	0.145	1132.0	1131.0	729.26	29.5558	401.747	23.3678	-0.0155463	0.195869	-0.05	0.0	0.451682	0.0	3.09293	0.0	0.0464284	0.0	0.023078	0.0	0.03	0.0	1.492	0.0	5.0	0.0	1.733	0.0	0.0355763	0.0	8.51781e-05	0.000319537	0.179899	0.0171542	0.22052	0.0	0.000482536	0.0	0.00121762	0.00151787	1.61158	0.0	0.835721	0.0387261	0.576153	0.0292006	0.999942	4.25176	0.315576	0.0481774	0.0429951	0.00379088	0.137436	0.00893926	0.0200048	12.7596	-2229.69	4.0	1.85987e-05	-7731.39	3.0	2.26787e-07	1.0	547.721	28.7843	181.539	19.746	0.248936	0.0251269	1056.95	11.934	
0.0-2.4	8.0-10.0	10.0-60.0	0.000-1.571	0.008	0.145	3913.0	3912.0	2609.36	56.0517	1302.41	42.8348	-0.311473	0.109539	-0.05	0.0	0.451682	0.0	3.09293	0.0	0.0464284	0.0	0.023078	0.000959902	0.03	0.0	1.492	0.0	5.0	0.0	1.733	0.0	0.0355763	0.000170713	8.96232e-05	0.000224682	0.191288	0.00943857	0.22052	0.0	0.000482536	0.0	0.00173539	0.000833435	1.61158	0.0	0.853144	0.0224384	0.530117	0.00138427	0.999999	0.0779526	0.326913	0.00169912	0.0432041	0.000190342	0.179571	0.000564378	0.0207885	4.0469	-7633.65	4.0	3.86623e-06	-31749.3	4.0	3.22208e-05	1.0	1920.65	54.1149	688.706	38.0145	0.263937	0.01342	1067.75	6.98749	
0.0-2.4	8.0-10.0	10.0-60.0	0.393-0.785	0.008	0.12	1049.0	1049.0	691.877	28.7111	357.096	22.1259	-0.400656	0.209015	-0.05	0.0	0.451682	0.0	3.09293	0.0	0.0464284	0.0	0.023078	0.0	0.03	0.0	1.492	0.0	5.0	0.0	1.733	0.0	0.0355763	0.0	0.000180866	0.000958622	0.179565	0.0176751	0.22052	0.0	0.000482536	0.0	0.000638706	0.00172137	1.61158	0.0	0.875451	0.0526402	0.654907	0.156982	0.692425	0.346233	0.262489	0.236206	0.0416302	0.0175396	0.224545	0.0397354	0.037345	0.0246603	-1991.98	4.0	8.53052e-06	-7122.1	3.0	5.10917e-06	1.0	495.963	28.2086	195.913	20.9341	0.283162	0.027882	1081.73	16.6037	
0.0-2.4	8.0-10.0	10.0-60.0	0.785-1.178	0.008	0.112	892.0	889.0	595.495	26.6097	293.478	20.152	-0.423291	0.231307	-0.05	0.0	0.451682	0.0	3.09293	0.0	0.0464284	0.0	0.023078	0.0	0.03	0.0	1.492	0.0	5.0	0.0	1.733	0.0	0.0355763	0.0	0.000152887	0.000500196	0.229732	0.0226686	0.22052	0.0	0.000482536	0.0	0.00169041	0.00166522	1.61158	0.0	0.890692	0.0446284	0.721989	0.0169524	1.0	21.022	0.620595	0.0120398	0.0537068	0.003236	0.173017	0.00511271	0.0253906	52.7231	-1736.05	4.0	1.03643e-06	-5899.96	3.0	5.69382e-06	1.0	437.32	25.0916	158.174	17.2531	0.265618	0.0264299	1091.38	14.195	
0.0-2.4	8.0-10.0	10.0-60.0	1.178-1.571	0.008	0.112	840.0	838.0	593.27	26.3158	244.732	18.5467	-0.50438	0.254456	-0.05	0.0	0.451682	0.0	3.09293	0.0	0.0464284	0.0	0.023078	0.0	0.03	0.0	1.492	0.0	5.0	0.0	1.733	0.0	0.0355763	0.0	0.000191479	0.00117239	0.178922	0.0183399	0.22052	0.0	0.000482536	0.0	-0.000385295	0.00183288	1.61158	0.0	0.851377	0.0477098	0.618474	0.0761256	0.999999	0.0334182	0.318962	0.0947072	0.0598511	0.015675	0.205588	0.0318474	0.479257	2.62945	-1679.89	4.0	5.0863e-07	-5573.75	3.0	3.63383e-06	1.0	431.589	25.9353	161.681	18.9097	0.272525	0.0294923	1066.65	14.8417	
1.2-1.6	6.5-30.0	10.0-60.0	0.000-0.393	0.008	0.12	962.0	960.0	540.211	26.2645	419.786	23.8621	0.0491833	0.19115	-0.05	0.0	0.452639	0.0	3.09131	0.0	0.0460636	0.0	0.0315546	0.0	0.03	0.0	1.492	0.0	5.0	0.0	1.733	0.0	0.0388	0.0	7.71029e-05	0.00456383	0.181632	0.0211773	0.103775	0.0	0.00999984	0.0	-0.000130704	0.00174324	2.09199	0.0	0.984408	0.0440633	0.878265	0.158478	0.404462	0.347384	0.145202	0.703994	0.123191	0.0967309	0.136764	0.0279858	0.0241617	0.0627465	-1666.99	4.0	1.37958e-06	-6218.71	3.0	1.21526e-06	1.0	408.606	26.2207	131.605	18.2704	0.243618	0.0316791	1150.07	16.9011	
1.2-1.6	6.5-30.0	10.0-60.0	0.000-1.571	0.008	0.128	3264.0	3259.0	1950.83	50.3742	1307.97	43.5307	-0.216477	0.108917	-0.05	0.0	0.452639	0.0	3.09131	0.0	0.0460636	0.0	0.0315546	0.00163225	0.03	0.0	1.492	0.0	5.0	0.0	1.733	0.0	0.0388	0.000363297	2.94195e-05	0.000284662	0.183107	0.0111559	0.103775	0.0	0.00999984	0.0	0.00161017	0.000927624	2.09199	0.0	0.997162	0.0242875	0.66578	0.154532	0.753217	0.332622	0.474252	0.220424	0.0770723	0.0210596	0.178667	0.0239051	0.0382777	0.0614813	-5748.12	4.0	4.16271e-07	-25258.2	4.0	3.15105e-05	1.0	1460.74	49.7594	490.09	34.8341	0.251221	0.016636	1159.87	9.35673	
1.2-1.6	6.5-30.0	10.0-60.0	0.393-0.785	0.008	0.128	864.0	863.0	492.484	25.0819	370.483	22.5189	-0.32336	0.204331	-0.05	0.0	0.452639	0.0	3.09131	0.0	0.0460636	0.0	0.0315546	0.0	0.03	0.0	1.492	0.0	5.0	0.0	1.733	0.0	0.0388	0.0	1.04212e-05	0.0017469	0.171263	0.0202358	0.103775	0.0	0.00999984	0.0	0.00154463	0.00201868	2.09199	0.0	1.11539	0.0500281	0.685552	0.213891	0.999936	1.03108	0.703718	0.102963	0.0976044	0.0515129	0.220152	0.0437585	0.0316195	5.86839	-1438.93	4.0	7.15306e-06	-5504.0	3.0	5.91043e-06	1.0	352.567	25.4131	139.917	19.3439	0.284104	0.0365159	1252.65	19.9616	
1.2-1.6	6.5-30.0	10.0-60.0	0.785-1.178	0.008	0.128	745.0	744.0	467.329	24.042	276.667	19.682	-0.468393	0.238308	-0.05	0.0	0.452639	0.0	3.09131	0.0	0.0460636	0.0	0.0315546	0.0	0.03	0.0	1.492	0.0	5.0	0.0	1.733	0.0	0.0388	0.0	7.39757e-05	0.000766255	0.178068	0.0234657	0.103775	0.0	0.00999984	0.0	0.000318917	0.001733	2.09199	0.0	0.910532	0.046608	0.620889	0.00211152	1.0	15.1723	0.397131	0.00229043	0.0573027	0.000398799	0.13924	0.000600017	0.0767717	61.8085	-1410.3	4.0	7.46199e-05	-4700.06	3.0	1.34168e-06	1.0	365.029	24.1934	102.299	16.1357	0.218902	0.0326393	1094.16	17.3804	
1.2-1.6	6.5-30.0	10.0-60.0	1.178-1.571	0.008	0.105	693.0	688.0	452.486	23.4987	235.512	18.309	-0.238949	0.257398	-0.05	0.0	0.452639	0.0	3.09131	0.0	0.0460636	0.0	0.0315546	0.0	0.03	0.0	1.492	0.0	5.0	0.0	1.733	0.0	0.0388	0.0	0.000187286	0.00108795	0.19977	0.0243287	0.103775	0.0	0.00999984	0.0	0.00348456	0.00193205	2.09199	0.0	0.980114	0.0520333	0.554783	0.0981318	0.831686	0.853446	0.364812	0.359861	0.0788187	0.0231983	0.228175	0.0501602	0.0241531	0.188512	-1245.02	4.0	1.22615e-05	-4326.57	3.0	2.09152e-08	1.0	334.245	22.9735	118.241	16.2537	0.261315	0.0332588	1146.78	19.9281	
1.2-2.4	6.5-30.0	10.0-60.0	0.000-0.393	0.008	0.152	2168.0	2167.0	1158.92	39.2163	1008.08	37.2434	-0.230094	0.123805	-0.05	0.0	0.535763	0.0	3.09126	0.0	0.0531694	0.0	0.0313982	0.0	0.03	0.0	1.492	0.0	5.0	0.0	1.733	0.0	0.0444101	0.0	6.82157e-05	0.000215632	0.184711	0.0151632	0.162424	0.0	0.00569552	0.0	0.000604348	0.00113973	1.80411	0.0	0.85835	0.0259755	0.862891	0.0898072	0.517102	0.217042	0.36473	0.246327	0.118739	0.0520457	0.1423	0.0178608	0.0304361	0.0178427	-3625.99	4.0	4.07859e-07	-15629.4	3.0	3.54224e-08	1.0	888.217	38.9915	270.704	26.4743	0.233583	0.0214329	1070.4	8.72323	
1.2-2.4	6.5-30.0	10.0-60.0	0.000-1.571	0.008	0.16	7401.0	7399.0	4271.37	75.5203	3127.71	67.5254	-0.35901	0.0707188	-0.05	0.0	0.535763	0.0	3.09126	0.0	0.0531694	0.0	0.0313982	0.0013011	0.03	0.0	1.492	0.0	5.0	0.0	1.733	0.0	0.0444101	0.000213523	2.84753e-05	0.00013348	0.183046	0.00760081	0.162424	0.0	0.00569552	0.0	0.00155316	0.000656904	1.80411	0.0	0.900981	0.0159954	0.748234	0.121363	0.545825	0.166774	0.352698	0.135046	0.0748857	0.0196767	0.175602	0.0137642	0.0335154	0.0125243	-12332.4	4.0	1.66145e-06	-62871.4	4.0	5.24655e-06	1.0	3191.16	74.8287	1080.21	52.7324	0.252896	0.0115074	1099.35	5.48994	
1.2-2.4	6.5-30.0	10.0-60.0	0.393-0.785	0.008	0.145	1900.0	1899.0	1086.46	37.497	812.413	33.6467	-0.430492	0.138862	-0.05	0.0	0.535763	0.0	3.09126	0.0	0.0531694	0.0	0.0313982	0.0	0.03	0.0	1.492	0.0	5.0	0.0	1.733	0.0	0.0444101	0.0	1.22644e-05	0.000827478	0.163243	0.0136691	0.162424	0.0	0.00569552	0.0	0.0017482	0.00144957	1.80411	0.0	0.992715	0.0350402	0.852797	0.760083	0.513845	0.402191	0.455641	0.232702	0.097233	0.122489	0.202416	0.0351185	0.0399439	0.0274089	-3111.04	4.0	0.00011342	-13550.6	3.0	2.30537e-05	1.0	793.17	38.7935	293.288	29.292	0.269948	0.0253001	1163.65	12.5188	
1.2-2.4	6.5-30.0	10.0-60.0	0.785-1.178	0.008	0.152	1708.0	1707.0	1020.73	36.2155	686.264	31.2592	-0.408405	0.15137	-0.05	0.0	0.535763	0.0	3.09126	0.0	0.0531694	0.0	0.0313982	0.0	0.03	0.0	1.492	0.0	5.0	0.0	1.733	0.0	0.0444101	0.0	0.000102317	0.000489226	0.192489	0.0166381	0.162424	0.0	0.00569552	0.0	0.00155305	0.00135642	1.80411	0.0	0.944822	0.0339754	0.652549	0.0677013	0.813323	0.0856983	0.391903	0.0848541	0.0506687	0.012746	0.148019	0.0176535	0.0200035	3.0668	-2885.32	4.0	4.84315e-05	-12043.9	3.0	1.59301e-07	1.0	784.253	35.8697	236.479	24.141	0.231676	0.0221763	1129.76	11.8994	
1.2-2.4	6.5-30.0	10.0-60.0	1.178-1.571	0.008	0.152	1625.0	1624.0	1007.23	35.762	616.745	29.8072	-0.414762	0.159798	-0.05	0.0	0.535763	0.0	3.09126	0.0	0.0531694	0.0	0.0313982	0.0	0.03	0.0	1.492	0.0	5.0	0.0	1.733	0.0	0.0444101	0.0	0.000157903	0.000565848	0.194668	0.0156638	0.162424	0.0	0.00569552	0.0	0.00220779	0.00135514	1.80411	0.0	0.851653	0.0359993	0.642636	0.102586	0.440834	0.214481	0.0543968	0.640503	0.0634903	0.0200888	0.211605	0.0295438	0.0200003	0.022888	-2726.73	4.0	2.06487e-06	-11430.5	3.0	2.92299e-06	1.0	727.369	34.9965	279.863	25.6231	0.277854	0.0234484	1065.91	12.0456	
1.6-2.4	3.0-6.5	0.0-100.0	0.000-0.393	0.016	0.232	8727.0	8726.0	1761.44	64.6151	6964.31	96.8342	-0.162273	0.0466496	-0.05	0.0	5.05156e-07	0.0	3.09054	0.0	0.0501803	0.0	0.0505216	0.0	0.03	0.0	1.86	0.0	5.0	0.0	1.38	0.0	0.0505216	0.0	0.000116838	0.000421882	0.258678	0.0306441	0.236067	0.124463	0.00729005	0.0127625	0.00830757	0.00103657	1.8607	0.245023	0.948165	0.0149401	1.0	25.7117	0.539312	0.0442563	0.691922	0.0226643	0.0215257	25.6471	0.17019	0.00880599	0.0690834	0.00822849	-8616.89	4.0	6.88255e-06	-71898.0	3.0	1.73214e-05	1.0	1559.95	66.6406	201.491	34.9435	0.11439	0.0193892	1226.42	78.5736	
1.6-2.4	3.0-6.5	0.0-100.0	0.000-1.571	0.016	0.264	31882.0	31880.0	6321.72	247.874	25558.6	243.472	-0.13558	0.0310997	-0.05	0.0	5.05156e-07	0.853852	3.09054	0.000937557	0.0501803	0.0898344	0.0505216	0.00103436	0.03	0.0	1.86	0.0	5.0	0.0	1.38	0.0	0.0505216	0.000537176	1.3729e-05	0.00459296	0.234834	0.013811	0.173641	0.119565	0.0248856	0.0127773	0.00724991	0.000532961	1.74699	0.202734	1.02748	0.00784166	0.999999	0.0139999	0.565162	0.0410866	0.754546	0.0135703	0.0212352	0.844592	0.179749	0.00763407	0.101748	0.00837381	-31265.0	4.0	7.60862e-06	-303922.0	7.0	0.000651282	1.0	5466.12	225.197	855.6	76.8341	0.135343	0.0109342	1184.21	56.7551	
1.6-2.4	3.0-6.5	0.0-100.0	0.393-0.785	0.016	0.264	8182.0	8181.0	1552.37	61.9201	6628.67	94.3957	-0.196029	0.0478237	-0.05	0.0	5.05156e-07	0.0	3.09054	0.0	0.0501803	0.0	0.0505216	0.0	0.03	0.0	1.86	0.0	5.0	0.0	1.38	0.0	0.0505216	0.0	0.000137229	0.000596044	0.259923	0.0275559	0.360587	0.290947	0.011093	0.0173419	0.00288101	0.00122896	1.52994	0.217467	0.885965	0.0187843	1.0	28.8584	0.758564	0.0345508	0.675784	0.00569235	0.0127426	46.391	0.131821	0.00238415	0.11656	0.0095695	-7841.48	4.0	2.82487e-06	-66826.0	3.0	8.09815e-06	1.0	1329.17	62.416	223.199	34.1201	0.143779	0.0212179	1160.14	110.494	
1.6-2.4	3.0-6.5	0.0-100.0	0.785-1.178	0.016	0.24	7636.0	7635.0	1479.96	59.7838	6154.91	90.8256	-0.144933	0.0495714	-0.05	0.0	5.05156e-07	0.0	3.09054	0.0	0.0501803	0.0	0.0505216	0.0	0.03	0.0	1.86	0.0	5.0	0.0	1.38	0.0	0.0505216	0.0	4.38349e-05	0.00457912	0.194139	0.0253211	0.116472	0.085062	0.0499999	0.0704933	0.00776369	0.00104524	1.752	0.261836	1.06498	0.0154447	1.0	3.35481	0.538655	0.0059041	0.77791	0.00167943	0.0116929	5.95712	0.182151	0.00142892	0.122177	0.00138951	-7512.05	4.0	5.16596e-06	-61859.2	3.0	4.6137e-06	1.0	1259.97	63.5012	219.988	38.9979	0.148644	0.0256574	1166.02	42.5386	
1.6-2.4	3.0-6.5	0.0-100.0	1.178-1.571	0.016	0.24	7337.0	7336.0	1527.54	59.5058	5808.72	88.4425	-0.0243292	0.0509965	-0.05	0.0	5.05156e-07	0.0	3.09054	0.0	0.0501803	0.0	0.0505216	0.0	0.03	0.0	1.86	0.0	5.0	0.0	1.38	0.0	0.0505216	0.0	1.0498e-05	0.00459445	0.224014	0.0238696	0.129942	6.79715	0.0137266	0.515216	0.0102712	0.00115373	1.2973	26.7608	1.1342	0.0170352	0.934008	1.23118	0.35032	0.140006	0.757392	0.0520921	0.00936432	8.27005e-07	0.253738	0.0260813	0.0897418	0.0124925	-7282.16	4.0	8.49798e-06	-59201.4	3.0	5.11658e-05	1.0	1279.9	60.5103	247.641	35.6182	0.162117	0.0224458	1156.7	2035.18	
1.6-2.4	3.0-6.5	10.0-60.0	0.000-0.393	0.016	0.209	5080.0	5078.0	1270.23	51.6191	3807.77	72.1254	-0.212715	0.0632924	-0.05	0.0	5.05156e-07	0.0	3.09054	0.0	0.0501803	0.0	0.0513114	0.0	0.03	0.0	1.86	0.0	5.0	0.0	1.38	0.0	0.0513114	0.0	9.26481e-05	0.000607494	0.26211	0.0365813	0.173641	0.0	0.0248856	0.0	0.00591897	0.00127912	1.74699	0.0	0.982328	0.0187945	0.999994	0.440769	0.455552	0.0932768	0.671112	0.0521235	0.0133647	0.722446	0.169319	0.018828	0.0695474	0.0133519	-5350.04	4.0	2.48239e-05	-39235.4	3.0	4.35053e-07	1.0	1144.5	52.9201	125.726	25.7579	0.0989788	0.0198752	1152.11	6.62112	
1.6-2.4	3.0-6.5	10.0-60.0	0.000-1.571	0.016	0.209	17897.0	17893.0	4275.61	109.418	13617.1	145.978	-0.142237	0.033467	-0.05	0.0	5.05156e-07	0.0	3.09054	0.0	0.0501803	0.0	0.0513114	0.00139125	0.03	0.0	1.86	0.0	5.0	0.0	1.38	0.0	0.0513114	0.000695624	1.37782e-05	0.00459294	0.237551	0.0154717	0.173641	0.0	0.0248856	0.0	0.00592477	0.000687395	1.74699	0.0	0.997242	0.0100339	1.0	7.40965	0.584343	0.0583253	0.740473	0.0075537	0.130382	8.13503	0.153825	0.00425218	0.0967221	0.0070681	-18619.9	4.0	2.0365e-06	-160656.0	4.0	7.79754e-06	1.0	3688.84	108.054	586.77	54.6753	0.137237	0.012296	1162.65	3.556	
1.6-2.4	3.0-6.5	10.0-60.0	0.393-0.785	0.016	0.209	4693.0	4692.0	1057.32	48.6463	3634.68	70.3115	-0.189191	0.0646665	-0.05	0.0	5.05156e-07	0.0	3.09054	0.0	0.0501803	0.0	0.0513114	0.0	0.03	0.0	1.86	0.0	5.0	0.0	1.38	0.0	0.0513114	0.0	0.000140653	0.00211075	0.24495	0.0257438	0.173641	0.0	0.0248856	0.0	0.000371685	0.00135898	1.74699	0.0	0.948535	0.0201615	0.999982	0.505832	0.74358	0.02956	0.629294	0.0128604	0.0859127	0.93507	0.10613	0.00354149	0.108732	0.00830638	-4750.48	4.0	1.33833e-05	-35808.3	3.0	1.08458e-07	1.0	850.467	48.6998	206.856	30.5149	0.195642	0.027421	1128.47	7.00208	
1.6-2.4	3.0-6.5	10.0-60.0	0.785-1.178	0.016	0.2	4195.0	4195.0	945.851	45.8109	3249.14	66.3465	-0.138997	0.0683305	-0.05	0.0	5.05156e-07	0.0	3.09054	0.0	0.0501803	0.0	0.0513114	0.0	0.03	0.0	1.86	0.0	5.0	0.0	1.38	0.0	0.0513114	0.0	2.37523e-05	0.00458835	0.191555	0.0264612	0.173641	0.0	0.0248856	0.0	0.00771258	0.00140704	1.74699	0.0	0.98611	0.0205474	1.0	0.217004	0.608492	0.105609	0.777629	0.0295093	0.00945411	0.00103746	0.15337	0.0219295	0.132315	0.0324661	-4380.02	4.0	1.1473e-05	-31548.6	3.0	1.1085e-07	1.0	793.681	47.8382	152.17	29.4129	0.160882	0.0301047	1154.78	7.24975	
1.6-2.4	3.0-6.5	10.0-60.0	1.178-1.571	0.016	0.2	3929.0	3927.0	1004.19	45.787	2922.86	63.3639	0.00556303	0.0720355	-0.05	0.0	5.05156e-07	0.0	3.09054	0.0	0.0501803	0.0	0.0513114	0.0	0.03	0.0	1.86	0.0	5.0	0.0	1.38	0.0	0.0513114	0.0	2.33736e-05	0.000329334	0.257886	0.0369101	0.173641	0.0	0.0248856	0.0	0.00700079	0.0014827	1.74699	0.0	1.04404	0.0215255	0.96295	0.977524	0.491919	0.404926	0.772468	0.195621	0.00938203	1.47037	0.174393	0.0227075	0.0860056	0.0224065	-4151.33	4.0	0.000130421	-29345.2	3.0	1.8204e-06	1.0	888.768	46.2856	115.426	22.975	0.114944	0.0222707	1196.12	7.76312	
1.6-2.4	6.5-30.0	10.0-60.0	0.000-0.393	0.008	0.152	1206.0	1206.0	617.951	29.0562	587.983	28.5361	-0.44005	0.163119	-0.05	0.0	0.663689	0.0	3.09114	0.0	0.0566716	0.0	0.0301863	0.0	0.03	0.0	1.492	0.0	5.0	0.0	1.733	0.0	0.0493761	0.0	1.5549e-05	0.00459212	0.189366	0.0217036	0.211707	0.0	0.00199102	0.0	0.00201719	0.00145358	1.6767	0.0	0.795281	0.0306678	0.800203	0.090016	1.0	1.40021	0.667837	0.0584144	0.0995664	0.0374614	0.146964	0.021119	0.0492164	7.17604	-1979.09	4.0	6.23574e-05	-7924.75	3.0	3.70849e-06	1.0	480.224	28.6189	137.727	18.738	0.222877	0.0284542	1045.83	9.19184	
1.6-2.4	6.5-30.0	10.0-60.0	0.000-1.571	0.008	0.16	4137.0	4136.0	2314.13	55.9752	1821.51	51.3856	-0.481649	0.0930513	-0.05	0.0	0.663689	0.0	3.09114	0.0	0.0566716	0.0	0.0301863	0.00228141	0.03	0.0	1.492	0.0	5.0	0.0	1.733	0.0	0.0493761	0.000234535	2.91966e-05	0.00458585	0.18534	0.0105292	0.211707	0.0	0.00199102	0.0	0.00309929	0.000922604	1.6767	0.0	0.836986	0.0212746	0.618627	0.285262	0.63668	0.285921	0.356823	0.17099	0.0282878	0.0162183	0.174289	0.0188494	0.0528738	0.018153	-6605.45	4.0	5.06351e-08	-32526.8	4.0	4.74827e-05	1.0	1736.78	55.4096	577.348	38.735	0.249488	0.0156128	1071.17	6.55206	
1.6-2.4	6.5-30.0	10.0-60.0	0.393-0.785	0.008	0.145	1036.0	1035.0	591.024	27.719	443.843	24.9244	-0.540162	0.188674	-0.05	0.0	0.663689	0.0	3.09114	0.0	0.0566716	0.0	0.0301863	0.0	0.03	0.0	1.492	0.0	5.0	0.0	1.733	0.0	0.0493761	0.0	1.00009e-05	0.00028235	0.156194	0.0188143	0.211707	0.0	0.00199102	0.0	0.00423008	0.0020759	1.6767	0.0	0.919677	0.0493299	0.558044	0.170687	0.739784	0.364564	0.237089	0.260938	0.0311285	0.0151354	0.174133	0.0326056	0.0369328	0.0239553	-1671.27	4.0	1.56236e-05	-6732.85	3.0	2.89357e-05	1.0	443.082	29.1923	147.942	21.6449	0.250315	0.0346901	1123.35	15.918	
1.6-2.4	6.5-30.0	10.0-60.0	0.785-1.178	0.008	0.145	963.0	962.0	552.731	27.0167	409.156	24.2139	-0.400005	0.195834	-0.05	0.0	0.663689	0.0	3.09114	0.0	0.0566716	0.0	0.0301863	0.0	0.03	0.0	1.492	0.0	5.0	0.0	1.733	0.0	0.0493761	0.0	0.000158457	0.000788527	0.199417	0.022456	0.211707	0.0	0.00199102	0.0	0.00197036	0.00213123	1.6767	0.0	0.917582	0.0487466	0.999226	0.952674	0.260183	0.126635	0.113323	0.530134	0.0424873	1.41103	0.178826	0.0359756	0.0354316	0.0126677	-1484.57	4.0	4.41732e-05	-6175.64	3.0	3.86185e-05	1.0	412.694	26.5524	140.037	18.5736	0.253354	0.0312382	1122.0	15.7128	
1.6-2.4	6.5-30.0	10.0-60.0	1.178-1.571	0.008	0.152	932.0	931.0	552.56	26.8348	378.43	23.3665	-0.551328	0.204518	-0.05	0.0	0.663689	0.0	3.09114	0.0	0.0566716	0.0	0.0301863	0.0	0.03	0.0	1.492	0.0	5.0	0.0	1.733	0.0	0.0493761	0.0	0.000179578	0.000851436	0.193875	0.0206964	0.211707	0.0	0.00199102	0.0	0.00149146	0.00185562	1.6767	0.0	0.772162	0.0471469	0.718594	0.30396	0.357198	0.19191	1.12179e-05	0.648989	0.0238934	0.0206728	0.198483	0.0372151	0.0200046	0.0603423	-1486.23	4.0	4.57498e-06	-5971.25	3.0	1.28325e-06	1.0	393.95	26.0889	158.61	19.3373	0.287046	0.0320995	1032.08	13.903	
