rap0.0-1.2_pT6.5-30.0_cent10.0-60.0
3863.97
1024.7 1013.8 921.427 898.933
34.2549 34.1564 32.2542 32.0567
1659.91
451.28 465.201 360.551 381.062
24.4958 24.8611 21.8967 22.5782
2795.49
725.548 765.27 665.353 633.226
31.9387 32.3013 30.1753 30.5428
1068.48
299.148 248.53 256.075 265.707
23.0609 21.183 21.1768 22.6435
0.276524
0.291938 0.245147 0.277911 0.29558
0.020279 0.0191929 0.0208222 0.0228779
rap0.0-2.4_pT10.0-13.0_cent10.0-60.0
1795.02
473.065 465.862 437.563 414.204
23.3537 23.0939 22.4217 21.9392
567.99
145.922 142.151 124.432 147.786
14.7736 14.4778 13.769 14.6611
1266.37
316.336 334.023 314.721 298.107
21.3627 21.6741 21.6478 21.1768
528.658
156.729 131.839 122.841 116.097
16.5031 15.437 15.7534 15.3932
0.294513
0.331305 0.282999 0.28074 0.280289
0.0308139 0.0300202 0.0330036 0.034069
rap0.0-2.4_pT10.0-30.0_cent10.0-60.0
2919.21
769.198 744.259 699.571 705.283
29.7008 29.2308 28.2554 28.508
884.866
223.715 234.734 199.399 219.723
18.3461 18.5709 17.2678 18.0876
2022.1
519.392 529.659 494.692 471.071
27.3316 27.5876 27.03 27.1699
897.104
249.806 214.6 204.879 234.213
20.9248 19.9844 19.997 21.5701
0.307311
0.324761 0.28834 0.292864 0.332083
0.0241407 0.0243465 0.0260224 0.0274806
rap0.0-2.4_pT13.0-30.0_cent10.0-60.0
1121.31
296.382 277.382 257.116 286.099
18.3183 17.8889 16.9994 18.0543
316.601
75.5944 92.5798 72.8648 71.8937
10.7136 11.6268 10.2342 10.5716
751.519
200.077 194.262 180.599 170.545
16.9501 17.1057 16.087 16.7387
369.795
96.3055 83.12 76.5169 115.554
13.0313 12.8212 11.9084 14.749
0.329787
0.324937 0.299659 0.297597 0.403894
0.0391134 0.0419881 0.0419283 0.0448105
rap0.0-2.4_pT6.5-10.0_cent10.0-60.0
5245.59
1423.98 1368.15 1248.03 1206.83
42.9103 41.6893 39.5306 38.7916
3873.75
1226.99 1030.8 842.949 769.168
40.5495 37.4249 34.0246 32.6667
3984.13
1090.96 1039.28 946.628 897.244
42.1793 41.6388 38.2378 37.9703
1261.46
333.028 328.869 301.401 309.584
28.2673 28.833 25.578 26.627
0.24048
0.23387 0.240375 0.241502 0.256527
0.0185578 0.0197607 0.0190137 0.0204649
rap0.0-2.4_pT6.5-30.0_cent0.0-10.0
3579.43
934.998 883.919 901.639 860.449
35.1718 34.5359 34.3202 33.4387
3638.4
948.926 1008.19 876.584 805.813
35.3693 36.2901 33.9533 32.6122
2555.86
642.192 622.702 660.687 632.055
33.6919 32.8484 33.6444 33.1964
1023.58
292.807 261.216 240.952 228.393
25.94 24.3155 24.1581 24.0301
0.285961
0.313163 0.295521 0.267237 0.265435
0.0251182 0.0249682 0.0247876 0.0259525
rap0.0-2.4_pT6.5-30.0_cent0.0-100.0
12117.9
3223.65 3082.44 2948.75 2865.33
63.6805 62.1884 60.4145 59.4374
8558.04
2443.34 2310.52 1972.22 1824.52
57.2276 55.6375 51.706 49.9197
8826.78
2335.34 2246.77 2191.65 2082.1
61.3192 60.7013 58.6828 57.3467
3291.13
888.31 835.664 757.107 783.236
44.0426 43.7515 40.8415 41.0757
0.271592
0.27556 0.271105 0.256755 0.273349
0.0125311 0.0130976 0.0128126 0.0131663
rap0.0-2.4_pT6.5-30.0_cent10.0-20.0
2842.59
784.105 707.64 690.079 662.217
31.6659 30.1684 29.6155 28.7858
2281.13
660.89 596.289 539.855 472.726
29.657 28.263 26.9601 25.2814
2041.82
542.866 547.205 508.688 441.086
29.8116 29.9412 28.317 27.807
800.765
241.239 160.435 181.391 221.13
22.4277 19.9757 19.6435 22.3159
0.281703
0.307661 0.226719 0.262855 0.333924
0.0257634 0.0265223 0.0261349 0.0304124
rap0.0-2.4_pT6.5-30.0_cent10.0-30.0
5072.02
1381.06 1280.21 1218.08 1192.24
41.7869 40.1281 38.7658 38.36
3646.22
1078.93 979.778 812.884 770.733
38.0006 36.1913 33.1311 32.4038
3698.98
1015.81 940.996 898.006 831.25
39.7632 39.2107 36.8295 37.0313
1373.05
365.259 339.216 320.076 360.988
27.5426 27.9384 25.3653 28.123
0.27071
0.264476 0.264969 0.26277 0.302782
0.0182672 0.020181 0.019071 0.0214828
rap0.0-2.4_pT6.5-30.0_cent10.0-60.0
8101.29
2176.72 2095.29 1932.18 1899.1
51.8369 50.5742 48.3059 47.8887
4822.89
1470.23 1283.67 1058.84 1006.84
44.5042 41.7887 38.214 37.4311
5920.75
1605.64 1557.32 1428.95 1354.74
49.7897 49.7057 46.6873 46.3004
2180.54
571.077 537.974 503.222 544.361
34.6683 35.019 32.5839 34.1339
0.26916
0.262357 0.256753 0.260443 0.286642
0.0146502 0.0155217 0.0155561 0.0164563
rap0.0-2.4_pT6.5-30.0_cent20.0-30.0
2226.75
598.081 572.987 526.241 529.459
27.2775 26.4198 24.9594 25.3268
1365.06
414.917 373.928 272.701 293.497
23.6833 22.3365 19.2198 20.137
1653.01
473.692 399.403 387.51 387.787
26.1583 25.2634 23.4296 24.464
573.739
124.389 173.584 138.73 141.672
15.8018 19.0565 15.9511 17.3297
0.257658
0.20798 0.302946 0.263625 0.267578
0.0246594 0.0301825 0.0276122 0.0301244
rap0.0-2.4_pT6.5-30.0_cent30.0-60.0
3030.33
794.303 812.887 714.301 705.481
30.6039 30.6334 28.7451 28.5889
1175.06
388.699 302.077 243.697 234.512
23.0432 20.6783 18.86 18.6113
2242.03
583.347 606.772 534.23 520.925
29.8466 30.7041 28.7008 27.7347
788.299
210.956 206.115 180.071 184.556
21.2535 21.9139 20.3483 19.4812
0.260136
0.265586 0.253559 0.252094 0.261604
0.0247235 0.0252079 0.0266194 0.025498
rap0.0-2.4_pT6.5-30.0_cent60.0-100.0
431.772
109.605 99.142 113.282 107.21
11.03 10.4389 11.3432 10.7255
86.2867
19.3867 20.8534 34.755 10.7888
5.60489 5.53912 7.08052 4.31436
336.331
80.2099 80.5056 99.1054 72.126
10.2865 10.1192 11.2535 10.0655
95.4401
29.3947 18.6364 14.177 35.0843
7.02911 5.86477 5.49344 7.84652
0.221043
0.268189 0.187977 0.125147 0.327247
0.058176 0.0557458 0.0468463 0.0654578
rap0.0-2.4_pT6.5-8.0_cent10.0-60.0
2703.89
712.502 693.834 670.937 627.038
31.8811 30.9654 29.9323 29.0923
2502.65
804.542 656.368 528.061 508.938
33.2945 30.3569 27.4424 26.9863
2114.24
564.135 551.743 521.907 475.615
31.2922 31.3911 29.7223 28.3367
589.652
148.368 142.091 149.03 151.423
19.6494 20.4762 19.6339 19.1149
0.218075
0.208235 0.204791 0.222123 0.241489
0.0259564 0.0280606 0.0275344 0.0283508
rap0.0-2.4_pT8.0-10.0_cent10.0-60.0
2609.36
729.26 691.877 595.495 593.27
29.5558 28.7111 26.6097 26.3158
1302.41
401.747 357.096 293.478 244.732
23.3678 22.1259 20.152 18.5467
1920.65
547.721 495.963 437.32 431.589
28.7843 28.2086 25.0916 25.9353
688.706
181.539 195.913 158.174 161.681
19.746 20.9341 17.2531 18.9097
0.263937
0.248936 0.283162 0.265618 0.272525
0.0251269 0.027882 0.0264299 0.0294923
rap1.2-1.6_pT6.5-30.0_cent10.0-60.0
1950.83
540.211 492.484 467.329 452.486
26.2645 25.0819 24.042 23.4987
1307.97
419.786 370.483 276.667 235.512
23.8621 22.5189 19.682 18.309
1460.74
408.606 352.567 365.029 334.245
26.2207 25.4131 24.1934 22.9735
490.09
131.605 139.917 102.299 118.241
18.2704 19.3439 16.1357 16.2537
0.251221
0.243618 0.284104 0.218902 0.261315
0.0316791 0.0365159 0.0326393 0.0332588
rap1.2-2.4_pT6.5-30.0_cent10.0-60.0
4271.37
1158.92 1086.46 1020.73 1007.23
39.2163 37.497 36.2155 35.762
3127.71
1008.08 812.413 686.264 616.745
37.2434 33.6467 31.2592 29.8072
3191.16
888.217 793.17 784.253 727.369
38.9915 38.7935 35.8697 34.9965
1080.21
270.704 293.288 236.479 279.863
26.4743 29.292 24.141 25.6231
0.252896
0.233583 0.269948 0.231676 0.277854
0.0214329 0.0253001 0.0221763 0.0234484
rap1.6-2.4_pT3.0-6.5_cent0.0-100.0
6321.72
1761.44 1552.37 1479.96 1527.54
64.6151 61.9201 59.7838 59.5058
25558.6
6964.31 6628.67 6154.91 5808.72
96.8342 94.3957 90.8256 88.4425
5466.12
1559.95 1329.17 1259.97 1279.9
66.6406 62.416 63.5012 60.5103
855.6
201.491 223.199 219.988 247.641
34.9435 34.1201 38.9979 35.6182
0.135343
0.11439 0.143779 0.148644 0.162117
0.0193892 0.0212179 0.0256574 0.0224458
rap1.6-2.4_pT3.0-6.5_cent10.0-60.0
4275.61
1270.23 1057.32 945.851 1004.19
51.6191 48.6463 45.8109 45.787
13617.1
3807.77 3634.68 3249.14 2922.86
72.1254 70.3115 66.3465 63.3639
3688.84
1144.5 850.467 793.681 888.768
52.9201 48.6998 47.8382 46.2856
586.77
125.726 206.856 152.17 115.426
25.7579 30.5149 29.4129 22.975
0.137237
0.0989788 0.195642 0.160882 0.114944
0.0198752 0.027421 0.0301047 0.0222707
rap1.6-2.4_pT6.5-30.0_cent10.0-60.0
2314.13
617.951 591.024 552.731 552.56
29.0562 27.719 27.0167 26.8348
1821.51
587.983 443.843 409.156 378.43
28.5361 24.9244 24.2139 23.3665
1736.78
480.224 443.082 412.694 393.95
28.6189 29.1923 26.5524 26.0889
577.348
137.727 147.942 140.037 158.61
18.738 21.6449 18.5736 19.3373
0.249488
0.222877 0.250315 0.253354 0.287046
0.0284542 0.0346901 0.0312382 0.0320995
