weightedEff_TnPAtRD3_4DEff_RapPtEffMap2_Diff
rap	pT	cent	dPhi	ctauErrMin	ctauErrMax	NoCutEntry	CutEntry	NSig	NSigErr	NBkg	NBkgErr	coefExp	coefExpErr	coefPol1	coefPol1Err	coeffGaus	coeffGausErr	meanSig1	meanSig1Err	sigmaSig1	sigmaSig1Err	sigmaSig2	sigmaSig2Err	sigmaSig3	sigmaSig3Err	alpha	alphaErr	enne	enneErr	enneW	enneWErr	sigWidth	sigWidthErr	Gmc	GmcErr	bTau	bTauErr	fracRes	fracResErr	meanResSigW	meanResSigWErr	meanResSigN	meanResSigNErr	sigmaResSigW	sigmaResSigWErr	sigmaResSigN	sigmaResSigNErr	fpm	fpmErr	fLiving	fLivingErr	fbkgCtTot	fbkgCtTotErr	lambdam	lambdamErr	lambdap	lambdapErr	lambdasym	lambdasymErr	NLL	nFitPar	EDM	NLLMass	nFitParMass	EDMMass	Prob	PROMPT	PROMPTErr	NON-PROMPT	NON-PROMPTErr	Bfraction	BfractionErr	Resolution	ResolutionErr	
0.0-0.4	6.5-30.0	0.0-100.0	0.000-1.571	0.008	0.105	9026.0	9013.0	7776.02	92.497	1237.13	44.895	-1.06291	0.117183	-0.05	0.0	0.41728	0.0695555	3.09368	0.000254506	0.0153	0.000751431	0.0231242	0.000943548	0.03	0.0	1.696	0.0	5.0	0.0	1.718	0.0	0.0202306	0.000423763	1.23578e-05	0.0128429	0.369684	0.00941915	0.44677	0.141299	-0.000774749	0.00115443	0.000433779	0.000704313	1.18582	0.0694746	0.879613	0.0190488	1.0	18.5367	0.861132	0.0755436	0.214069	0.0314919	0.143064	269.006	0.362051	0.0202014	0.21871	0.0603117	-23408.8	4.0	8.1115e-07	-88643.6	7.0	8.67453e-06	1.0	5605.97	82.9877	2170.05	55.7362	0.27907	0.00635267	1027.76	28.5224	
0.0-1.2	6.5-30.0	0.0-100.0	0.000-1.571	0.008	0.145	32077.0	32060.0	27647.1	175.735	4412.94	87.447	-1.07456	0.0637139	-0.05	0.0	0.380832	0.0417355	3.09367	0.000181388	0.0185768	0.00068361	0.0313453	0.000757227	0.03	0.0	1.696	0.0	5.0	0.0	1.718	0.0	0.0271988	0.000375082	1.01594e-05	0.0045946	0.370316	0.00502777	0.0390389	0.0103328	-0.00174128	0.00308162	0.000298576	0.000233017	2.01564	0.13992	0.990111	0.00646316	0.999995	0.0232784	0.894382	0.0163305	0.26575	0.0161306	0.143143	0.794543	0.421681	0.0109403	0.174705	0.0226949	-75678.3	4.0	6.09586e-07	-348807.0	7.0	1.78758e-05	1.0	19904.4	158.095	7742.7	106.812	0.280054	0.00342885	1049.12	9.68138	
0.0-2.4	10.0-13.0	0.0-100.0	0.000-1.571	0.008	0.145	12388.0	12379.0	10508.5	111.183	1870.63	61.0243	-1.22981	0.0987722	-0.05	0.0	0.459644	0.0423883	3.09338	0.000361915	0.0462677	0.00142036	0.0231902	0.000948457	0.03	0.0	1.696	0.0	5.0	0.0	1.718	0.0	0.0357009	0.000658068	1.22072e-05	0.0133174	0.386184	0.00790717	0.0307555	0.0102492	0.002156	0.00527054	0.000341102	0.000357938	2.23784	0.221634	0.986413	0.0108392	0.969847	0.010146	0.999797	0.0525504	0.238936	0.0202727	0.140888	6.86699e-09	0.396953	0.014716	0.141026	0.000166368	-25854.2	4.0	1.68345e-08	-120294.0	7.0	0.000133959	1.0	7202.82	96.7293	3305.69	69.0809	0.314573	0.00566899	1047.43	13.2258	
0.0-2.4	10.0-30.0	0.0-100.0	0.000-1.571	0.008	0.145	19481.0	19470.0	16251.6	138.569	3218.1	78.4986	-1.24537	0.0750292	-0.05	0.0	0.463147	0.0330151	3.09352	0.00028784	0.0454368	0.00112543	0.0228988	0.000710393	0.03	0.0	1.696	0.0	5.0	0.0	1.718	0.0	0.0351806	0.000509184	1.00498e-05	0.00459465	0.374988	0.00576069	0.0302029	0.00772777	-0.00137981	0.00391645	2.71611e-05	0.000275575	2.28455	0.177331	0.992188	0.00892775	1.0	0.019649	0.948185	0.205669	0.253494	0.25536	0.3105	30.1073	0.41871	0.145072	0.141035	0.48008	-38854.7	4.0	4.22689e-06	-197471.0	7.0	5.71155e-05	1.0	10408.7	117.032	5842.9	91.1157	0.359528	0.00469427	1054.67	10.5076	
0.0-2.4	11.0-13.0	0.0-100.0	0.000-1.571	0.008	0.145	6608.0	6604.0	5614.79	81.4408	989.33	44.7957	-1.35212	0.139393	-0.05	0.0	0.35506	0.0480143	3.09365	0.000496589	0.052812	0.00275591	0.0246578	0.00104007	0.03	0.0	1.696	0.0	5.0	0.0	1.718	0.0	0.037181	0.00101402	3.00105e-05	0.000309596	0.393381	0.0104344	0.035575	0.0156752	0.00158392	0.00595811	0.000267193	0.000494918	2.10523	0.269949	1.00443	0.0155185	0.999997	0.618173	0.967029	0.0210342	0.248582	0.0263503	0.141217	0.142925	0.392477	0.0194727	0.140965	0.0755222	-13268.5	4.0	5.29499e-07	-59850.1	7.0	4.40857e-05	1.0	3683.71	69.4899	1931.08	52.5216	0.343928	0.00791292	1063.33	17.306	
0.0-2.4	13.0-16.0	0.0-100.0	0.000-1.571	0.008	0.081	4196.0	4191.0	3393.69	62.5298	797.295	36.2312	-1.1002	0.147106	-0.05	0.0	0.593796	0.0584631	3.09359	0.000599547	0.0414	0.0016524	0.0185413	0.0015395	0.03	0.0	1.696	0.0	5.0	0.0	1.718	0.0	0.0340204	0.000855557	2.11265e-05	10.8791	0.374567	0.0119851	0.0661462	0.04102	-0.00168051	0.0047893	-0.000580035	0.000609174	1.77416	0.264604	0.995426	0.0208752	1.0	0.00254286	0.94245	0.0213064	0.269043	0.0293584	1.44602	0.319731	0.446529	0.0266867	0.216987	0.0813508	-8025.35	4.0	9.57761e-06	-35983.2	7.0	1.9397e-06	1.0	2051.7	51.8139	1341.99	43.2089	0.395438	0.0104413	1064.68	26.968	
0.0-2.4	13.0-30.0	0.0-100.0	0.000-1.571	0.008	0.081	7092.0	7085.0	5735.17	83.0102	1349.43	50.023	-1.27472	0.115269	-0.05	0.0	0.48235	0.0597722	3.09383	0.000478816	0.0436552	0.00179412	0.0220733	0.00131586	0.03	0.0	1.696	0.0	5.0	0.0	1.718	0.0	0.0342267	0.000858132	1.02238e-05	0.00459457	0.364693	0.00848732	0.0480882	0.0218371	-0.00242622	0.00419284	-0.000319982	0.000440357	1.94086	0.230379	0.998768	0.0159751	1.0	1.38607	0.96139	0.00238016	0.285078	0.000489911	0.153579	21.0023	0.440935	0.000337981	0.233731	0.0017721	-13105.1	4.0	1.18782e-05	-64366.9	7.0	4.42208e-05	1.0	3237.03	65.9275	2498.14	58.8105	0.435582	0.0080873	1063.35	18.8515	
0.0-2.4	16.0-30.0	0.0-100.0	0.000-1.571	0.008	0.056	2895.0	2884.0	2366.32	51.8723	517.83	29.0246	-1.4054	0.188094	-0.05	0.0	0.154048	0.0570963	3.09365	0.00076204	0.0150547	0.00270245	0.0367015	0.00163057	0.03	0.0	1.696	0.0	5.0	0.0	1.718	0.0	0.0342697	0.000878467	1.01425e-05	0.00459461	0.354798	0.0119548	0.0340288	0.0240391	-0.00317689	0.0069571	-4.02487e-05	0.000641091	2.18001	0.438439	0.996563	0.0251826	1.0	81.0744	0.985791	0.643601	0.296999	0.0510708	0.140929	17641.8	0.431088	0.0594408	0.235329	0.194939	-5109.53	4.0	7.35164e-05	-23516.5	7.0	0.000155246	1.0	1201.21	39.8133	1165.11	39.2945	0.492373	0.0126196	1058.8	28.6751	
0.0-2.4	6.5-30.0	0.0-100.0	0.000-1.571	0.004	0.224	70606.0	70583.0	60151.6	266.48	10431.0	145.816	-1.12046	0.0416325	-0.05	0.0	0.457951	0.0191925	3.09238	0.00016087	0.0469583	0.000603403	0.0254703	0.000410501	0.03	0.0	1.696	0.0	5.0	0.0	1.718	0.0	0.0368981	0.000278881	1.01537e-05	0.0045946	0.369429	0.00357611	0.0430983	0.00586475	-0.000930869	0.00240021	0.00038647	0.000164992	2.16125	0.0881268	0.962835	0.0042503	0.994287	0.0705474	0.864603	0.171559	0.288559	0.0611936	0.141625	6.48259e-08	0.425522	0.0272069	0.141161	0.0557654	-148910.0	4.0	2.4836e-06	-807175.0	7.0	2.66266e-05	1.0	44312.7	241.409	15838.9	157.046	0.263316	0.00233575	1043.27	6.8326	
0.0-2.4	6.5-7.5	0.0-100.0	0.000-1.571	0.008	0.168	21051.0	21038.0	18198.6	147.862	2839.21	80.6488	-0.753525	0.0801024	-0.05	0.0	0.442814	0.0404225	3.09109	0.000318013	0.0496899	0.00121888	0.0285249	0.000873396	0.03	0.0	1.696	0.0	5.0	0.0	1.718	0.0	0.0393283	0.000573014	2.82935e-05	5.56844e-05	0.397582	0.00823911	0.0564692	0.0173463	0.0089199	0.0166626	0.000477029	0.000355664	1.98278	0.173627	0.973881	0.00760627	1.0	0.0128625	0.795327	0.0317617	0.404281	0.0226977	0.140893	5.79505e-12	0.422283	0.0173166	0.141043	9.42145e-09	-45101.8	4.0	7.25464e-05	-214732.0	7.0	4.25501e-05	1.0	14644.0	138.953	3554.6	77.3664	0.195322	0.00394391	1056.83	15.6638	
0.0-2.4	6.5-8.0	0.0-100.0	0.000-1.571	0.008	0.168	29517.0	29498.0	25401.9	173.691	4096.29	94.1255	-0.860907	0.0661887	-0.05	0.0	0.497087	0.0326869	3.09126	0.000264387	0.0482417	0.000874353	0.026745	0.000787112	0.03	0.0	1.696	0.0	5.0	0.0	1.718	0.0	0.0389433	0.000453165	1.01726e-05	0.00459459	0.395037	0.00680391	0.0575665	0.0136708	0.00223244	0.00490816	0.00061046	0.000292027	2.00934	0.138671	0.958707	0.00636037	0.999999	0.00602268	0.742817	0.0301486	0.302895	0.0205835	0.140981	1.5971e-05	0.408473	0.0136702	0.140905	0.0192078	-63511.4	4.0	6.68355e-06	-311225.0	7.0	6.97927e-05	1.0	20290.2	162.86	5111.78	92.1776	0.201236	0.00335776	1048.15	13.0172	
0.0-2.4	7.5-8.5	0.0-100.0	0.000-1.571	0.008	0.136	15586.0	15565.0	13287.5	124.437	2277.53	66.8917	-1.20099	0.0891652	-0.05	0.0	0.545172	0.0411995	3.09179	0.000343959	0.0454635	0.000995719	0.0240418	0.00106882	0.03	0.0	1.696	0.0	5.0	0.0	1.718	0.0	0.037279	0.000550789	3.14286e-05	0.000250139	0.36319	0.00826422	0.0553572	0.0153282	-0.00751851	0.00509998	0.00179679	0.000371998	2.03235	0.165504	0.944943	0.0088436	1.0	34.5772	0.711839	0.428723	0.268733	0.0400404	0.140982	30269.4	0.440795	0.0651767	0.140915	1.32225e-09	-33983.5	4.0	6.2174e-05	-154592.0	7.0	5.13822e-05	1.0	10314.1	115.429	2973.49	69.0627	0.22378	0.00475632	1035.44	15.4576	
0.0-2.4	8.0-10.0	0.0-100.0	0.000-1.571	0.008	0.136	21608.0	21595.0	18477.3	148.044	3117.32	80.9793	-1.33259	0.0776935	-0.05	0.0	0.409534	0.0392851	3.09271	0.000281919	0.0455787	0.00115744	0.026213	0.000748417	0.03	0.0	1.696	0.0	5.0	0.0	1.718	0.0	0.0354471	0.000517643	2.68589e-05	0.000536565	0.34955	0.00634157	0.0458891	0.0102194	-0.0026995	0.0043131	0.000524494	0.000295485	2.19478	0.149274	0.943083	0.00747215	1.0	0.0147041	0.841473	0.0232033	0.234617	0.0198514	0.141835	0.368019	0.447774	0.0141913	0.151686	0.0186429	-47247.9	4.0	6.13462e-07	-221992.0	7.0	0.000138389	1.0	13864.6	135.288	4612.66	85.6063	0.249639	0.00417906	1034.23	12.5511	
0.0-2.4	8.5-9.5	0.0-100.0	0.000-1.571	0.008	0.136	10624.0	10620.0	9105.0	103.504	1515.08	55.8569	-1.25804	0.110312	-0.05	0.0	0.391218	0.0532528	3.09329	0.000392416	0.0446658	0.0017353	0.0259879	0.000894868	0.03	0.0	1.696	0.0	5.0	0.0	1.718	0.0	0.0345202	0.000702834	1.33225e-05	0.00459315	0.362786	0.00925778	0.0500628	0.0142661	0.00161968	0.00572458	0.000637155	0.000414552	2.25294	0.202615	0.938659	0.0104275	1.0	0.0144805	0.902604	0.0250054	0.242574	0.0259561	1.32798	0.149211	0.454275	0.0198114	0.149047	0.032602	-23541.8	4.0	6.84444e-07	-101854.0	7.0	1.32468e-05	1.0	6829.9	94.5385	2275.11	59.8187	0.249874	0.00592407	1044.55	18.5635	
0.0-2.4	9.5-11.0	0.0-100.0	0.000-1.571	0.008	0.128	9642.0	9634.0	8174.39	98.0357	1459.53	53.8158	-1.30128	0.111769	-0.05	0.0	0.534753	0.0543886	3.09286	0.000416461	0.0432795	0.00127776	0.0229149	0.00132274	0.03	0.0	1.696	0.0	5.0	0.0	1.718	0.0	0.0352981	0.000696433	2.86811e-05	0.000348843	0.360065	0.00899579	0.0230452	0.0104935	-0.00132346	0.00761159	-0.000770375	0.000409947	2.46487	0.337054	0.95771	0.0113948	0.933417	0.0280313	0.999997	0.469695	0.207154	0.0412955	0.140946	6.78599e-08	0.418248	0.0268877	0.147017	60.3948	-20745.8	4.0	0.000108775	-91295.6	7.0	1.62892e-05	1.0	5848.65	87.2499	2325.74	58.9111	0.284516	0.0063478	1017.88	17.1063	
0.4-0.8	6.5-30.0	0.0-100.0	0.000-1.571	0.008	0.073	10017.0	9980.0	8564.6	97.7604	1415.22	49.0654	-1.2179	0.111779	-0.05	0.0	0.388492	0.0726375	3.0942	0.000306999	0.0196208	0.000934651	0.0270987	0.00120437	0.03	0.0	1.696	0.0	5.0	0.0	1.718	0.0	0.0244666	0.000504759	2.82435e-05	0.000449249	0.360824	0.00833327	0.076506	0.0434519	-0.00258405	0.00354869	-0.000562115	0.000429044	1.67312	0.203336	0.975928	0.012245	0.997323	16.3569	0.879896	4.38235	0.206623	0.865577	0.141858	2.41448e-06	0.449919	0.622963	0.141441	1.24963	-23686.6	4.0	3.97625e-05	-97515.8	7.0	3.3249e-05	1.0	5970.67	86.6961	2593.93	61.2222	0.302866	0.00625674	1045.82	23.467	
0.8-1.2	6.5-30.0	0.0-100.0	0.000-1.571	0.008	0.145	13032.0	13029.0	11095.6	113.175	1933.41	60.3844	-1.10386	0.0961651	-0.05	0.0	0.549305	0.056923	3.09339	0.000351502	0.03516	0.000914627	0.0286197	0.00121644	0.03	0.0	1.696	0.0	5.0	0.0	1.718	0.0	0.0323763	0.000408358	1.00235e-05	0.00459466	0.380632	0.00850601	0.021701	0.00683238	-0.000835981	0.00729644	0.00110286	0.000361692	2.63751	0.286474	1.00851	0.00991284	0.996625	332169.0	0.958055	21670.1	0.357848	18171.0	0.140954	552276.0	0.439141	4920.45	0.234167	183664.0	-29241.8	4.0	6.52042e-05	-128110.0	7.0	5.68655e-06	1.0	8210.53	102.155	2885.09	65.4837	0.260021	0.00527225	1070.5	13.0127	
1.2-1.6	6.5-30.0	0.0-100.0	0.000-1.571	0.004	0.152	15972.0	15962.0	13836.4	128.885	2125.25	69.9955	-0.882856	0.0963065	-0.05	0.0	0.535105	0.0589688	3.08936	0.000382768	0.0339101	0.000913655	0.0475843	0.00201837	0.03	0.0	1.696	0.0	5.0	0.0	1.718	0.0	0.0408406	0.000708388	1.10187e-05	0.00459421	0.378299	0.00753961	0.0606589	0.0149845	-0.000791808	0.00423917	0.00112257	0.000349591	1.99894	0.146766	0.959137	0.00893052	0.930801	1.62739	0.935346	7.16683	0.337864	0.0847265	0.140964	1.58641	0.448953	0.361198	0.140916	1.3925e-09	-33160.0	4.0	6.06068e-05	-158249.0	7.0	5.6805e-05	1.0	10151.7	115.983	3684.66	75.4187	0.266302	0.0048536	1051.91	14.3584	
1.6-2.0	6.5-30.0	0.0-100.0	0.000-1.571	0.004	0.145	15663.0	15651.0	13348.1	129.601	2302.75	75.8341	-1.34077	0.0977834	-0.05	0.0	0.75433	0.0578488	3.08949	0.000443635	0.0420067	0.000870775	0.0639486	0.00462959	0.03	0.0	1.696	0.0	5.0	0.0	1.718	0.0	0.0483292	0.00106381	1.76494e-05	0.00459116	0.355563	0.00774645	0.0501204	0.0105066	0.00447381	0.00580861	0.00055591	0.000369822	2.34179	0.172123	0.931329	0.00868124	0.999618	225289.0	0.834072	23826.0	0.335156	4012.46	0.140888	509783.0	0.426586	88.093	0.140941	1367.12	-30597.1	4.0	3.83174e-05	-152958.0	7.0	3.48648e-06	1.0	10087.9	118.56	3260.24	73.9257	0.244247	0.00500486	1048.22	15.4955	
1.6-2.4	3.0-30.0	0.0-100.0	0.000-1.571	0.004	0.24	87066.0	86950.0	72988.6	317.626	13962.0	204.6	-0.526099	0.0373142	-0.05	0.0	0.30108	0.0391052	3.08921	0.000207818	0.0663305	0.00196566	0.0430349	0.000684146	0.03	0.0	2.059	0.0	5.0	0.0	1.41	0.0	0.0511769	0.000651448	1.03367e-05	0.00459452	0.373708	0.40161	0.048199	0.00677046	0.00323956	0.0047584	0.00049033	0.00840459	2.28286	0.107063	0.877053	0.489806	0.817944	0.0	0.9999	0.0	0.604322	0.0	0.0846182	0.0	0.4172	0.0	0.483258	0.0	-1e+30	4.0	0.0	-990622.0	7.0	0.000142621	1.0	67660.0	26596.3	5328.68	26594.7	0.073007	0.364368	991.631	206.39	
1.6-2.4	3.0-4.5	0.0-100.0	0.000-1.571	0.024	0.24	31940.0	31869.0	26575.6	205.815	5292.92	145.189	0.139056	0.0619922	-0.05	0.0	0.23699	0.0511963	3.08924	0.00036176	0.078711	0.00554148	0.0441914	0.00113762	0.03	0.0	2.04	0.0	5.0	0.0	1.31	0.0	0.0543905	0.00142268	2.69452e-05	0.00010696	0.396677	0.0102887	0.0920982	0.0334626	-0.00295184	0.0134997	-2.38167e-05	0.000461112	1.7428	0.171363	0.915196	0.00586589	1.0	0.00601738	0.516608	0.0375133	0.431094	0.0265032	0.140893	1.29702e-05	0.466473	0.0205641	0.141117	0.0115269	-54108.7	4.0	2.73908e-07	-329412.0	7.0	0.000266805	1.0	23571.9	201.041	3003.78	87.3692	0.113028	0.00316889	1019.89	22.6519	
1.6-2.4	3.0-5.5	0.0-100.0	0.000-1.571	0.024	0.24	50275.0	50173.0	41841.8	248.367	8331.25	167.808	-0.140809	0.0495382	-0.05	0.0	0.273518	0.0474518	3.08875	0.000280911	0.0699304	0.00312854	0.0433846	0.000893419	0.03	0.0	2.04	0.0	5.0	0.0	1.31	0.0	0.0520094	0.000935405	1.07449e-05	0.00459433	0.3831	0.00757752	0.0947176	0.0252455	-0.00210053	0.00695986	-9.09063e-05	0.000345934	1.7053	0.119034	0.914163	0.00471525	0.975516	0.0126334	0.592349	0.0251092	0.409429	0.0129923	0.140954	5.39441e-05	0.442238	0.0131395	0.140892	1.20684e-08	-87658.1	4.0	7.17952e-06	-542581.0	7.0	8.54782e-05	1.0	36772.3	243.023	5069.43	111.001	0.121157	0.00255355	1015.87	16.0938	
1.6-2.4	3.0-6.5	0.0-100.0	0.000-1.571	0.016	0.24	64509.0	64398.0	54026.3	278.062	10372.0	183.424	-0.273521	0.0442013	-0.05	0.0	0.303659	0.0419058	3.08909	0.000245889	0.0680913	0.00230826	0.0429894	0.000788056	0.03	0.0	2.04	0.0	5.0	0.0	1.31	0.0	0.0519114	0.00076132	1.26007e-05	0.00459348	0.397332	0.00667225	0.0545752	0.0111807	0.00463949	0.00732318	7.66216e-05	0.000278822	2.11806	0.135123	0.930103	0.00401802	0.862038	0.0382468	0.747034	0.00315084	0.339458	0.0232435	0.140957	1.19174	0.396069	0.00255398	0.140895	1.16626e-09	-114789.0	4.0	1.31809e-05	-713342.0	7.0	5.51752e-05	1.0	47335.9	271.754	6690.48	125.227	0.123837	0.00222853	1030.88	12.5191	
1.6-2.4	4.5-5.5	0.0-100.0	0.000-1.571	0.024	0.192	18334.0	18297.0	15338.1	143.607	2958.89	90.7901	-0.673766	0.0825039	-0.05	0.0	0.3687	0.0854273	3.08787	0.000446607	0.059121	0.00256773	0.0422874	0.00135669	0.03	0.0	2.04	0.0	5.0	0.0	1.31	0.0	0.0491693	0.00100468	2.75213e-05	0.000465277	0.365043	0.0113528	0.103514	0.0420907	-0.000476917	0.00793976	-0.000493164	0.000525395	1.6297	0.164957	0.911533	0.00792519	0.999998	0.743658	0.709906	0.00860761	0.312776	0.00605593	0.140918	0.990817	0.408938	0.00517088	0.140889	3.44297e-09	-33688.8	4.0	0.00382711	-180259.0	7.0	4.83659e-05	1.0	13335.8	140.8	2002.28	67.7208	0.130543	0.00424267	1009.86	23.7014	
1.6-2.4	5.5-6.5	0.0-100.0	0.000-1.571	0.024	0.16	14234.0	14212.0	12200.9	128.331	2011.09	79.2161	-0.844266	0.100602	-0.05	0.0	0.405865	0.0898786	3.09029	0.000510153	0.0639833	0.00316758	0.0415866	0.00182507	0.03	0.0	2.04	0.0	5.0	0.0	1.31	0.0	0.0518564	0.00136665	1.00139e-05	0.00459467	0.404019	0.0122255	0.163974	0.0525224	0.00159916	0.00563014	0.000670355	0.000537065	1.56105	0.126401	0.884519	0.00943795	0.869996	0.180469	0.928226	0.366414	0.443881	0.0378168	0.140992	3.01783e-09	0.463422	0.0603098	0.140968	5.26731e-07	-27200.7	4.0	4.90655e-05	-136661.0	7.0	7.20813e-06	1.0	10342.7	122.646	1858.13	59.9136	0.152295	0.00464199	1026.48	26.6056	
1.6-2.4	6.5-30.0	0.0-100.0	0.000-1.571	0.008	0.188	22557.0	22549.0	19082.7	155.436	3466.37	92.3223	-1.22093	0.0764612	-0.05	0.0	0.612453	0.0510241	3.08998	0.000398702	0.0529653	0.00103283	0.0399277	0.00150469	0.03	0.0	1.696	0.0	5.0	0.0	1.718	0.0	0.0483318	0.000529455	1.30059e-05	0.00459329	0.362323	0.00680156	0.0446101	0.00857781	0.00265167	0.00592245	6.0198e-05	0.000319847	2.45063	0.167161	0.927743	0.00730445	1.0	0.037089	0.850848	0.0303377	0.308953	0.0238773	0.140932	1.25245e-07	0.409787	0.0131796	0.140913	0.024464	-42534.1	4.0	6.73648e-06	-227577.0	7.0	4.6347e-06	1.0	14555.6	143.202	4527.18	88.3743	0.237239	0.00420868	1044.14	14.0657	
2.0-2.4	6.5-30.0	0.0-100.0	0.000-1.571	0.008	0.144	6893.0	6883.0	5817.08	88.3519	1065.68	55.261	-1.08364	0.1431	-0.05	0.0	0.492009	0.105637	3.08942	0.00081672	0.0610602	0.0025933	0.0461485	0.00235922	0.03	0.0	1.696	0.0	5.0	0.0	1.718	0.0	0.0540022	0.00118059	1.21911e-05	0.00459367	0.380197	0.013705	0.0274908	0.012152	-0.01	0.0156797	-0.00140315	0.000646009	3.13309	0.601028	0.929842	0.0136598	0.999998	1.7746	0.904355	0.0208523	0.262139	0.0140596	0.142316	2.69578	0.379195	0.0107776	0.140934	8.95338e-10	-12007.1	4.0	3.8187e-06	-60657.7	7.0	8.1337e-05	1.0	4511.2	82.276	1305.87	49.6794	0.22449	0.00783011	1053.89	36.1026	
