v2W_Lxyz_pTtune_PRMC
rap	pT	cent	dPhi	ctauErrMin	ctauErrMax	NoCutEntry	CutEntry	NSig	NSigErr	NBkg	NBkgErr	coefExp	coefExpErr	coefPol1	coefPol1Err	coeffGaus	coeffGausErr	meanSig1	meanSig1Err	sigmaSig1	sigmaSig1Err	sigmaSig2	sigmaSig2Err	sigmaSig3	sigmaSig3Err	alpha	alphaErr	enne	enneErr	enneW	enneWErr	sigWidth	sigWidthErr	Gmc	GmcErr	bTau	bTauErr	fracRes	fracResErr	meanResSigW	meanResSigWErr	meanResSigN	meanResSigNErr	sigmaResSigW	sigmaResSigWErr	sigmaResSigN	sigmaResSigNErr	fpm	fpmErr	fLiving	fLivingErr	fbkgCtTot	fbkgCtTotErr	lambdam	lambdamErr	lambdap	lambdapErr	lambdasym	lambdasymErr	NLL	nFitPar	EDM	NLLMass	nFitParMass	EDMMass	Prob	PROMPT	PROMPTErr	NON-PROMPT	NON-PROMPTErr	Bfraction	BfractionErr	Resolution	ResolutionErr	
0.0-1.2	6.5-30.0	10.0-60.0	0.000-0.393	0.008	0.064	2985.0	2879.0	1934.04	47.296	944.929	35.3254	0.179985	0.128376	-0.05	0.0	0.470225	0.0	3.09267	0.0	0.0212073	0.0	0.0322286	0.0	0.03	0.0	1.492	0.0	5.0	0.0	1.733	0.0	0.0275998	0.0	1.40793e-05	0.000195463	0.295911	0.0138922	0.282557	0.0	0.00228371	0.0	-0.000898003	0.000932002	1.58042	0.0	0.848501	0.0269524	0.667125	0.15984	0.801632	0.293915	0.434592	0.153487	0.0486641	0.0151732	0.20002	0.0238048	0.0375247	0.0277663	-5604.21	4.0	2.46332e-06	-22864.9	3.0	2.83548e-06	1.0	1313.1	42.0129	620.938	31.0568	0.321057	0.0140077	1105.57	7.42031	
0.0-1.2	6.5-30.0	10.0-60.0	0.000-1.571	0.008	0.105	11049.0	11044.0	7527.43	95.6698	3516.19	71.7038	-0.0581398	0.0665143	-0.05	0.0	0.470225	0.0	3.09267	0.0	0.0212073	0.0	0.0322286	0.000750779	0.03	0.0	1.492	0.0	5.0	0.0	1.733	0.0	0.0275999	0.000232225	1.16782e-05	0.000130175	0.323989	0.00754351	0.282557	0.0	0.00228371	0.0	-0.000356826	0.000472759	1.58042	0.0	0.818264	0.0136118	0.553834	0.0486368	0.958524	0.0118806	0.348443	0.0524056	0.0473515	0.00508586	0.195147	0.0118727	0.550102	0.11706	-20532.4	4.0	5.3865e-08	-102661.0	4.0	1.88836e-05	1.0	5049.91	83.1049	2477.52	61.4704	0.329132	0.00701344	1089.09	3.66861	
0.0-1.2	6.5-30.0	10.0-60.0	0.393-0.785	0.008	0.073	3042.0	3040.0	2089.72	49.017	950.22	35.5407	0.00642708	0.128019	-0.05	0.0	0.470225	0.0	3.09267	0.0	0.0212073	0.0	0.0322286	0.0	0.03	0.0	1.492	0.0	5.0	0.0	1.733	0.0	0.0275998	0.0	1.70432e-05	0.00459144	0.355705	0.0152538	0.282557	0.0	0.00228371	0.0	-0.000695685	0.000914991	1.58042	0.0	0.821285	0.0275522	0.541484	0.52102	0.999999	14.675	0.240279	0.63481	0.0480691	0.0435312	0.171108	0.0526031	0.0212547	56.7889	-5620.32	4.0	8.70749e-05	-24363.9	3.0	6.33327e-06	1.0	1399.07	42.6203	690.65	31.6542	0.330499	0.0130135	1090.72	7.44208	
0.0-1.2	6.5-30.0	10.0-60.0	0.785-1.178	0.008	0.064	2514.0	2510.0	1766.25	44.8756	743.75	31.4852	-0.0169018	0.145	-0.05	0.0	0.470225	0.0	3.09267	0.0	0.0212073	0.0	0.0322286	0.0	0.03	0.0	1.492	0.0	5.0	0.0	1.733	0.0	0.0275998	0.0	1.55303e-05	0.000309325	0.315917	0.0160613	0.282557	0.0	0.00228371	0.0	0.00158687	0.000901645	1.58042	0.0	0.762218	0.0248733	0.358301	0.137111	0.783201	0.0838575	0.145282	0.233673	0.0179991	0.0101196	0.311413	0.0398851	0.113096	0.0268112	-5045.62	4.0	5.10996e-05	-19777.9	3.0	2.43419e-08	1.0	1210.79	39.6724	555.46	28.7526	0.314485	0.014183	1059.51	6.41895	
0.0-1.2	6.5-30.0	10.0-60.0	1.178-1.571	0.008	0.064	2506.0	2501.0	1701.35	44.3058	799.603	32.5762	-0.370659	0.139575	-0.05	0.0	0.470225	0.0	3.09267	0.0	0.0212073	0.0	0.0322286	0.0	0.03	0.0	1.492	0.0	5.0	0.0	1.733	0.0	0.0275998	0.0	1.05551e-05	0.000410668	0.276515	0.0136116	0.282557	0.0	0.00228371	0.0	-0.00142791	0.00106083	1.58042	0.0	0.825306	0.0303897	0.534908	0.0852282	0.894355	0.0311548	0.233588	0.0922888	0.0497611	0.0087684	0.162405	0.0205655	0.650746	0.143449	-4595.02	4.0	0.000110089	-19521.6	3.0	1.25599e-05	1.0	1132.21	39.5606	569.144	30.2554	0.334524	0.0155032	1092.9	8.23228	
0.0-2.4	10.0-13.0	10.0-60.0	0.000-0.393	0.016	0.08	995.0	990.0	744.271	29.4401	245.705	19.1877	0.298449	0.259064	-0.05	0.0	0.358633	0.0	3.09203	0.0	0.0212093	0.0	0.0419928	0.0	0.03	0.0	1.492	0.0	5.0	0.0	1.733	0.0	0.0359487	0.0	1.00051e-05	0.0125341	0.22462	0.0165002	0.0553454	0.0	0.000212513	0.0	-0.00030781	0.00119495	2.09412	0.0	0.859389	0.0342127	0.827421	0.0608924	0.999963	15.4937	0.553027	0.0213325	0.12497	0.0302982	0.208318	0.0112622	0.195881	79.7437	-2061.88	4.0	8.6107e-07	-6845.59	3.0	1.1145e-06	1.0	481.032	26.0736	263.239	20.6448	0.353687	0.0239517	969.733	14.3208	
0.0-2.4	10.0-13.0	10.0-60.0	0.000-1.571	0.008	0.136	3784.0	3782.0	2856.34	58.8431	925.732	39.1403	-0.660036	0.133704	-0.05	0.0	0.358633	0.0	3.09203	0.0	0.0212093	0.0	0.0419928	0.00128959	0.03	0.0	1.492	0.0	5.0	0.0	1.733	0.0	0.0359487	0.000483081	1.25623e-05	9.06713e-05	0.246903	0.00986899	0.0553454	0.0	0.000212513	0.0	6.32177e-05	0.000675348	2.09412	0.0	0.905162	0.0197997	0.757168	0.142914	0.709068	0.156204	0.0589587	0.0665446	0.0581469	0.0147112	0.193453	0.0158603	0.0319197	0.0128828	-7671.79	4.0	2.88687e-06	-31182.5	4.0	1.61318e-06	1.0	1955.58	53.1247	900.761	39.2882	0.315355	0.0121238	1008.31	8.39531	
0.0-2.4	10.0-13.0	10.0-60.0	0.393-0.785	0.016	0.088	979.0	977.0	746.469	29.29	230.53	18.4924	-0.934276	0.269772	-0.05	0.0	0.358633	0.0	3.09203	0.0	0.0212093	0.0	0.0419928	0.0	0.03	0.0	1.492	0.0	5.0	0.0	1.733	0.0	0.0359487	0.0	9.67596e-05	0.000320065	0.269398	0.0208676	0.0553454	0.0	0.000212513	0.0	-0.000420102	0.00126467	2.09412	0.0	0.919612	0.0397043	0.685587	0.0818604	1.0	2.60263	0.260811	0.0787422	0.0495687	0.0129611	0.183785	0.0264649	0.135255	25.3016	-1988.73	4.0	8.74626e-06	-6775.78	3.0	1.14327e-06	1.0	518.795	26.4925	227.674	19.1644	0.305001	0.0227134	1020.58	16.898	
0.0-2.4	10.0-13.0	10.0-60.0	0.785-1.178	0.008	0.105	905.0	903.0	698.103	28.3866	204.898	17.6798	-0.783571	0.286272	-0.05	0.0	0.358633	0.0	3.09203	0.0	0.0212093	0.0	0.0419928	0.0	0.03	0.0	1.492	0.0	5.0	0.0	1.733	0.0	0.0359487	0.0	0.000150013	0.000368392	0.26322	0.0226743	0.0553454	0.0	0.000212513	0.0	-3.70554e-05	0.00149651	2.09412	0.0	1.03889	0.0431016	0.498673	0.00629111	1.0	0.497443	0.000116839	0.065544	0.00713173	0.0012519	0.262513	0.00703671	0.0201823	2.46992	-1811.95	4.0	2.31062e-05	-6158.66	3.0	8.57751e-06	1.0	491.341	26.2105	206.762	18.9344	0.296177	0.0243022	1123.51	18.8248	
0.0-2.4	10.0-13.0	10.0-60.0	1.178-1.571	0.016	0.056	903.0	887.0	656.428	27.68	230.572	18.4481	-1.23121	0.274089	-0.05	0.0	0.358633	0.0	3.09203	0.0	0.0212093	0.0	0.0419928	0.0	0.03	0.0	1.492	0.0	5.0	0.0	1.733	0.0	0.0359487	0.0	5.58531e-05	0.000456735	0.229166	0.0196869	0.0553454	0.0	0.000212513	0.0	0.00180656	0.00152291	2.09412	0.0	1.00167	0.0441475	0.757822	0.138771	0.851833	0.781982	0.0631407	0.105226	0.0360727	0.029233	0.144827	0.027881	0.0483825	0.0439617	-1790.96	4.0	2.56831e-08	-5987.88	3.0	8.97946e-08	1.0	459.772	25.8044	196.656	18.941	0.299585	0.0259423	1091.11	19.1428	
0.0-2.4	10.0-30.0	10.0-60.0	0.000-0.393	0.008	0.088	1549.0	1543.0	1179.12	36.9486	363.895	23.4509	0.0587869	0.21188	-0.05	0.0	0.407318	0.0	3.09272	0.0	0.0218858	0.0	0.0437592	0.0	0.03	0.0	1.492	0.0	5.0	0.0	1.733	0.0	0.0364693	0.0	2.70146e-05	0.00458685	0.247041	0.0145013	0.0473596	0.0	-0.000901407	0.0	-0.000264364	0.000908368	2.0393	0.0	0.889022	0.0278241	0.863597	0.0391545	0.999996	13.955	0.526732	0.0738014	0.112621	0.0342614	0.201994	0.0213658	0.0200382	70.1566	-3303.95	4.0	2.59127e-06	-11396.9	3.0	4.6591e-05	1.0	771.68	32.7205	407.436	25.4736	0.345544	0.0186947	974.621	12.0892	
0.0-2.4	10.0-30.0	10.0-60.0	0.000-1.571	0.008	0.136	5903.0	5901.0	4489.51	73.8114	1411.59	48.6863	-0.59515	0.108151	-0.05	0.0	0.407318	0.0	3.09272	0.0	0.0218858	0.0	0.0437592	0.00114775	0.03	0.0	1.492	0.0	5.0	0.0	1.733	0.0	0.0364693	0.000408115	1.01973e-05	0.00191321	0.236783	0.00747739	0.0473596	0.0	-0.000901407	0.0	0.000118515	0.000509015	2.0393	0.0	0.924898	0.0163349	0.714029	0.0825314	0.799426	0.15521	0.139739	0.118996	0.0494552	0.00801224	0.202721	0.0128683	0.0283308	0.0129914	-12281.6	4.0	1.88762e-05	-51369.1	4.0	2.5161e-06	1.0	3025.2	66.316	1464.31	50.0364	0.326162	0.00977034	1005.92	7.15391	
0.0-2.4	10.0-30.0	10.0-60.0	0.393-0.785	0.008	0.105	1524.0	1522.0	1145.95	36.4086	376.053	23.5719	-0.731062	0.209454	-0.05	0.0	0.407318	0.0	3.09272	0.0	0.0218858	0.0	0.0437592	0.0	0.03	0.0	1.492	0.0	5.0	0.0	1.733	0.0	0.0364693	0.0	3.35672e-05	0.000225803	0.236915	0.0150579	0.0473596	0.0	-0.000901407	0.0	-0.000117489	0.000967067	2.0393	0.0	0.941299	0.0330577	0.587257	0.0105455	1.0	18.7114	0.236468	0.0137737	0.0427338	0.00141253	0.190131	0.00468043	0.0210213	63.2579	-3176.32	4.0	1.2718e-06	-11181.9	3.0	2.54954e-05	1.0	796.541	33.2335	349.414	24.2332	0.304911	0.0187973	1020.31	14.5267	
0.0-2.4	10.0-30.0	10.0-60.0	0.785-1.178	0.008	0.105	1397.0	1395.0	1074.6	35.1552	320.367	21.946	-0.650004	0.227359	-0.05	0.0	0.407318	0.0	3.09272	0.0	0.0218858	0.0	0.0437592	0.0	0.03	0.0	1.492	0.0	5.0	0.0	1.733	0.0	0.0364693	0.0	2.54104e-05	0.00458759	0.235057	0.0161368	0.0473596	0.0	-0.000901407	0.0	4.49232e-06	0.00107389	2.0393	0.0	0.986921	0.0346409	0.786368	0.0340838	0.999709	0.996217	0.370641	0.0393829	0.0401594	0.00424537	0.285358	0.0126372	0.0258714	6.08836	-2897.62	4.0	1.16829e-06	-10148.9	3.0	2.05103e-05	1.0	739.51	32.2867	335.086	24.0272	0.311825	0.0198965	1060.58	15.3541	
0.0-2.4	10.0-30.0	10.0-60.0	1.178-1.571	0.008	0.08	1431.0	1423.0	1085.91	35.4635	337.103	22.5584	-1.04151	0.225083	-0.05	0.0	0.407318	0.0	3.09272	0.0	0.0218858	0.0	0.0437592	0.0	0.03	0.0	1.492	0.0	5.0	0.0	1.733	0.0	0.0364693	0.0	1.00138e-05	0.000350061	0.221039	0.0137938	0.0473596	0.0	-0.000901407	0.0	0.000480398	0.00115174	2.0393	0.0	0.981142	0.0359039	0.774255	0.816622	0.753006	0.268091	0.00242629	0.885588	0.0165024	0.0382376	0.157124	0.0198814	0.0475874	0.0320864	-2928.13	4.0	5.7475e-06	-10341.9	3.0	9.15071e-07	1.0	711.822	32.6517	374.088	25.9804	0.344493	0.0211148	1055.46	15.8975	
0.0-2.4	13.0-30.0	10.0-60.0	0.000-0.393	0.008	0.064	553.0	549.0	434.76	22.2502	114.226	13.2108	-0.497346	0.377895	-0.05	0.0	0.480966	0.0	3.09399	0.0	0.0227067	0.0	0.0467741	0.0	0.03	0.0	1.492	0.0	5.0	0.0	1.733	0.0	0.0371959	0.0	0.000100096	0.000341831	0.282741	0.0273076	0.0347602	0.0	-0.00537756	0.0	0.000663081	0.00142494	1.80759	0.0	0.950681	0.0482187	0.711318	2.6649	0.895993	0.253133	0.442604	1.08174	0.00710026	4.34112e-07	0.2292	0.0513162	0.0542178	0.0613557	-1246.02	4.0	1.26633e-07	-3526.36	3.0	1.63956e-05	1.0	286.962	19.6711	147.798	15.1157	0.339953	0.0301016	992.952	22.2806	
0.0-2.4	13.0-30.0	10.0-60.0	0.000-1.571	0.008	0.08	2118.0	2113.0	1627.81	44.3697	485.239	28.7424	-0.472698	0.183749	-0.05	0.0	0.480966	0.0	3.09399	0.0	0.0227067	0.0	0.0467741	0.00220056	0.03	0.0	1.492	0.0	5.0	0.0	1.733	0.0	0.0371959	0.000718141	1.04426e-05	0.00602457	0.219728	0.0113806	0.0347602	0.0	-0.00537756	0.0	-5.23662e-05	0.000780451	1.80759	0.0	0.953176	0.0287978	0.714191	0.153641	0.844032	0.187067	0.213127	0.132892	0.03286	0.0106248	0.222362	0.0234524	0.0306356	0.0224991	-4609.85	4.0	3.37746e-06	-16285.5	4.0	1.46532e-06	1.0	1065.8	39.6226	562.011	30.9947	0.345256	0.0165526	995.258	13.3107	
0.0-2.4	13.0-30.0	10.0-60.0	0.393-0.785	0.008	0.064	544.0	542.0	396.824	21.5548	145.101	14.5889	-0.411753	0.332028	-0.05	0.0	0.480966	0.0	3.09399	0.0	0.0227067	0.0	0.0467741	0.0	0.03	0.0	1.492	0.0	5.0	0.0	1.733	0.0	0.0371959	0.0	1.12306e-05	0.00159264	0.171881	0.019308	0.0347602	0.0	-0.00537756	0.0	-0.00024976	0.00152625	1.80759	0.0	0.979777	0.0585526	0.535146	0.0924044	1.0	0.458104	0.271041	0.106464	0.0396086	0.011472	0.19791	0.0402957	0.0216795	52.633	-1190.66	4.0	4.34397e-06	-3392.5	3.0	5.97346e-05	1.0	272.826	20.1662	123.998	15.2455	0.312477	0.0344662	1019.89	27.1473	
0.0-2.4	13.0-30.0	10.0-60.0	0.785-1.178	0.012	0.044	492.0	478.0	366.495	20.4098	111.485	12.7096	-0.463018	0.379981	-0.05	0.0	0.480966	0.0	3.09399	0.0	0.0227067	0.0	0.0467741	0.0	0.03	0.0	1.492	0.0	5.0	0.0	1.733	0.0	0.0371959	0.0	1.72143e-05	0.000568696	0.197146	0.0214794	0.0347602	0.0	-0.00537756	0.0	-0.000368548	0.00157894	1.80759	0.0	0.962684	0.0619658	0.999993	12.2166	0.590463	0.305792	0.167937	0.0636203	0.0651434	9.86911	0.330763	0.0384658	0.0486149	0.0164476	-1060.3	4.0	1.41571e-06	-2988.61	3.0	1.39188e-05	1.0	246.409	18.6	120.085	14.226	0.327659	0.03426	1004.05	28.6738	
0.0-2.4	13.0-30.0	10.0-60.0	1.178-1.571	0.008	0.08	528.0	526.0	419.101	21.9176	106.875	12.9675	-0.653878	0.392999	-0.05	0.0	0.480966	0.0	3.09399	0.0	0.0227067	0.0	0.0467741	0.0	0.03	0.0	1.492	0.0	5.0	0.0	1.733	0.0	0.0371959	0.0	1.03545e-05	0.00459451	0.213076	0.0193456	0.0347602	0.0	-0.00537756	0.0	-0.00138474	0.00168503	1.80759	0.0	0.911167	0.059824	0.720845	3.58081	1.0	30.4724	0.00904505	16.7444	0.0136196	0.0485172	0.155526	0.0726872	0.0200819	161.702	-1122.94	4.0	3.83317e-06	-3334.18	3.0	4.2441e-06	1.0	245.279	19.525	173.822	17.3008	0.414749	0.0351233	956.526	27.5031	
0.0-2.4	6.5-10.0	10.0-60.0	0.000-0.393	0.016	0.152	5980.0	5978.0	3183.63	64.9337	2794.3	61.8634	-0.14486	0.0743074	-0.05	0.0	0.30887	0.0	3.09212	0.0	0.0549386	0.0	0.0273671	0.0	0.03	0.0	1.492	0.0	5.0	0.0	1.733	0.0	0.0380772	0.0	8.57987e-05	0.0003048	0.303775	0.0131073	0.239612	0.0	0.0062101	0.0	0.00321208	0.000745252	1.68288	0.0	0.851932	0.017239	0.397927	0.143721	0.868303	0.112568	0.327511	0.196033	0.0255066	0.00794169	0.153634	0.0160308	0.101678	0.0455246	-9294.77	4.0	0.000108667	-49391.9	3.0	1.3663e-05	1.0	2390.99	59.8312	792.635	38.2481	0.248972	0.010888	1109.27	5.03366	
0.0-2.4	6.5-10.0	10.0-60.0	0.000-1.571	0.016	0.16	20604.0	20600.0	11886.8	125.158	8713.04	111.764	-0.156898	0.0422375	-0.05	0.0	0.30887	0.0	3.09212	0.0	0.0549386	0.0	0.0273671	0.000420855	0.03	0.0	1.492	0.0	5.0	0.0	1.733	0.0	0.0380772	0.000104527	8.22954e-05	0.000174121	0.284935	0.00628449	0.239612	0.0	0.0062101	0.0	0.00217752	0.000410402	1.68288	0.0	0.873677	0.00984119	0.482338	1.04175	0.963701	0.0114304	0.47998	0.912328	0.0477191	0.0798418	0.184275	0.0201685	0.375815	0.342319	-32818.6	4.0	2.57157e-05	-197163.0	4.0	1.61563e-06	1.0	8780.34	115.574	3106.48	76.6835	0.261338	0.00583485	1122.06	2.91332	
0.0-2.4	6.5-10.0	10.0-60.0	0.393-0.785	0.016	0.145	5476.0	5473.0	3189.18	63.7563	2283.88	56.2097	-0.157624	0.0825271	-0.05	0.0	0.30887	0.0	3.09212	0.0	0.0549386	0.0	0.0273671	0.0	0.03	0.0	1.492	0.0	5.0	0.0	1.733	0.0	0.0380772	0.0	2.35595e-05	0.00458844	0.301824	0.0124531	0.239612	0.0	0.0062101	0.0	0.00282065	0.000881698	1.68288	0.0	0.937165	0.0219418	0.431664	0.0801893	0.687996	0.168234	0.359201	0.144793	0.0306489	0.0118624	0.22747	0.024682	0.073672	0.0200133	-8579.15	4.0	4.20917e-07	-45191.9	3.0	5.68732e-06	1.0	2322.24	58.9052	866.936	40.186	0.271837	0.0113687	1160.36	6.73754	
0.0-2.4	6.5-10.0	10.0-60.0	0.785-1.178	0.016	0.152	4677.0	4675.0	2800.6	59.5814	1874.26	51.2214	-0.133071	0.091209	-0.05	0.0	0.30887	0.0	3.09212	0.0	0.0549386	0.0	0.0273671	0.0	0.03	0.0	1.492	0.0	5.0	0.0	1.733	0.0	0.0380772	0.0	6.88744e-05	0.000959106	0.283524	0.0130962	0.239612	0.0	0.0062101	0.0	0.000220205	0.000809632	1.68288	0.0	0.863445	0.0191332	0.999999	1.33366	0.421035	0.0724788	0.584345	0.0472657	0.102147	52.5505	0.199112	0.0208538	0.0796418	0.0119476	-7892.1	4.0	1.39907e-08	-37991.0	3.0	9.98202e-06	1.0	2096.05	55.5883	704.548	36.4176	0.25157	0.011851	1116.02	5.62802	
0.0-2.4	6.5-10.0	10.0-60.0	1.178-1.571	0.016	0.136	4469.0	4465.0	2710.78	58.4946	1754.14	49.6487	-0.204097	0.0943031	-0.05	0.0	0.30887	0.0	3.09212	0.0	0.0549386	0.0	0.0273671	0.0	0.03	0.0	1.492	0.0	5.0	0.0	1.733	0.0	0.0380772	0.0	0.000177731	0.000547176	0.253765	0.0115059	0.239612	0.0	0.0062101	0.0	0.000858617	0.000857587	1.68288	0.0	0.825717	0.0211472	0.498444	0.0414412	0.925873	0.0271106	0.482785	0.0441639	0.05868	0.00724996	0.250267	0.0277239	0.513752	0.143708	-7114.25	4.0	6.52775e-08	-36119.0	3.0	1.62212e-05	1.0	1955.7	54.6139	755.086	38.3046	0.278549	0.0127883	1094.09	6.06786	
0.0-2.4	6.5-30.0	0.0-10.0	0.000-0.393	0.008	0.136	4636.0	4626.0	2084.51	53.963	2541.61	58.0434	0.0426686	0.0774481	-0.05	0.0	0.347824	0.0	3.09257	0.0	0.0507452	0.0	0.0262703	0.0	0.03	0.0	1.492	0.0	5.0	0.0	1.733	0.0	0.0366846	0.0	1.25622e-05	0.000104313	0.205988	0.0103887	0.16485	0.0	0.00394979	0.0	0.00280684	0.000899061	1.76859	0.0	0.993829	0.0227933	0.630606	0.103293	0.758253	0.0693951	0.545825	0.108151	0.0386372	0.0151965	0.0971219	0.0241102	0.250485	0.0357266	-6561.08	4.0	7.98909e-09	-36521.8	3.0	3.2615e-05	1.0	1438.05	50.3701	646.461	37.8328	0.310126	0.0162772	1157.8	8.16994	
0.0-2.4	6.5-30.0	0.0-10.0	0.000-1.571	0.008	0.136	17565.0	17539.0	8007.08	107.728	9532.99	114.589	-0.0546973	0.0400157	-0.05	0.0	0.347824	0.0	3.09257	0.0	0.0507452	0.0	0.0262703	0.000584949	0.03	0.0	1.492	0.0	5.0	0.0	1.733	0.0	0.0366846	0.000136595	3.37928e-05	7.02542e-05	0.222961	0.00616306	0.16485	0.0	0.00394979	0.0	0.00131088	0.000454365	1.76859	0.0	0.978472	0.0119758	0.95371	0.744134	0.351178	0.0974999	0.519597	0.0341787	0.038091	0.0592928	0.218265	0.0125413	0.0848421	0.00610121	-24904.1	4.0	7.05298e-06	-162029.0	4.0	7.19209e-05	1.0	5744.46	100.701	2262.62	71.3743	0.282577	0.0080625	1146.83	4.26667	
0.0-2.4	6.5-30.0	0.0-10.0	0.393-0.785	0.008	0.145	4592.0	4587.0	1948.33	52.6426	2638.79	58.834	-0.351467	0.0762641	-0.05	0.0	0.347824	0.0	3.09257	0.0	0.0507452	0.0	0.0262703	0.0	0.03	0.0	1.492	0.0	5.0	0.0	1.733	0.0	0.0366846	0.0	1.89238e-05	0.00459057	0.250936	0.013253	0.16485	0.0	0.00394979	0.0	0.00187769	0.000913601	1.76859	0.0	0.988698	0.0251495	0.662402	0.0318707	0.999998	4.82371	0.495761	0.0301189	0.0729679	0.00759534	0.149506	0.00931699	0.0710171	31.7906	-6113.14	4.0	1.01438e-06	-36007.5	3.0	3.13814e-05	1.0	1362.57	48.7096	585.762	35.6051	0.300648	0.0163699	1154.13	8.99648	
0.0-2.4	6.5-30.0	0.0-10.0	0.785-1.178	0.008	0.128	4394.0	4391.0	2100.42	53.3268	2290.63	55.0798	0.230302	0.0817541	-0.05	0.0	0.347824	0.0	3.09257	0.0	0.0507452	0.0	0.0262703	0.0	0.03	0.0	1.492	0.0	5.0	0.0	1.733	0.0	0.0366846	0.0	1.34329e-05	0.0045931	0.252336	0.0135306	0.16485	0.0	0.00394979	0.0	0.00293995	0.000914477	1.76859	0.0	0.977694	0.0245445	0.466689	0.00117017	1.0	1.31716	0.391217	0.00140232	0.0558197	0.000176044	0.153665	0.000436637	0.0219067	5.75767	-6341.79	4.0	5.14279e-05	-34655.3	3.0	1.73385e-05	1.0	1542.04	49.9487	558.38	34.1042	0.265842	0.0147676	1146.27	8.74183	
0.0-2.4	6.5-30.0	0.0-10.0	1.178-1.571	0.008	0.152	3941.0	3938.0	1877.89	50.5383	2060.15	52.3112	-0.117311	0.0861629	-0.05	0.0	0.347824	0.0	3.09257	0.0	0.0507452	0.0	0.0262703	0.0	0.03	0.0	1.492	0.0	5.0	0.0	1.733	0.0	0.0366846	0.0	1.96612e-05	0.00459023	0.192212	0.0122027	0.16485	0.0	0.00394979	0.0	0.00211022	0.000911258	1.76859	0.0	0.938691	0.0245256	0.430689	10.4793	0.484108	11.6637	0.337079	13.7383	0.00790947	2.24645	0.342096	0.352728	0.0758491	0.0131803	-5918.1	4.0	1.90643e-09	-30618.4	3.0	6.26559e-06	1.0	1402.16	48.9143	475.735	33.6538	0.253335	0.0165736	1118.71	8.59324	
0.0-2.4	6.5-30.0	0.0-100.0	0.000-0.393	0.008	0.152	12404.0	12400.0	6619.27	93.0713	5780.72	88.4523	-0.0576143	0.0515771	-0.05	0.0	0.347824	0.0	3.09257	0.0	0.0507452	0.0	0.0262906	0.0	0.03	0.0	1.492	0.0	5.0	0.0	1.733	0.0	0.0366941	0.0	1.26244e-05	0.000102978	0.258878	0.0074697	0.206229	0.0969039	0.00181619	0.00447859	0.00236401	0.000485546	1.83948	0.188543	0.903961	0.0121493	0.607061	0.156943	0.799949	0.0734349	0.546946	0.0939904	0.0302028	0.0118218	0.159249	0.0121503	0.156601	0.0317601	-19402.5	4.0	1.12427e-07	-111680.0	3.0	5.07805e-07	1.0	4768.51	85.8817	1850.76	59.6438	0.279602	0.00810776	1160.36	61.9293	
0.0-2.4	6.5-30.0	0.0-100.0	0.000-1.571	0.004	0.164	45046.0	45042.0	25078.5	209.459	19963.2	196.862	-0.14892	0.0287943	-0.05	0.0	0.347824	0.0319872	3.09257	0.000272328	0.0507452	0.00181921	0.0262906	0.000578404	0.03	0.0	1.492	0.0	5.0	0.0	1.733	0.0	0.036694	0.000615025	1.00384e-05	0.000248775	0.256157	0.00383526	0.16485	0.0672939	0.00394979	0.00276213	0.00193272	0.000254852	1.76859	0.130357	0.930371	0.00671989	0.576996	0.0288908	0.962913	0.0120238	0.498167	0.0239383	0.0569806	0.00444403	0.178043	0.00567778	0.307205	0.0696172	-71366.4	4.0	9.03105e-08	-465454.0	7.0	3.50593e-05	1.0	18129.5	184.15	6949.0	119.799	0.27709	0.00417895	1112.89	38.2967	
0.0-2.4	6.5-30.0	0.0-100.0	0.393-0.785	0.008	0.145	11823.0	11816.0	6450.14	91.2296	5365.51	85.0809	-0.303032	0.0537415	-0.05	0.0	0.347824	0.0	3.09257	0.0	0.0507452	0.0	0.0262906	0.0	0.03	0.0	1.492	0.0	5.0	0.0	1.733	0.0	0.0366941	0.0	1.89238e-05	0.00459057	0.270893	0.00774092	0.0431777	0.107987	0.00997815	0.0195849	0.000777961	0.00049336	1.89503	0.83285	1.01996	0.01337	0.67165	0.0793151	0.752154	0.169377	0.394791	0.0610126	0.0663108	0.00852304	0.175198	0.0113967	0.0526181	0.0207437	-18186.5	4.0	0.000113982	-106083.0	3.0	5.67842e-05	1.0	4587.3	84.5578	1862.84	60.2873	0.288806	0.00840682	1072.59	71.89	
0.0-2.4	6.5-30.0	0.0-100.0	0.785-1.178	0.008	0.152	10749.0	10747.0	6153.71	88.5112	4593.25	79.2081	-0.000235599	0.0580337	-0.05	0.0	0.347824	0.0	3.09257	0.0	0.0507452	0.0	0.0262906	0.0	0.03	0.0	1.492	0.0	5.0	0.0	1.733	0.0	0.0366941	0.0	2.75139e-05	0.00458662	0.264781	0.00818561	0.0918396	0.0685565	0.00342668	0.00702651	0.00219453	0.000492352	2.01375	0.316371	0.954888	0.0130342	0.525189	0.0755458	0.844198	0.153219	0.416481	0.0648408	0.0489917	0.0087142	0.188375	0.0138631	0.0876648	0.0241508	-17546.6	4.0	7.27617e-05	-95976.5	3.0	1.5037e-06	1.0	4531.71	82.5945	1622.0	55.8349	0.263581	0.00824337	1095.67	56.1897	
0.0-2.4	6.5-30.0	0.0-100.0	1.178-1.571	0.008	0.152	10068.0	10063.0	5858.21	86.1921	4204.64	75.9977	-0.239838	0.0607472	-0.05	0.0	0.347824	0.0	3.09257	0.0	0.0507452	0.0	0.0262906	0.0	0.03	0.0	1.492	0.0	5.0	0.0	1.733	0.0	0.0366941	0.0	1.96612e-05	0.00459023	0.229734	0.00723189	0.449361	0.193671	0.00205439	0.00260759	0.00152973	0.000658461	1.48015	0.117135	0.756025	0.0170845	0.601633	0.0338744	0.949922	0.0182245	0.530658	0.0318895	0.0622158	0.00712067	0.226786	0.0144027	0.442198	0.116865	-16311.3	4.0	6.48026e-06	-89305.7	3.0	3.8061e-06	1.0	4225.51	80.594	1632.7	56.6333	0.278703	0.00875458	1139.83	76.8695	
0.0-2.4	6.5-30.0	10.0-20.0	0.000-0.393	0.008	0.128	3099.0	3095.0	1581.03	46.199	1513.68	45.4642	0.127561	0.100609	-0.05	0.0	0.347824	0.0	3.09257	0.0	0.0507452	0.0	0.0266796	0.0	0.03	0.0	1.492	0.0	5.0	0.0	1.733	0.0	0.0368767	0.0	1.2601e-05	0.000103615	0.310824	0.0158253	0.16485	0.0	0.00394979	0.0	-0.000678578	0.00101343	1.76859	0.0	0.959882	0.0243024	0.753858	0.898649	0.738028	0.286441	0.586245	0.373073	0.0138094	0.0288065	0.152065	0.0211592	0.129729	0.0429924	-4326.96	4.0	2.88471e-07	-23441.7	3.0	3.06659e-05	1.0	1033.35	40.2492	547.688	31.0544	0.346412	0.0168327	1133.63	8.5927	
0.0-2.4	6.5-30.0	10.0-20.0	0.000-1.571	0.008	0.16	10725.0	10723.0	5707.24	88.3404	5015.77	84.3363	-0.152195	0.0554027	-0.05	0.0	0.347824	0.0	3.09257	0.0	0.0507452	0.0	0.0266796	0.00068237	0.03	0.0	1.492	0.0	5.0	0.0	1.733	0.0	0.0368767	0.000160984	1.00282e-05	0.000232918	0.27476	0.00831978	0.16485	0.0	0.00394979	0.0	0.00219576	0.00055198	1.76859	0.0	0.939007	0.0144424	0.467922	0.0508599	0.907661	0.0242596	0.366853	0.064787	0.0369579	0.00530604	0.15046	0.0104652	0.261612	0.0432086	-15967.5	4.0	8.48818e-05	-94927.0	4.0	6.04735e-07	1.0	4039.67	80.326	1667.57	56.6451	0.292185	0.00883482	1118.94	5.06101	
0.0-2.4	6.5-30.0	10.0-20.0	0.393-0.785	0.008	0.128	2706.0	2696.0	1406.66	43.1631	1289.22	41.7808	-0.118039	0.109174	-0.05	0.0	0.347824	0.0	3.09257	0.0	0.0507452	0.0	0.0266796	0.0	0.03	0.0	1.492	0.0	5.0	0.0	1.733	0.0	0.0368767	0.0	1.64982e-05	0.00459169	0.248966	0.0174577	0.16485	0.0	0.00394979	0.0	0.00269085	0.00113104	1.76859	0.0	0.955134	0.0304129	0.458138	0.114631	0.90431	0.0764767	0.204523	0.140226	0.0380795	0.00896547	0.146537	0.0148211	0.135968	0.0509324	-4169.94	4.0	5.12819e-06	-20104.0	3.0	5.27473e-06	1.0	1084.83	41.4881	321.835	26.6592	0.228794	0.0176039	1130.28	10.7318	
0.0-2.4	6.5-30.0	10.0-20.0	0.785-1.178	0.008	0.152	2580.0	2577.0	1407.86	42.8101	1169.08	39.9233	-0.235612	0.11489	-0.05	0.0	0.347824	0.0	3.09257	0.0	0.0507452	0.0	0.0266796	0.0	0.03	0.0	1.492	0.0	5.0	0.0	1.733	0.0	0.0368767	0.0	2.75139e-05	0.00458662	0.314508	0.0198339	0.16485	0.0	0.00394979	0.0	0.000341702	0.00104979	1.76859	0.0	0.947207	0.0274154	0.999999	16.997	0.351187	0.132842	0.568316	0.13128	0.125881	29.9991	0.294664	0.0462278	0.0836429	0.0202864	-3938.8	4.0	6.43549e-05	-19198.6	3.0	1.39547e-05	1.0	1020.51	39.053	387.355	26.4749	0.275137	0.0168414	1124.69	9.6414	
0.0-2.4	6.5-30.0	10.0-20.0	1.178-1.571	0.008	0.12	2339.0	2330.0	1310.98	40.9868	1018.9	37.2538	-0.541509	0.124154	-0.05	0.0	0.347824	0.0	3.09257	0.0	0.0507452	0.0	0.0266796	0.0	0.03	0.0	1.492	0.0	5.0	0.0	1.733	0.0	0.0368767	0.0	2.02273e-05	0.00458997	0.208215	0.0125694	0.16485	0.0	0.00394979	0.0	0.000946036	0.00124422	1.76859	0.0	0.930983	0.0336039	0.559682	0.0637333	0.866968	0.0625035	0.437002	0.0763388	0.0530046	0.0119052	0.141287	0.0180512	0.335124	0.0923577	-3599.08	4.0	2.4546e-06	-17192.1	3.0	1.03794e-05	1.0	867.139	38.4776	443.843	30.6285	0.338558	0.0208278	1113.32	11.734	
0.0-2.4	6.5-30.0	10.0-30.0	0.000-0.393	0.008	0.128	5182.0	5176.0	2776.62	60.4077	2399.24	57.199	-0.00403789	0.0800136	-0.05	0.0	0.347824	0.0	3.09257	0.0	0.0507452	0.0	0.0260034	0.0	0.03	0.0	1.492	0.0	5.0	0.0	1.733	0.0	0.0365604	0.0	1.2601e-05	0.000103615	0.29729	0.0125736	0.16485	0.0	0.00394979	0.0	0.00221743	0.000737044	1.76859	0.0	0.901626	0.0181397	0.419159	0.321133	0.705486	0.191749	0.311317	0.340987	0.0191981	0.010867	0.156252	0.0212157	0.0812161	0.0245851	-8021.67	4.0	6.00884e-07	-42103.6	3.0	3.08865e-05	1.0	1968.07	54.3611	808.547	37.832	0.291199	0.0120628	1092.96	6.24869	
0.0-2.4	6.5-30.0	10.0-30.0	0.000-1.571	0.004	0.164	18092.0	18090.0	10209.4	115.966	7879.85	105.445	-0.168899	0.0442883	-0.05	0.0	0.347824	0.0	3.09257	0.0	0.0507452	0.0	0.0260034	0.00047401	0.03	0.0	1.492	0.0	5.0	0.0	1.733	0.0	0.0365604	0.000109937	1.00384e-05	0.000248775	0.271388	0.0061811	0.16485	0.0	0.00394979	0.0	0.00227741	0.000398099	1.76859	0.0	0.91071	0.01043	0.470978	0.0420957	0.943632	0.0167382	0.384981	0.0508731	0.0393833	0.00401607	0.159117	0.00726924	0.252518	0.0448487	-28886.1	4.0	4.15439e-05	-170674.0	4.0	2.86866e-05	1.0	7317.98	106.029	2891.46	73.5628	0.283214	0.00644738	1099.23	3.60836	
0.0-2.4	6.5-30.0	10.0-30.0	0.393-0.785	0.008	0.145	4704.0	4702.0	2618.35	57.8982	2083.64	53.0798	-0.155447	0.0860569	-0.05	0.0	0.347824	0.0	3.09257	0.0	0.0507452	0.0	0.0260034	0.0	0.03	0.0	1.492	0.0	5.0	0.0	1.733	0.0	0.0365604	0.0	1.89238e-05	0.00459057	0.266841	0.0121347	0.16485	0.0	0.00394979	0.0	0.00289777	0.000811565	1.76859	0.0	0.938472	0.0220042	0.472803	0.0972642	0.931002	0.0557092	0.324409	0.115847	0.0367595	0.00824902	0.157899	0.0121053	0.134426	0.0473012	-7498.76	4.0	4.15697e-06	-37990.6	3.0	4.06492e-06	1.0	1899.21	53.8688	719.137	37.2965	0.274653	0.0128847	1118.56	7.70907	
0.0-2.4	6.5-30.0	10.0-30.0	0.785-1.178	0.008	0.152	4195.0	4193.0	2453.55	55.63	1739.42	48.7923	-0.273497	0.0945082	-0.05	0.0	0.347824	0.0	3.09257	0.0	0.0507452	0.0	0.0260034	0.0	0.03	0.0	1.492	0.0	5.0	0.0	1.733	0.0	0.0365604	0.0	2.75139e-05	0.00458662	0.301772	0.0140463	0.16485	0.0	0.00394979	0.0	0.00172641	0.000790523	1.76859	0.0	0.908424	0.0208658	0.298193	6.14931	0.67986	7.74287	0.132155	8.77879	0.00895707	0.236092	0.237206	0.113712	0.0736014	0.0366255	-6867.44	4.0	2.0505e-07	-33583.8	3.0	9.26887e-06	1.0	1775.57	50.7393	677.98	34.4975	0.276326	0.0125872	1097.65	7.21098	
0.0-2.4	6.5-30.0	10.0-30.0	1.178-1.571	0.008	0.145	4009.0	4007.0	2356.16	54.5457	1650.75	47.6428	-0.300498	0.0970692	-0.05	0.0	0.347824	0.0	3.09257	0.0	0.0507452	0.0	0.0260034	0.0	0.03	0.0	1.492	0.0	5.0	0.0	1.733	0.0	0.0365604	0.0	1.49137e-05	0.00459242	0.215105	0.0102025	0.16485	0.0	0.00394979	0.0	0.000645692	0.0008589	1.76859	0.0	0.895873	0.0233618	0.529875	0.046789	0.921427	0.0326151	0.442765	0.056425	0.048832	0.00735549	0.178536	0.0169341	0.37778	0.0962543	-6541.15	4.0	1.00048e-06	-31916.7	3.0	1.62874e-05	1.0	1635.83	51.2591	720.338	38.3597	0.305725	0.0146617	1089.0	8.02526	
0.0-2.4	6.5-30.0	10.0-60.0	0.000-0.393	0.008	0.152	7530.0	7528.0	4330.58	74.2153	3197.39	66.1417	-0.142063	0.0695345	-0.05	0.0	0.347824	0.0	3.09257	0.0	0.0507452	0.0	0.0263236	0.0	0.03	0.0	1.492	0.0	5.0	0.0	1.733	0.0	0.0367095	0.0	1.26244e-05	0.000102978	0.283549	0.00996821	0.16485	0.0	0.00394979	0.0	0.00219736	0.000572971	1.76859	0.0	0.86968	0.0144514	0.453214	0.190705	0.816719	0.128643	0.334804	0.217203	0.0234408	0.00945822	0.165687	0.0162411	0.0929088	0.0352772	-12479.9	4.0	2.7938e-05	-64571.0	3.0	8.85598e-06	1.0	3139.49	67.8722	1191.09	46.1359	0.275041	0.00955407	1071.12	4.89965	
0.0-2.4	6.5-30.0	10.0-60.0	0.000-1.571	0.004	0.164	26507.0	26503.0	16247.9	143.587	10253.8	120.927	-0.233977	0.038996	-0.05	0.0	0.347824	0.0	3.09257	0.0	0.0507452	0.0	0.0263236	0.000361493	0.03	0.0	1.492	0.0	5.0	0.0	1.733	0.0	0.0367095	8.45281e-05	1.00384e-05	0.000248775	0.269656	0.00489812	0.16485	0.0	0.00394979	0.0	0.00177753	0.00031561	1.76859	0.0	0.894597	0.00828583	0.519739	0.0355518	0.972132	0.00821152	0.413885	0.0389572	0.0462291	0.00375252	0.18005	0.0070846	0.412885	0.0850983	-44763.0	4.0	0.000100768	-262367.0	4.0	7.74378e-05	1.0	11702.2	132.062	4545.71	91.4288	0.279772	0.00505484	1088.12	2.84459	
0.0-2.4	6.5-30.0	10.0-60.0	0.393-0.785	0.008	0.145	7000.0	6997.0	4300.31	72.9257	2696.73	60.9504	-0.258897	0.0760707	-0.05	0.0	0.347824	0.0	3.09257	0.0	0.0507452	0.0	0.0263236	0.0	0.03	0.0	1.492	0.0	5.0	0.0	1.733	0.0	0.0367095	0.0	1.89238e-05	0.00459057	0.283519	0.00988429	0.16485	0.0	0.00394979	0.0	0.000821241	0.0006494	1.76859	0.0	0.930725	0.0177751	0.627968	0.11977	0.686296	0.232086	0.313752	0.132827	0.0586681	0.0115377	0.191644	0.01433	0.0331426	0.0122949	-11683.5	4.0	4.5031e-05	-59996.3	3.0	2.99055e-05	1.0	3090.52	67.4855	1209.79	47.206	0.281326	0.00988644	1113.14	6.2061	
0.0-2.4	6.5-30.0	10.0-60.0	0.785-1.178	0.008	0.152	6075.0	6073.0	3845.76	68.7766	2227.13	55.7826	-0.22724	0.0838271	-0.05	0.0	0.347824	0.0	3.09257	0.0	0.0507452	0.0	0.0263236	0.0	0.03	0.0	1.492	0.0	5.0	0.0	1.733	0.0	0.0367095	0.0	2.75139e-05	0.00458662	0.267666	0.0103245	0.16485	0.0	0.00394979	0.0	0.00113533	0.000639281	1.76859	0.0	0.906193	0.0165612	0.638252	0.121698	0.99308	0.0509986	0.5488	0.115874	0.0650004	0.0280372	0.199149	0.0351112	0.622098	0.779336	-10707.2	4.0	1.03761e-05	-51389.3	3.0	1.25698e-05	1.0	2815.1	63.9335	1030.66	43.5046	0.267998	0.0102469	1096.11	5.71735	
0.0-2.4	6.5-30.0	10.0-60.0	1.178-1.571	0.008	0.152	5901.0	5899.0	3770.47	68.0518	2128.53	54.6721	-0.344897	0.0858604	-0.05	0.0	0.347824	0.0	3.09257	0.0	0.0507452	0.0	0.0263236	0.0	0.03	0.0	1.492	0.0	5.0	0.0	1.733	0.0	0.0367095	0.0	1.96612e-05	0.00459023	0.244177	0.00896004	0.16485	0.0	0.00394979	0.0	0.00111989	0.000679472	1.76859	0.0	0.881631	0.0181273	0.546527	0.0366662	0.944118	0.0188429	0.410894	0.046993	0.0535439	0.00611475	0.205919	0.018557	0.56609	0.138548	-9954.33	4.0	3.31079e-06	-49772.1	3.0	2.11887e-05	1.0	2637.91	63.126	1132.56	46.2164	0.300377	0.0109933	1079.25	6.18348	
0.0-2.4	6.5-30.0	20.0-30.0	0.000-0.393	0.008	0.105	2083.0	2076.0	1196.26	38.9112	879.716	34.6063	-0.213954	0.132623	-0.05	0.0	0.347824	0.0	3.09257	0.0	0.0507452	0.0	0.0251994	0.0	0.03	0.0	1.492	0.0	5.0	0.0	1.733	0.0	0.0361913	0.0	1.25371e-05	0.000105445	0.266494	0.0199427	0.16485	0.0	0.00394979	0.0	0.00390466	0.0010697	1.76859	0.0	0.876199	0.0263957	0.402042	0.0712294	0.775179	0.287191	0.315133	0.116689	0.0365429	0.0140057	0.141149	0.0306198	0.0683811	0.0300666	-3719.94	4.0	2.34555e-05	-15148.3	3.0	2.14774e-06	1.0	931.542	36.5507	264.714	22.1802	0.221285	0.0170872	1075.55	8.97927	
0.0-2.4	6.5-30.0	20.0-30.0	0.000-1.571	0.008	0.136	7367.0	7360.0	4492.02	75.1472	2867.42	63.4254	-0.201139	0.073648	-0.05	0.0	0.347824	0.0	3.09257	0.0	0.0507452	0.0	0.0251994	0.000647337	0.03	0.0	1.492	0.0	5.0	0.0	1.733	0.0	0.0361913	0.000146977	3.37928e-05	7.02542e-05	0.266193	0.00921666	0.16485	0.0	0.00394979	0.0	0.00205194	0.00057415	1.76859	0.0	0.855614	0.0151693	0.505235	0.0991666	0.693637	0.163868	0.285519	0.0956633	0.0411283	0.00711651	0.179395	0.014486	0.0392352	0.0128534	-12953.2	4.0	8.78942e-06	-63491.9	4.0	6.09027e-05	1.0	3267.15	69.179	1224.88	47.099	0.272679	0.00944073	1061.62	5.10517	
0.0-2.4	6.5-30.0	20.0-30.0	0.393-0.785	0.008	0.105	1998.0	1985.0	1210.05	38.4804	774.965	32.337	-0.201051	0.141421	-0.05	0.0	0.347824	0.0	3.09257	0.0	0.0507452	0.0	0.0251994	0.0	0.03	0.0	1.492	0.0	5.0	0.0	1.733	0.0	0.0361913	0.0	2.76412e-05	0.127705	0.283568	0.0170361	0.16485	0.0	0.00394979	0.0	0.00236012	0.0011709	1.76859	0.0	0.93935	0.0321026	0.629482	0.00528607	1.0	12.7586	0.585034	0.00447595	0.0466742	0.000792619	0.177516	0.00167121	0.0200731	65.1679	-3348.4	4.0	5.62159e-07	-14542.1	3.0	2.67923e-07	1.0	819.237	34.7085	390.813	26.0848	0.322972	0.0189528	1119.18	11.2513	
0.0-2.4	6.5-30.0	20.0-30.0	0.785-1.178	0.008	0.12	1615.0	1611.0	1041.52	35.4256	569.337	27.9771	-0.348941	0.166083	-0.05	0.0	0.347824	0.0	3.09257	0.0	0.0507452	0.0	0.0251994	0.0	0.03	0.0	1.492	0.0	5.0	0.0	1.733	0.0	0.0361913	0.0	1.26912e-05	0.00459344	0.282013	0.019293	0.16485	0.0	0.00394979	0.0	0.000823834	0.00116693	1.76859	0.0	0.824814	0.030606	0.555845	0.14033	0.672145	0.288082	0.128908	0.244428	0.0374314	0.0100078	0.137802	0.0212743	0.0271406	0.0276821	-2956.62	4.0	1.24547e-05	-11566.5	3.0	0.000105141	1.0	745.422	32.2872	296.093	22.3841	0.284291	0.0191936	1041.06	10.1256	
0.0-2.4	6.5-30.0	20.0-30.0	1.178-1.571	0.008	0.128	1669.0	1665.0	1043.39	35.9311	621.565	29.4828	0.0568522	0.158032	-0.05	0.0	0.347824	0.0	3.09257	0.0	0.0507452	0.0	0.0251994	0.0	0.03	0.0	1.492	0.0	5.0	0.0	1.733	0.0	0.0361913	0.0	3.66622e-05	0.000202958	0.22379	0.0170685	0.16485	0.0	0.00394979	0.0	-0.000535467	0.00117347	1.76859	0.0	0.803242	0.0333155	0.5659	0.107981	0.46195	0.124102	0.078022	0.131664	0.0404924	0.0116456	0.272256	0.0399694	0.033605	0.0099949	-2943.45	4.0	3.78941e-06	-11917.6	3.0	2.13705e-05	1.0	762.15	33.8807	281.241	23.5127	0.269545	0.0205343	1026.88	10.882	
0.0-2.4	6.5-30.0	30.0-60.0	0.000-0.393	0.008	0.12	2347.0	2343.0	1544.48	42.9249	798.453	33.115	-0.53198	0.141133	-0.05	0.0	0.347824	0.0	3.09257	0.0	0.0507452	0.0	0.0266805	0.0	0.03	0.0	1.492	0.0	5.0	0.0	1.733	0.0	0.0368771	0.0	1.2559e-05	0.000104568	0.259113	0.0157493	0.16485	0.0	0.00394979	0.0	0.00117325	0.000882765	1.76859	0.0	0.780802	0.0235352	0.599597	0.769577	0.724073	0.356463	0.232699	0.275227	0.0345063	0.0156213	0.196948	0.0207649	0.0200203	0.139228	-4508.78	4.0	5.37084e-06	-17760.9	3.0	9.53659e-06	1.0	1148.49	40.1361	395.997	26.7058	0.256394	0.0157545	1012.32	7.58012	
0.0-2.4	6.5-30.0	30.0-60.0	0.000-1.571	0.008	0.145	8415.0	8410.0	6023.46	84.517	2386.25	59.213	-0.456166	0.0820249	-0.05	0.0	0.347824	0.0	3.09257	0.0	0.0507452	0.0	0.0266805	0.000556999	0.03	0.0	1.492	0.0	5.0	0.0	1.733	0.0	0.0368772	0.000131409	3.69686e-05	0.0287936	0.267273	0.00795111	0.16485	0.0	0.00394979	0.0	0.000672525	0.0005135	1.76859	0.0	0.827836	0.0136541	0.678041	0.110651	0.542619	0.110988	0.15128	0.0750792	0.0523604	0.0103096	0.270458	0.0187338	0.0419738	0.00906041	-16102.7	4.0	8.82472e-06	-75282.8	4.0	1.44717e-05	1.0	4356.58	78.4037	1666.88	54.3826	0.276731	0.00815085	1043.06	4.52514	
0.0-2.4	6.5-30.0	30.0-60.0	0.393-0.785	0.008	0.096	2295.0	2283.0	1669.45	44.0334	613.502	29.7145	-0.624613	0.162771	-0.05	0.0	0.347824	0.0	3.09257	0.0	0.0507452	0.0	0.0266805	0.0	0.03	0.0	1.492	0.0	5.0	0.0	1.733	0.0	0.0368771	0.0	1.0155e-05	0.000596844	0.303081	0.0164694	0.16485	0.0	0.00394979	0.0	-0.000506083	0.00107045	1.76859	0.0	0.89098	0.0305367	0.631433	0.117344	0.413523	0.106935	0.031865	0.0728169	0.0386035	0.0191072	0.295804	0.0420114	0.0460522	0.00852835	-4264.58	4.0	4.31618e-05	-17538.3	3.0	1.47192e-05	1.0	1185.74	40.4225	483.71	28.6115	0.289742	0.01534	1085.64	10.465	
0.0-2.4	6.5-30.0	30.0-60.0	0.785-1.178	0.008	0.12	1879.0	1875.0	1389.56	40.2879	485.443	26.8144	-0.0873775	0.181583	-0.05	0.0	0.347824	0.0	3.09257	0.0	0.0507452	0.0	0.0266805	0.0	0.03	0.0	1.492	0.0	5.0	0.0	1.733	0.0	0.0368771	0.0	1.26912e-05	0.00459344	0.196377	0.0130936	0.16485	0.0	0.00394979	0.0	0.000894642	0.00109228	1.76859	0.0	0.841062	0.0272216	0.653858	0.0810085	0.98347	0.0153552	0.329841	0.0862034	0.0652199	0.0146097	0.179661	0.0301531	1.17803	0.971622	-3903.87	4.0	6.6475e-07	-14054.2	3.0	5.33921e-08	1.0	1023.72	39.1409	365.836	27.6323	0.263275	0.0183623	1051.86	9.08904	
0.0-2.4	6.5-30.0	30.0-60.0	1.178-1.571	0.008	0.105	1891.0	1886.0	1407.97	40.4841	478.01	26.627	-0.490598	0.183419	-0.05	0.0	0.347824	0.0	3.09257	0.0	0.0507452	0.0	0.0266805	0.0	0.03	0.0	1.492	0.0	5.0	0.0	1.733	0.0	0.0368771	0.0	4.85093e-05	0.000406753	0.287446	0.0165696	0.16485	0.0	0.00394979	0.0	0.00157852	0.00111638	1.76859	0.0	0.841426	0.0287881	0.633605	0.0883875	0.623889	0.150748	0.166562	0.0902776	0.0555591	0.0189504	0.376559	0.0527798	0.0625561	0.0217352	-3483.26	4.0	2.80215e-05	-14145.2	3.0	7.24778e-06	1.0	981.919	36.914	426.054	26.7503	0.302601	0.0168898	1052.1	9.61404	
0.0-2.4	6.5-30.0	60.0-100.0	0.000-0.393	0.016	0.056	237.0	227.0	196.614	14.7499	30.3851	7.16423	0.44946	0.722331	-0.05	0.0	0.345936	0.0	3.09256	0.0	0.0508726	0.0	0.0247137	0.0	0.03	0.0	1.492	0.0	5.0	0.0	1.733	0.0	0.0359829	0.0	3.21189e-05	0.00016782	0.300883	0.0475346	0.194806	0.0	0.00388621	0.0	0.00501449	0.00290832	1.71005	0.0	0.811976	0.0918426	0.999998	0.615564	0.559087	0.196439	1.19864e-06	0.167471	0.0968414	0.30445	0.136633	0.0532018	0.0944224	0.0538004	-520.477	4.0	2.94526e-05	-1290.55	3.0	8.76558e-08	1.0	143.923	13.4539	52.6911	8.94736	0.267992	0.0408253	1049.06	28.6191	
0.0-2.4	6.5-30.0	60.0-100.0	0.000-1.571	0.016	0.088	973.0	963.0	809.432	30.0105	153.591	15.6493	-0.455056	0.329211	-0.05	0.0	0.345936	0.0	3.09256	0.0	0.0508726	0.0	0.0247137	0.00152386	0.03	0.0	1.492	0.0	5.0	0.0	1.733	0.0	0.0359829	0.000342277	1.00848e-05	2.72625e-05	0.271713	0.0236309	0.194806	0.0	0.00388621	0.0	0.00197157	0.00126379	1.71005	0.0	0.775816	0.0329946	0.857848	0.0103958	1.0	0.862771	0.231803	0.0133242	0.0538039	0.00426695	0.191577	0.00425492	0.0200448	4.26043	-2275.59	4.0	1.39532e-06	-6838.86	4.0	0.000116361	1.0	621.316	28.2453	188.115	17.7704	0.232404	0.0201926	1026.79	10.0367	
0.0-2.4	6.5-30.0	60.0-100.0	0.393-0.785	0.016	0.073	230.0	226.0	188.609	14.4762	37.3813	7.63706	-0.422596	0.65562	-0.05	0.0	0.345936	0.0	3.09256	0.0	0.0508726	0.0	0.0247137	0.0	0.03	0.0	1.492	0.0	5.0	0.0	1.733	0.0	0.0359829	0.0	3.01358e-05	2.93372	0.252907	0.0476964	0.194806	0.0	0.00388621	0.0	-0.000368447	0.00247088	1.71005	0.0	0.770256	0.069531	0.999957	16.3781	0.999978	0.630503	0.60675	0.537469	0.00708113	25.2606	0.311403	0.104594	0.02	2.48894	-554.664	4.0	0.000108087	-1274.85	3.0	1.75977e-05	1.0	146.227	13.79	42.3819	8.64766	0.224708	0.0424822	1023.42	21.0684	
0.0-2.4	6.5-30.0	60.0-100.0	0.785-1.178	0.016	0.088	279.0	274.0	206.229	15.3501	67.7701	9.85736	-0.512608	0.485839	-0.05	0.0	0.345936	0.0	3.09256	0.0	0.0508726	0.0	0.0247137	0.0	0.03	0.0	1.492	0.0	5.0	0.0	1.733	0.0	0.0359829	0.0	3.82827e-05	0.000150588	0.360527	0.0739395	0.194806	0.0	0.00388621	0.0	-8.72456e-06	0.00248478	1.71005	0.0	0.831243	0.0574891	0.810736	0.039499	1.0	6.57298	3.87602e-07	0.0519905	0.020724	0.00818224	0.180959	0.0147141	0.199255	33.5584	-619.015	4.0	1.5241e-05	-1549.01	3.0	5.09794e-08	1.0	174.475	14.6153	31.7543	7.10931	0.153976	0.032512	1061.14	18.1305	
0.0-2.4	6.5-30.0	60.0-100.0	1.178-1.571	0.016	0.088	225.0	225.0	207.567	14.8341	17.3811	5.46719	-1.6389	0.993031	-0.05	0.0	0.345936	0.0	3.09256	0.0	0.0508726	0.0	0.0247137	0.0	0.03	0.0	1.492	0.0	5.0	0.0	1.733	0.0	0.0359829	0.0	1.00037e-05	0.000278181	0.199284	0.0286904	0.194806	0.0	0.00388621	0.0	0.00406396	0.00210163	1.71005	0.0	0.625148	0.0513412	0.641436	0.0253027	1.0	0.47105	3.84483e-06	0.00545119	0.0398387	0.00462894	0.193965	0.0113458	0.172674	2.72829	-611.026	4.0	3.9362e-07	-1329.76	3.0	3.41621e-05	1.0	140.355	13.6315	67.2118	10.4055	0.323807	0.0444699	940.396	13.7407	
0.0-2.4	6.5-8.0	10.0-60.0	0.000-0.393	0.016	0.128	3849.0	3843.0	1736.23	49.066	2106.95	52.7084	-0.182913	0.0850729	-0.05	0.0	0.377677	0.0	3.09113	0.0	0.045	0.0	0.0289941	0.0	0.03	0.0	1.492	0.0	5.0	0.0	1.733	0.0	0.0358881	0.0	0.000280358	0.0026809	0.37185	0.0209948	0.247328	0.0	0.00999999	0.0	0.00332834	0.00100451	1.76918	0.0	0.888149	0.0214422	0.320464	0.189767	0.867806	0.111945	0.392892	0.29682	0.017296	0.00751518	0.158353	0.0223673	0.121999	0.0477035	-5289.66	4.0	1.68803e-07	-29631.6	3.0	8.91283e-06	1.0	1295.76	44.46	440.467	28.12	0.253692	0.0145228	1169.55	6.12791	
0.0-2.4	6.5-8.0	10.0-60.0	0.000-1.571	0.016	0.16	13195.0	13191.0	6693.81	96.1623	6497.25	95.136	-0.101979	0.0485614	-0.05	0.0	0.377677	0.0	3.09113	0.0	0.045	0.0	0.0289941	0.000705953	0.03	0.0	1.492	0.0	5.0	0.0	1.733	0.0	0.0358881	0.000177468	2.99332e-05	0.00458551	0.323267	0.00954831	0.247328	0.0	0.00999999	0.0	0.00203677	0.000551379	1.76918	0.0	0.895557	0.0121489	0.474195	0.0763761	0.906964	0.0349428	0.588012	0.0599567	0.0497206	0.00960664	0.180809	0.0119175	0.25426	0.0508362	-19299.4	4.0	6.20192e-05	-119051.0	4.0	9.50205e-07	1.0	5009.2	88.0451	1684.61	56.2065	0.251666	0.00757859	1173.8	3.4883	
0.0-2.4	6.5-8.0	10.0-60.0	0.393-0.785	0.016	0.145	3495.0	3492.0	1816.82	48.7519	1675.0	47.2752	-0.0405493	0.0956713	-0.05	0.0	0.377677	0.0	3.09113	0.0	0.045	0.0	0.0289941	0.0	0.03	0.0	1.492	0.0	5.0	0.0	1.733	0.0	0.0358881	0.0	5.71468e-05	0.0356234	0.337815	0.0181155	0.247328	0.0	0.00999999	0.0	0.000801121	0.0011915	1.76918	0.0	0.964911	0.0256607	0.680937	0.843224	0.394744	0.720776	0.528157	0.173689	0.0306736	0.0452106	0.206673	0.0367634	0.0709552	0.0335576	-5095.06	4.0	1.47102e-06	-26942.8	3.0	1.86285e-05	1.0	1319.66	44.4601	497.158	30.0118	0.273642	0.0147972	1214.46	7.6727	
0.0-2.4	6.5-8.0	10.0-60.0	0.785-1.178	0.016	0.152	2973.0	2970.0	1599.47	45.5349	1370.52	42.947	-0.0148158	0.105862	-0.05	0.0	0.377677	0.0	3.09113	0.0	0.045	0.0	0.0289941	0.0	0.03	0.0	1.492	0.0	5.0	0.0	1.733	0.0	0.0358881	0.0	0.000162346	0.00052087	0.269753	0.0187798	0.247328	0.0	0.00999999	0.0	-0.000172391	0.00107042	1.76918	0.0	0.852393	0.0235344	0.999979	5.93488	0.27357	0.0386607	0.584061	0.0204786	0.191192	9.32197	0.237373	0.0169082	0.0826245	0.0061518	-4825.08	4.0	1.36014e-07	-22529.7	3.0	1.42516e-06	1.0	1256.81	43.5571	342.664	26.6872	0.214236	0.0155303	1149.35	6.56849	
0.0-2.4	6.5-8.0	10.0-60.0	1.178-1.571	0.016	0.136	2877.0	2873.0	1538.23	44.7185	1334.61	42.3811	-0.126513	0.107197	-0.05	0.0	0.377677	0.0	3.09113	0.0	0.045	0.0	0.0289941	0.0	0.03	0.0	1.492	0.0	5.0	0.0	1.733	0.0	0.0358881	0.0	1.00919e-05	0.00212113	0.298631	0.0175962	0.247328	0.0	0.00999999	0.0	0.00163756	0.00111535	1.76918	0.0	0.819275	0.0262469	0.414675	0.0569179	0.865639	0.0571736	0.552413	0.0525779	0.0572925	0.00949695	0.252455	0.0320302	0.373623	0.0919504	-4155.47	4.0	4.71377e-05	-21672.1	3.0	1.16434e-05	1.0	1112.5	41.015	425.724	28.0961	0.276763	0.0163976	1131.08	7.15469	
0.0-2.4	8.0-10.0	10.0-60.0	0.000-0.393	0.008	0.145	2131.0	2129.0	1366.03	40.5003	762.981	32.2064	-0.0347556	0.142268	-0.05	0.0	0.449725	0.0	3.09302	0.0	0.0464249	0.0	0.0233841	0.0	0.03	0.0	1.492	0.0	5.0	0.0	1.733	0.0	0.0356396	0.0	8.51781e-05	0.000319537	0.199545	0.013301	0.22052	0.0	0.000482536	0.0	0.00139104	0.0011109	1.61158	0.0	0.830641	0.0280066	0.587832	0.0131143	1.0	39.9571	0.333649	0.0175625	0.0427545	0.00176904	0.153439	0.00433095	0.0200379	217.121	-4078.31	4.0	1.90538e-07	-15882.6	3.0	1.49055e-07	1.0	1011.76	38.7503	354.263	26.6849	0.259339	0.0179579	1053.82	8.6036	
0.0-2.4	8.0-10.0	10.0-60.0	0.000-1.571	0.008	0.145	7408.0	7406.0	4927.36	77.067	2478.21	59.0775	-0.320282	0.0794483	-0.05	0.0	0.449725	0.0	3.09302	0.0	0.0464249	0.0	0.0233841	0.000701694	0.03	0.0	1.492	0.0	5.0	0.0	1.733	0.0	0.0356396	0.000126673	8.96232e-05	0.000224682	0.234726	0.00793955	0.22052	0.0	0.000482536	0.0	0.00166583	0.000610164	1.61158	0.0	0.834177	0.0163349	0.592876	0.101303	0.682583	0.155225	0.227714	0.0916755	0.0422539	0.00714869	0.233305	0.0164348	0.0427055	0.0102203	-13735.4	4.0	1.37278e-05	-64797.7	4.0	5.04833e-05	1.0	3544.22	72.1326	1383.14	50.9726	0.280707	0.00936692	1056.0	5.02904	
0.0-2.4	8.0-10.0	10.0-60.0	0.393-0.785	0.008	0.12	1981.0	1981.0	1303.06	39.377	677.918	30.4209	-0.447258	0.152046	-0.05	0.0	0.449725	0.0	3.09302	0.0	0.0464249	0.0	0.0233841	0.0	0.03	0.0	1.492	0.0	5.0	0.0	1.733	0.0	0.0356396	0.0	0.000180866	0.000958622	0.247722	0.0161548	0.22052	0.0	0.000482536	0.0	0.00110721	0.0012463	1.61158	0.0	0.859515	0.0378837	0.681914	0.113963	0.607817	0.20411	0.192035	0.157711	0.0430859	0.0135257	0.253595	0.0307559	0.0369883	0.0136359	-3551.71	4.0	1.36666e-07	-14706.4	3.0	1.62686e-06	1.0	927.127	36.9879	375.928	26.6874	0.288497	0.0185324	1071.72	11.8413	
0.0-2.4	8.0-10.0	10.0-60.0	0.785-1.178	0.008	0.112	1704.0	1698.0	1146.19	36.906	551.774	27.708	-0.421971	0.168964	-0.05	0.0	0.449725	0.0	3.09302	0.0	0.0464249	0.0	0.0233841	0.0	0.03	0.0	1.492	0.0	5.0	0.0	1.733	0.0	0.0356396	0.0	0.000152887	0.000500196	0.300195	0.0189936	0.22052	0.0	0.000482536	0.0	0.0020468	0.00122684	1.61158	0.0	0.887246	0.0328897	0.701784	0.172212	1.0	24.0661	0.607244	0.120299	0.052328	0.0228379	0.175765	0.0333331	0.0256732	171.216	-3110.58	4.0	1.60648e-07	-12377.3	3.0	1.09501e-05	1.0	801.355	33.3259	344.831	23.8351	0.300851	0.0184011	1089.19	10.4418	
0.0-2.4	8.0-10.0	10.0-60.0	1.178-1.571	0.008	0.112	1591.0	1587.0	1112.23	36.083	474.777	25.7783	-0.448576	0.182491	-0.05	0.0	0.449725	0.0	3.09302	0.0	0.0464249	0.0	0.0233841	0.0	0.03	0.0	1.492	0.0	5.0	0.0	1.733	0.0	0.0356396	0.0	0.000191479	0.00117239	0.195637	0.0137257	0.22052	0.0	0.000482536	0.0	-0.000735684	0.001358	1.61158	0.0	0.825637	0.0350103	0.761588	0.143039	0.538293	0.167975	0.209797	0.0846261	0.0562347	0.0237451	0.352699	0.0520695	0.0587901	0.0178768	-3025.42	4.0	4.4871e-06	-11544.9	3.0	5.76612e-06	1.0	784.757	34.8258	327.469	26.0294	0.294426	0.0213649	1050.75	10.7216	
1.2-1.6	6.5-30.0	10.0-60.0	0.000-0.393	0.008	0.12	1954.0	1950.0	1057.54	36.9789	892.461	34.6752	-0.0421563	0.131133	-0.05	0.0	0.436654	0.0	3.09151	0.0	0.0468423	0.0	0.0314851	0.0	0.03	0.0	1.492	0.0	5.0	0.0	1.733	0.0	0.038943	0.0	7.71029e-05	0.00456383	0.204163	0.0167212	0.103775	0.0	0.00999984	0.0	-0.000240467	0.00126008	2.09199	0.0	0.9603	0.0305539	0.895104	0.0664567	0.339662	0.0699507	2.45192e-07	0.686844	0.145904	0.0655778	0.149003	0.019952	0.0252748	0.00789348	-3210.62	4.0	2.29682e-06	-13950.2	3.0	3.33816e-08	1.0	797.857	36.3808	259.681	25.0535	0.245552	0.0220797	1131.65	11.6184	
1.2-1.6	6.5-30.0	10.0-60.0	0.000-1.571	0.008	0.128	6621.0	6610.0	3807.5	70.9772	2802.05	63.5041	-0.241479	0.0744051	-0.05	0.0	0.436654	0.0	3.09151	0.0	0.0468423	0.0	0.0314851	0.00113379	0.03	0.0	1.492	0.0	5.0	0.0	1.733	0.0	0.038943	0.000258198	2.94195e-05	0.000284662	0.209938	0.00881143	0.103775	0.0	0.00999984	0.0	0.0021366	0.000676273	2.09199	0.0	0.990473	0.0171712	0.613715	0.0891794	0.597037	0.258085	0.324089	0.320561	0.0769279	0.0131223	0.212141	0.0162506	0.0234976	0.0420877	-10883.5	4.0	1.87688e-07	-55647.5	4.0	7.89622e-05	1.0	2822.2	68.3366	985.308	47.3231	0.25878	0.0114545	1154.73	6.60012	
1.2-1.6	6.5-30.0	10.0-60.0	0.393-0.785	0.008	0.128	1753.0	1751.0	946.838	35.1662	804.057	33.0739	-0.358052	0.138824	-0.05	0.0	0.436654	0.0	3.09151	0.0	0.0468423	0.0	0.0314851	0.0	0.03	0.0	1.492	0.0	5.0	0.0	1.733	0.0	0.038943	0.0	1.04212e-05	0.0017469	0.194627	0.0166896	0.103775	0.0	0.00999984	0.0	0.0023668	0.00145591	2.09199	0.0	1.13288	0.0345408	0.691402	0.225183	0.9999	4.9622	0.719298	0.375579	0.105009	0.0995777	0.268961	0.0524299	0.0279722	16.697	-2727.22	4.0	1.1649e-06	-12319.3	3.0	1.01011e-05	1.0	687.164	34.796	259.673	25.5424	0.274253	0.0249796	1266.65	13.8436	
1.2-1.6	6.5-30.0	10.0-60.0	0.785-1.178	0.008	0.128	1501.0	1499.0	906.037	33.7691	592.931	28.7631	-0.413355	0.162612	-0.05	0.0	0.436654	0.0	3.09151	0.0	0.0468423	0.0	0.0314851	0.0	0.03	0.0	1.492	0.0	5.0	0.0	1.733	0.0	0.038943	0.0	7.39757e-05	0.000766255	0.196051	0.0176006	0.103775	0.0	0.00999984	0.0	0.000923255	0.00129491	2.09199	0.0	0.93482	0.0335173	0.533763	0.0096438	0.999998	3.98333	0.402124	0.0109511	0.0569457	0.00164111	0.15316	0.00325763	0.0496219	18.3363	-2662.98	4.0	6.73411e-06	-10454.7	3.0	1.07569e-05	1.0	698.816	33.2016	207.222	21.9913	0.228712	0.0227258	1112.37	12.6222	
1.2-1.6	6.5-30.0	10.0-60.0	1.178-1.571	0.008	0.105	1411.0	1400.0	898.876	33.2638	501.006	26.6204	-0.214605	0.176548	-0.05	0.0	0.436654	0.0	3.09151	0.0	0.0468423	0.0	0.0314851	0.0	0.03	0.0	1.492	0.0	5.0	0.0	1.733	0.0	0.038943	0.0	0.000187286	0.00108795	0.24254	0.0190967	0.103775	0.0	0.00999984	0.0	0.00374947	0.00140891	2.09199	0.0	0.9723	0.0364317	0.543407	0.064334	0.862339	0.820111	0.367432	0.293688	0.0791767	0.0152671	0.283273	0.0391142	0.0200001	0.134806	-2317.04	4.0	4.90696e-06	-9759.58	3.0	1.25922e-05	1.0	642.149	31.2508	256.727	22.4092	0.285609	0.0225789	1140.8	13.9142	
1.2-2.4	6.5-30.0	10.0-60.0	0.000-0.393	0.008	0.152	4544.0	4542.0	2353.57	56.2942	2188.16	54.8072	-0.276364	0.084121	-0.05	0.0	0.5313	0.0	3.09117	0.0	0.0541901	0.0	0.0313786	0.0	0.03	0.0	1.492	0.0	5.0	0.0	1.733	0.0	0.0449632	0.0	6.82157e-05	0.000215632	0.195121	0.0114185	0.162424	0.0	0.00569552	0.0	0.000846878	0.000790554	1.80411	0.0	0.847266	0.017706	0.864145	0.0564202	0.456414	0.143902	0.329405	0.202073	0.126202	0.037119	0.147142	0.0126524	0.0273381	0.0101602	-7466.56	4.0	3.92087e-06	-36001.7	3.0	3.18692e-05	1.0	1825.74	55.6921	527.833	36.7968	0.224269	0.0146854	1062.98	5.9103	
1.2-2.4	6.5-30.0	10.0-60.0	0.000-1.571	0.008	0.16	15458.0	15454.0	8673.06	108.429	6781.1	99.321	-0.352321	0.0480104	-0.05	0.0	0.5313	0.0	3.09117	0.0	0.0541901	0.0	0.0313786	0.000900562	0.03	0.0	1.492	0.0	5.0	0.0	1.733	0.0	0.0449632	0.000147284	2.84753e-05	0.00013348	0.195042	0.00573457	0.162424	0.0	0.00569552	0.0	0.00301611	0.000456677	1.80411	0.0	0.905271	0.0108012	0.552229	0.105288	0.667327	0.127394	0.436722	0.0827349	0.0322995	0.00980007	0.196593	0.012693	0.0727738	0.012187	-25159.3	4.0	1.67589e-05	-142270.0	4.0	1.18977e-05	1.0	6572.83	106.109	2100.23	72.0851	0.242156	0.00774042	1102.3	3.7149	
1.2-2.4	6.5-30.0	10.0-60.0	0.393-0.785	0.008	0.145	3958.0	3955.0	2188.85	53.7171	1766.08	49.6256	-0.412945	0.094147	-0.05	0.0	0.5313	0.0	3.09117	0.0	0.0541901	0.0	0.0313786	0.0	0.03	0.0	1.492	0.0	5.0	0.0	1.733	0.0	0.0449632	0.0	1.22644e-05	0.000827478	0.173274	0.0106203	0.162424	0.0	0.00569552	0.0	0.00443185	0.00100766	1.80411	0.0	1.00827	0.0235716	0.498351	0.0936556	0.830823	0.178858	0.501637	0.102239	0.032323	0.0126556	0.217581	0.0261681	0.101531	0.0501374	-6318.29	4.0	1.70725e-06	-30988.7	3.0	8.06027e-06	1.0	1647.83	54.6487	541.012	39.0816	0.247168	0.016793	1174.8	8.47221	
1.2-2.4	6.5-30.0	10.0-60.0	0.785-1.178	0.008	0.152	3560.0	3558.0	2070.94	51.9577	1486.97	45.9947	-0.364619	0.102708	-0.05	0.0	0.5313	0.0	3.09117	0.0	0.0541901	0.0	0.0313786	0.0	0.03	0.0	1.492	0.0	5.0	0.0	1.733	0.0	0.0449632	0.0	0.000102317	0.000489226	0.193744	0.0117014	0.162424	0.0	0.00569552	0.0	0.00122626	0.000964533	1.80411	0.0	0.922023	0.0231362	0.675226	0.124426	0.562261	0.234769	0.346105	0.150816	0.0505787	0.013811	0.163379	0.0208703	0.0424713	0.0147666	-5900.98	4.0	7.07421e-07	-27617.4	3.0	2.66912e-05	1.0	1587.57	51.3416	483.374	34.5915	0.233407	0.0156431	1113.87	8.02036	
1.2-2.4	6.5-30.0	10.0-60.0	1.178-1.571	0.008	0.152	3394.0	3392.0	2062.47	51.4163	1329.52	43.7112	-0.373823	0.10871	-0.05	0.0	0.5313	0.0	3.09117	0.0	0.0541901	0.0	0.0313786	0.0	0.03	0.0	1.492	0.0	5.0	0.0	1.733	0.0	0.0449632	0.0	0.000157903	0.000565848	0.212632	0.0117497	0.162424	0.0	0.00569552	0.0	0.00251393	0.000935919	1.80411	0.0	0.825601	0.0245199	0.634363	0.0690692	0.389986	0.055154	3.06366e-05	0.712608	0.0664461	0.0136987	0.236999	0.0227845	0.02	0.0108458	-5533.67	4.0	6.92562e-07	-26299.2	3.0	3.88238e-07	1.0	1493.94	49.4756	568.529	35.5198	0.275654	0.0157915	1048.6	8.08486	
1.6-2.4	3.0-6.5	0.0-100.0	0.000-0.393	0.016	0.232	64182.0	64173.0	10116.1	166.324	54057.4	267.58	-0.0568763	0.0166994	-0.05	0.0	0.729908	0.0	3.08922	0.0	0.0438144	0.0	0.09	0.0	0.03	0.0	1.86	0.0	5.0	0.0	1.38	0.0	0.0599079	0.0	0.000116838	0.000421882	0.259957	0.014373	0.236067	0.124463	0.00729005	0.0127625	0.00959531	0.000371498	1.8607	0.245023	0.894707	0.00474737	0.95807	0.0124031	0.585758	0.166033	0.718714	0.073882	0.14536	0.0220345	0.145732	0.00442657	0.0200004	0.00566661	-65159.9	4.0	1.35424e-06	-655429.0	3.0	7.58482e-06	1.0	9133.46	170.714	982.615	82.7881	0.097134	0.00802648	1195.34	82.6387	
1.6-2.4	3.0-6.5	0.0-100.0	0.000-1.571	0.016	0.264	241139.0	241129.0	36985.5	546.453	204139.0	680.003	-0.0362178	0.00867432	-0.05	0.0	0.729908	0.033542	3.08922	0.000525718	0.0438144	0.00088668	0.09	0.0028449	0.03	0.0	1.86	0.0	5.0	0.0	1.38	0.0	0.0599078	0.00106654	1.3729e-05	0.00459296	0.232211	0.00687845	0.173641	0.119565	0.0248856	0.0127773	0.00864697	0.000192032	1.74699	0.202734	0.980348	0.00254205	1.0	0.13939	0.740839	0.000299409	0.832083	6.83833e-05	0.0142236	10.461	0.163798	5.56632e-05	0.121313	0.000100827	-240300.0	4.0	1.40016e-05	-2781430.0	7.0	0.00212197	1.0	33095.5	516.954	3889.96	177.323	0.105175	0.00453559	1150.72	60.5379	
1.6-2.4	3.0-6.5	0.0-100.0	0.393-0.785	0.016	0.264	61752.0	61746.0	9257.62	163.437	52488.4	264.338	-0.20203	0.0170003	-0.05	0.0	0.729908	0.0	3.08922	0.0	0.0438144	0.0	0.09	0.0	0.03	0.0	1.86	0.0	5.0	0.0	1.38	0.0	0.0599079	0.0	0.000137229	0.000596044	0.267629	0.01371	0.360587	0.290947	0.011093	0.0173419	0.00487139	0.000433886	1.52994	0.217467	0.786653	0.00583208	1.0	0.00109064	0.68951	0.0272224	0.642217	0.0144527	0.0321378	0.000277781	0.11439	0.00278333	0.053458	0.00447825	-60470.1	4.0	1.66474e-05	-627999.0	3.0	1.30286e-06	1.0	8215.69	164.273	1041.94	79.2878	0.112549	0.00833092	1113.43	124.73	
1.6-2.4	3.0-6.5	0.0-100.0	0.785-1.178	0.016	0.24	58779.0	58774.0	9280.39	158.771	49494.1	255.664	-0.0169995	0.017437	-0.05	0.0	0.729908	0.0	3.08922	0.0	0.0438144	0.0	0.09	0.0	0.03	0.0	1.86	0.0	5.0	0.0	1.38	0.0	0.0599079	0.0	4.38349e-05	0.00457912	0.195549	0.0141198	0.116472	0.085062	0.0499999	0.0704933	0.00951139	0.000378266	1.752	0.261836	1.04399	0.00506931	1.0	0.00455522	0.654792	0.0802619	0.851897	0.0126262	0.0121126	4.33094e-07	0.176115	0.0157516	0.134485	0.0243609	-59111.2	4.0	8.83598e-06	-595149.0	3.0	6.97407e-06	1.0	8365.59	170.349	914.797	93.7029	0.0985732	0.00995504	1149.12	43.4355	
1.6-2.4	3.0-6.5	0.0-100.0	1.178-1.571	0.016	0.24	56424.0	56420.0	8347.97	154.942	48073.2	252.441	0.148434	0.0176758	-0.05	0.0	0.729908	0.0	3.08922	0.0	0.0438144	0.0	0.09	0.0	0.03	0.0	1.86	0.0	5.0	0.0	1.38	0.0	0.0599079	0.0	1.0498e-05	0.00459445	0.208282	0.00981541	0.129942	6.79715	0.0137266	0.515216	0.0111526	0.000419418	1.2973	26.7608	1.10217	0.00561225	1.0	0.202994	0.345619	0.645098	0.839639	0.206256	0.0100843	3.59329e-07	0.276152	0.154769	0.0912571	0.0920898	-55628.3	4.0	9.48352e-05	-568795.0	3.0	2.46492e-05	1.0	6941.85	155.882	1406.12	91.5412	0.168439	0.0105106	1129.43	2117.69	
1.6-2.4	3.0-6.5	10.0-60.0	0.000-0.393	0.016	0.209	33518.0	33398.0	7077.95	127.087	26322.0	188.125	0.06535	0.0239446	-0.05	0.0	0.729908	0.0	3.08922	0.0	0.0438144	0.0	0.09	0.0	0.03	0.0	1.86	0.0	5.0	0.0	1.38	0.0	0.0599079	0.0	9.26481e-05	0.000607494	0.263662	0.0193205	0.173641	0.0	0.0248856	0.0	0.0071521	0.000496651	1.74699	0.0	0.935394	0.00659905	1.0	0.519519	0.585412	0.00415206	0.738718	0.00149003	0.15738	0.615844	0.146876	0.000716653	0.0687624	0.000769267	-35779.2	4.0	5.06501e-07	-320269.0	3.0	0.000127659	1.0	6571.25	130.93	506.699	57.4814	0.0715883	0.00801882	1119.37	2.27846	
1.6-2.4	3.0-6.5	10.0-60.0	0.000-1.571	0.016	0.209	120234.0	120103.0	23331.7	238.251	96771.0	360.833	0.0838274	0.0124836	-0.05	0.0	0.729908	0.0	3.08922	0.0	0.0438144	0.0	0.09	0.000556691	0.03	0.0	1.86	0.0	5.0	0.0	1.38	0.0	0.0599079	0.000112942	1.37782e-05	0.00459294	0.242512	0.00798608	0.173641	0.0	0.0248856	0.0	0.00742822	0.000264275	1.74699	0.0	0.961325	0.00351998	1.0	3.27558	0.76928	0.00406684	0.805231	0.00111048	0.013271	5.42995	0.131862	0.000607976	0.116686	0.0014506	-126893.0	4.0	2.3185e-05	-1304160.0	4.0	1.35042e-06	1.0	20824.2	243.432	2507.48	121.23	0.107471	0.0050787	1137.38	1.22926	
1.6-2.4	3.0-6.5	10.0-60.0	0.393-0.785	0.016	0.209	30796.0	30789.0	5232.65	117.906	25556.6	184.923	-0.0688586	0.0243168	-0.05	0.0	0.729908	0.0	3.08922	0.0	0.0438144	0.0	0.09	0.0	0.03	0.0	1.86	0.0	5.0	0.0	1.38	0.0	0.0599079	0.0	0.000140653	0.00211075	0.253412	0.0135288	0.173641	0.0	0.0248856	0.0	0.00226113	0.000523643	1.74699	0.0	0.909758	0.00726174	0.999996	0.00306002	0.89532	0.0215294	0.649671	0.106761	0.0243626	5.04109e-05	0.0865398	0.0355831	0.137486	0.104942	-31608.3	4.0	0.000110537	-291997.0	3.0	2.40278e-06	1.0	4396.77	116.44	835.879	64.0134	0.159743	0.0116919	1101.77	2.47751	
1.6-2.4	3.0-6.5	10.0-60.0	0.785-1.178	0.016	0.2	28590.0	28590.0	5701.9	116.071	22888.4	175.032	0.119622	0.0256648	-0.05	0.0	0.729908	0.0	3.08922	0.0	0.0438144	0.0	0.09	0.0	0.03	0.0	1.86	0.0	5.0	0.0	1.38	0.0	0.0599079	0.0	2.37523e-05	0.00458835	0.201749	0.0139866	0.173641	0.0	0.0248856	0.0	0.00871824	0.000551074	1.74699	0.0	0.973946	0.00732801	0.999999	14.0889	0.757138	0.0042691	0.823665	0.00179496	0.0137517	25.2516	0.125588	0.000977883	0.156488	0.00171247	-30408.1	4.0	3.2974e-07	-269532.0	3.0	6.51797e-06	1.0	4996.27	122.585	705.631	69.9216	0.123754	0.0120013	1146.21	2.57273	
1.6-2.4	3.0-6.5	10.0-60.0	1.178-1.571	0.016	0.2	27329.0	27321.0	5318.85	114.597	22003.1	172.609	0.248251	0.0261802	-0.05	0.0	0.729908	0.0	3.08922	0.0	0.0438144	0.0	0.09	0.0	0.03	0.0	1.86	0.0	5.0	0.0	1.38	0.0	0.0599079	0.0	2.33736e-05	0.000329334	0.252598	0.0167997	0.173641	0.0	0.0248856	0.0	0.00781667	0.000554508	1.74699	0.0	0.997308	0.00723741	0.999996	3269.06	0.690484	8.0726	0.875817	1.59225	0.0101242	4034.2	0.162696	1.14856	0.102511	0.871592	-29201.6	4.0	1.86054e-06	-256242.0	3.0	6.77494e-05	1.0	4746.74	115.195	572.113	54.4284	0.107563	0.00996723	1162.7	2.56498	
1.6-2.4	6.5-30.0	10.0-60.0	0.000-0.393	0.008	0.152	2590.0	2590.0	1294.3	42.3548	1295.84	42.3732	-0.446354	0.109977	-0.05	0.0	0.656002	0.0	3.09084	0.0	0.0575523	0.0	0.0302768	0.0	0.03	0.0	1.492	0.0	5.0	0.0	1.733	0.0	0.0498818	0.0	1.5549e-05	0.00459212	0.188325	0.0157543	0.211707	0.0	0.00199102	0.0	0.00225712	0.000978947	1.6767	0.0	0.788694	0.0203944	0.806548	0.142785	0.999997	1.06081	0.701122	0.0820112	0.102294	0.0612895	0.144675	0.0267488	0.0234101	62.166	-4303.83	4.0	1.09242e-05	-18949.3	3.0	7.60296e-06	1.0	1031.16	41.9555	263.143	26.3777	0.203309	0.0192633	1041.89	6.08495	
1.6-2.4	6.5-30.0	10.0-60.0	0.000-1.571	0.008	0.16	8837.0	8835.0	4853.66	81.618	3981.35	76.0863	-0.448866	0.0628786	-0.05	0.0	0.656002	0.0	3.09084	0.0	0.0575523	0.0	0.0302768	0.0015783	0.03	0.0	1.492	0.0	5.0	0.0	1.733	0.0	0.0498818	0.000164773	2.91966e-05	0.00458585	0.179739	0.0074137	0.211707	0.0	0.00199102	0.0	0.00273433	0.000622315	1.6767	0.0	0.820149	0.0141064	0.679173	0.277716	0.520389	0.213693	0.368919	0.118775	0.026226	0.0137443	0.171163	0.0130299	0.0472605	0.00895016	-14362.6	4.0	6.32205e-07	-76030.8	4.0	4.87113e-06	1.0	3721.95	81.5636	1131.7	55.656	0.233165	0.0107757	1060.86	4.29843	
1.6-2.4	6.5-30.0	10.0-60.0	0.393-0.785	0.008	0.145	2205.0	2202.0	1236.9	40.3816	964.903	36.8633	-0.477908	0.127809	-0.05	0.0	0.656002	0.0	3.09084	0.0	0.0575523	0.0	0.0302768	0.0	0.03	0.0	1.492	0.0	5.0	0.0	1.733	0.0	0.0498818	0.0	1.00009e-05	0.00028235	0.151204	0.0133461	0.211707	0.0	0.00199102	0.0	0.0047244	0.00141101	1.6767	0.0	0.930463	0.0320008	0.515992	0.0026007	1.0	23.5256	0.378718	0.00333273	0.0321327	0.000324533	0.154722	0.000829027	0.18549	144.561	-3606.31	4.0	9.99424e-07	-15942.3	3.0	6.0475e-05	1.0	954.239	42.8516	282.661	30.8364	0.228524	0.0237879	1130.33	10.3827	
1.6-2.4	6.5-30.0	10.0-60.0	0.785-1.178	0.008	0.145	2058.0	2056.0	1162.97	39.3741	892.748	35.7781	-0.36209	0.132495	-0.05	0.0	0.656002	0.0	3.09084	0.0	0.0575523	0.0	0.0302768	0.0	0.03	0.0	1.492	0.0	5.0	0.0	1.733	0.0	0.0498818	0.0	0.000158457	0.000788527	0.193058	0.0157285	0.211707	0.0	0.00199102	0.0	0.00275517	0.00144087	1.6767	0.0	0.996201	0.0326735	0.782634	0.0180599	1.0	5.99462	0.687916	0.00979693	0.0517352	0.00372962	0.156327	0.00413417	0.196777	17.384	-3243.45	4.0	5.06855e-05	-14730.2	3.0	8.95266e-05	1.0	889.611	38.9374	273.36	26.3556	0.235053	0.0212191	1173.67	10.9309	
1.6-2.4	6.5-30.0	10.0-60.0	1.178-1.571	0.008	0.152	1982.0	1981.0	1159.18	39.0375	821.818	34.4468	-0.49361	0.138576	-0.05	0.0	0.656002	0.0	3.09084	0.0	0.0575523	0.0	0.0302768	0.0	0.03	0.0	1.492	0.0	5.0	0.0	1.733	0.0	0.0498818	0.0	0.000179578	0.000851436	0.187563	0.0145541	0.211707	0.0	0.00199102	0.0	0.00103642	0.0012315	1.6767	0.0	0.713279	0.0310085	0.999986	0.131211	0.224773	0.036888	6.12244e-08	0.0508542	0.00710647	0.88021	0.196435	0.0270962	0.0272829	0.00305076	-3242.88	4.0	4.83907e-06	-14172.9	3.0	8.72157e-07	1.0	847.913	38.4714	311.262	27.8304	0.268521	0.0222407	998.116	8.73408	
