rap0.0-1.2_pT6.5-30.0_cent10.0-60.0
7527.43
1934.04 2089.72 1766.25 1701.35
47.296 49.017 44.8756 44.3058
3516.19
944.929 950.22 743.75 799.603
35.3254 35.5407 31.4852 32.5762
5049.91
1313.1 1399.07 1210.79 1132.21
42.0129 42.6203 39.6724 39.5606
2477.52
620.938 690.65 555.46 569.144
31.0568 31.6542 28.7526 30.2554
0.329132
0.321057 0.330499 0.314485 0.334524
0.0140077 0.0130135 0.014183 0.0155032
rap0.0-2.4_pT10.0-13.0_cent10.0-60.0
2856.34
744.271 746.469 698.103 656.428
29.4401 29.29 28.3866 27.68
925.732
245.705 230.53 204.898 230.572
19.1877 18.4924 17.6798 18.4481
1955.58
481.032 518.795 491.341 459.772
26.0736 26.4925 26.2105 25.8044
900.761
263.239 227.674 206.762 196.656
20.6448 19.1644 18.9344 18.941
0.315355
0.353687 0.305001 0.296177 0.299585
0.0239517 0.0227134 0.0243022 0.0259423
rap0.0-2.4_pT10.0-30.0_cent10.0-60.0
4489.51
1179.12 1145.95 1074.6 1085.91
36.9486 36.4086 35.1552 35.4635
1411.59
363.895 376.053 320.367 337.103
23.4509 23.5719 21.946 22.5584
3025.2
771.68 796.541 739.51 711.822
32.7205 33.2335 32.2867 32.6517
1464.31
407.436 349.414 335.086 374.088
25.4736 24.2332 24.0272 25.9804
0.326162
0.345544 0.304911 0.311825 0.344493
0.0186947 0.0187973 0.0198965 0.0211148
rap0.0-2.4_pT13.0-30.0_cent10.0-60.0
1627.81
434.76 396.824 366.495 419.101
22.2502 21.5548 20.4098 21.9176
485.239
114.226 145.101 111.485 106.875
13.2108 14.5889 12.7096 12.9675
1065.8
286.962 272.826 246.409 245.279
19.6711 20.1662 18.6 19.525
562.011
147.798 123.998 120.085 173.822
15.1157 15.2455 14.226 17.3008
0.345256
0.339953 0.312477 0.327659 0.414749
0.0301016 0.0344662 0.03426 0.0351233
rap0.0-2.4_pT6.5-10.0_cent10.0-60.0
11886.8
3183.63 3189.18 2800.6 2710.78
64.9337 63.7563 59.5814 58.4946
8713.04
2794.3 2283.88 1874.26 1754.14
61.8634 56.2097 51.2214 49.6487
8780.34
2390.99 2322.24 2096.05 1955.7
59.8312 58.9052 55.5883 54.6139
3106.48
792.635 866.936 704.548 755.086
38.2481 40.186 36.4176 38.3046
0.261338
0.248972 0.271837 0.25157 0.278549
0.010888 0.0113687 0.011851 0.0127883
rap0.0-2.4_pT6.5-30.0_cent0.0-10.0
8007.08
2084.51 1948.33 2100.42 1877.89
53.963 52.6426 53.3268 50.5383
9532.99
2541.61 2638.79 2290.63 2060.15
58.0434 58.834 55.0798 52.3112
5744.46
1438.05 1362.57 1542.04 1402.16
50.3701 48.7096 49.9487 48.9143
2262.62
646.461 585.762 558.38 475.735
37.8328 35.6051 34.1042 33.6538
0.282577
0.310126 0.300648 0.265842 0.253335
0.0162772 0.0163699 0.0147676 0.0165736
rap0.0-2.4_pT6.5-30.0_cent0.0-100.0
25078.5
6619.27 6450.14 6153.71 5858.21
93.0713 91.2296 88.5112 86.1921
19963.2
5780.72 5365.51 4593.25 4204.64
88.4523 85.0809 79.2081 75.9977
18129.5
4768.51 4587.3 4531.71 4225.51
85.8817 84.5578 82.5945 80.594
6949.0
1850.76 1862.84 1622.0 1632.7
59.6438 60.2873 55.8349 56.6333
0.27709
0.279602 0.288806 0.263581 0.278703
0.00810776 0.00840682 0.00824337 0.00875458
rap0.0-2.4_pT6.5-30.0_cent10.0-20.0
5707.24
1581.03 1406.66 1407.86 1310.98
46.199 43.1631 42.8101 40.9868
5015.77
1513.68 1289.22 1169.08 1018.9
45.4642 41.7808 39.9233 37.2538
4039.67
1033.35 1084.83 1020.51 867.139
40.2492 41.4881 39.053 38.4776
1667.57
547.688 321.835 387.355 443.843
31.0544 26.6592 26.4749 30.6285
0.292185
0.346412 0.228794 0.275137 0.338558
0.0168327 0.0176039 0.0168414 0.0208278
rap0.0-2.4_pT6.5-30.0_cent10.0-30.0
10209.4
2776.62 2618.35 2453.55 2356.16
60.4077 57.8982 55.63 54.5457
7879.85
2399.24 2083.64 1739.42 1650.75
57.199 53.0798 48.7923 47.6428
7317.98
1968.07 1899.21 1775.57 1635.83
54.3611 53.8688 50.7393 51.2591
2891.46
808.547 719.137 677.98 720.338
37.832 37.2965 34.4975 38.3597
0.283214
0.291199 0.274653 0.276326 0.305725
0.0120628 0.0128847 0.0125872 0.0146617
rap0.0-2.4_pT6.5-30.0_cent10.0-60.0
16247.9
4330.58 4300.31 3845.76 3770.47
74.2153 72.9257 68.7766 68.0518
10253.8
3197.39 2696.73 2227.13 2128.53
66.1417 60.9504 55.7826 54.6721
11702.2
3139.49 3090.52 2815.1 2637.91
67.8722 67.4855 63.9335 63.126
4545.71
1191.09 1209.79 1030.66 1132.56
46.1359 47.206 43.5046 46.2164
0.279772
0.275041 0.281326 0.267998 0.300377
0.00955407 0.00988644 0.0102469 0.0109933
rap0.0-2.4_pT6.5-30.0_cent20.0-30.0
4492.02
1196.26 1210.05 1041.52 1043.39
38.9112 38.4804 35.4256 35.9311
2867.42
879.716 774.965 569.337 621.565
34.6063 32.337 27.9771 29.4828
3267.15
931.542 819.237 745.422 762.15
36.5507 34.7085 32.2872 33.8807
1224.88
264.714 390.813 296.093 281.241
22.1802 26.0848 22.3841 23.5127
0.272679
0.221285 0.322972 0.284291 0.269545
0.0170872 0.0189528 0.0191936 0.0205343
rap0.0-2.4_pT6.5-30.0_cent30.0-60.0
6023.46
1544.48 1669.45 1389.56 1407.97
42.9249 44.0334 40.2879 40.4841
2386.25
798.453 613.502 485.443 478.01
33.115 29.7145 26.8144 26.627
4356.58
1148.49 1185.74 1023.72 981.919
40.1361 40.4225 39.1409 36.914
1666.88
395.997 483.71 365.836 426.054
26.7058 28.6115 27.6323 26.7503
0.276731
0.256394 0.289742 0.263275 0.302601
0.0157545 0.01534 0.0183623 0.0168898
rap0.0-2.4_pT6.5-30.0_cent60.0-100.0
809.432
196.614 188.609 206.229 207.567
14.7499 14.4762 15.3501 14.8341
153.591
30.3851 37.3813 67.7701 17.3811
7.16423 7.63706 9.85736 5.46719
621.316
143.923 146.227 174.475 140.355
13.4539 13.79 14.6153 13.6315
188.115
52.6911 42.3819 31.7543 67.2118
8.94736 8.64766 7.10931 10.4055
0.232404
0.267992 0.224708 0.153976 0.323807
0.0408253 0.0424822 0.032512 0.0444699
rap0.0-2.4_pT6.5-8.0_cent10.0-60.0
6693.81
1736.23 1816.82 1599.47 1538.23
49.066 48.7519 45.5349 44.7185
6497.25
2106.95 1675.0 1370.52 1334.61
52.7084 47.2752 42.947 42.3811
5009.2
1295.76 1319.66 1256.81 1112.5
44.46 44.4601 43.5571 41.015
1684.61
440.467 497.158 342.664 425.724
28.12 30.0118 26.6872 28.0961
0.251666
0.253692 0.273642 0.214236 0.276763
0.0145228 0.0147972 0.0155303 0.0163976
rap0.0-2.4_pT8.0-10.0_cent10.0-60.0
4927.36
1366.03 1303.06 1146.19 1112.23
40.5003 39.377 36.906 36.083
2478.21
762.981 677.918 551.774 474.777
32.2064 30.4209 27.708 25.7783
3544.22
1011.76 927.127 801.355 784.757
38.7503 36.9879 33.3259 34.8258
1383.14
354.263 375.928 344.831 327.469
26.6849 26.6874 23.8351 26.0294
0.280707
0.259339 0.288497 0.300851 0.294426
0.0179579 0.0185324 0.0184011 0.0213649
rap1.2-1.6_pT6.5-30.0_cent10.0-60.0
3807.5
1057.54 946.838 906.037 898.876
36.9789 35.1662 33.7691 33.2638
2802.05
892.461 804.057 592.931 501.006
34.6752 33.0739 28.7631 26.6204
2822.2
797.857 687.164 698.816 642.149
36.3808 34.796 33.2016 31.2508
985.308
259.681 259.673 207.222 256.727
25.0535 25.5424 21.9913 22.4092
0.25878
0.245552 0.274253 0.228712 0.285609
0.0220797 0.0249796 0.0227258 0.0225789
rap1.2-2.4_pT6.5-30.0_cent10.0-60.0
8673.06
2353.57 2188.85 2070.94 2062.47
56.2942 53.7171 51.9577 51.4163
6781.1
2188.16 1766.08 1486.97 1329.52
54.8072 49.6256 45.9947 43.7112
6572.83
1825.74 1647.83 1587.57 1493.94
55.6921 54.6487 51.3416 49.4756
2100.23
527.833 541.012 483.374 568.529
36.7968 39.0816 34.5915 35.5198
0.242156
0.224269 0.247168 0.233407 0.275654
0.0146854 0.016793 0.0156431 0.0157915
rap1.6-2.4_pT3.0-6.5_cent0.0-100.0
36985.5
10116.1 9257.62 9280.39 8347.97
166.324 163.437 158.771 154.942
204139.0
54057.4 52488.4 49494.1 48073.2
267.58 264.338 255.664 252.441
33095.5
9133.46 8215.69 8365.59 6941.85
170.714 164.273 170.349 155.882
3889.96
982.615 1041.94 914.797 1406.12
82.7881 79.2878 93.7029 91.5412
0.105175
0.097134 0.112549 0.0985732 0.168439
0.00802648 0.00833092 0.00995504 0.0105106
rap1.6-2.4_pT3.0-6.5_cent10.0-60.0
23331.7
7077.95 5232.65 5701.9 5318.85
127.087 117.906 116.071 114.597
96771.0
26322.0 25556.6 22888.4 22003.1
188.125 184.923 175.032 172.609
20824.2
6571.25 4396.77 4996.27 4746.74
130.93 116.44 122.585 115.195
2507.48
506.699 835.879 705.631 572.113
57.4814 64.0134 69.9216 54.4284
0.107471
0.0715883 0.159743 0.123754 0.107563
0.00801882 0.0116919 0.0120013 0.00996723
rap1.6-2.4_pT6.5-30.0_cent10.0-60.0
4853.66
1294.3 1236.9 1162.97 1159.18
42.3548 40.3816 39.3741 39.0375
3981.35
1295.84 964.903 892.748 821.818
42.3732 36.8633 35.7781 34.4468
3721.95
1031.16 954.239 889.611 847.913
41.9555 42.8516 38.9374 38.4714
1131.7
263.143 282.661 273.36 311.262
26.3777 30.8364 26.3556 27.8304
0.233165
0.203309 0.228524 0.235053 0.268521
0.0192633 0.0237879 0.0212191 0.0222407
