noWeight_Lxyz_finerpT_PRMC_TnPCorr_v1
rap	pT	cent	dPhi	ctauErrMin	ctauErrMax	NoCutEntry	CutEntry	NSig	NSigErr	NBkg	NBkgErr	coefExp	coefExpErr	coefPol1	coefPol1Err	coeffGaus	coeffGausErr	meanSig1	meanSig1Err	sigmaSig1	sigmaSig1Err	sigmaSig2	sigmaSig2Err	sigmaSig3	sigmaSig3Err	alpha	alphaErr	enne	enneErr	enneW	enneWErr	sigWidth	sigWidthErr	Gmc	GmcErr	bTau	bTauErr	fracRes	fracResErr	meanResSigW	meanResSigWErr	meanResSigN	meanResSigNErr	sigmaResSigW	sigmaResSigWErr	sigmaResSigN	sigmaResSigNErr	fpm	fpmErr	fLiving	fLivingErr	fbkgCtTot	fbkgCtTotErr	lambdam	lambdamErr	lambdap	lambdapErr	lambdasym	lambdasymErr	NLL	nFitPar	EDM	NLLMass	nFitParMass	EDMMass	Prob	PROMPT	PROMPTErr	NON-PROMPT	NON-PROMPTErr	Bfraction	BfractionErr	Resolution	ResolutionErr	
0.0-0.4	6.5-30.0	0.0-100.0	0.000-1.571	0.008	0.073	4724.0	4712.0	4033.91	66.7236	678.212	33.1069	-1.19152	0.159155	-0.05	0.0	0.39671	0.101137	3.09388	0.000356961	0.0149745	0.00111835	0.0230872	0.00135022	0.03	0.0	1.696	0.0	5.0	0.0	1.718	0.0	0.0202613	0.000625094	1.22083e-05	0.0133319	0.363728	0.0122242	0.433101	0.143037	-0.000819428	0.00118745	0.000361117	0.000929384	1.19183	0.0722132	0.887868	0.026614	0.985661	0.115888	0.93132	0.0931549	0.208809	0.0836056	0.141132	0.806765	0.363119	0.0182078	0.264053	0.71061	-11929.4	4.0	5.06093e-08	-43160.8	7.0	7.38618e-05	1.0	2805.65	58.947	1228.26	41.6395	0.304483	0.00901035	1030.58	29.1619	
0.0-1.2	6.5-30.0	0.0-100.0	0.000-1.571	0.008	0.112	16147.0	16132.0	13846.8	124.477	2285.59	62.7059	-1.1871	0.0888862	-0.05	0.0	0.439034	0.0564183	3.09381	0.000252321	0.0191718	0.000826732	0.0325109	0.00118982	0.03	0.0	1.696	0.0	5.0	0.0	1.718	0.0	0.0274643	0.000545401	1.00951e-05	0.00459463	0.362188	0.00667978	0.0484638	0.0133743	-0.00131589	0.00269268	0.000183588	0.000320329	1.88988	0.128873	0.987243	0.0093732	0.999999	0.126336	0.912768	0.0193562	0.256713	0.0204171	0.145882	0.797192	0.411181	0.0143741	0.180528	0.0346134	-37788.7	4.0	5.31745e-06	-164315.0	7.0	5.7519e-05	1.0	9702.52	110.654	4144.3	77.6184	0.299296	0.00491758	1049.05	10.8525	
0.0-2.4	10.0-13.0	0.0-100.0	0.000-1.571	0.008	0.112	7258.0	7245.0	6155.62	84.5161	1089.34	45.5521	-1.22555	0.128708	-0.05	0.0	0.427576	0.0518854	3.09371	0.000448392	0.0444206	0.00183878	0.0227177	0.00102445	0.03	0.0	1.696	0.0	5.0	0.0	1.718	0.0	0.0337507	0.000787554	1.21795e-05	0.0134262	0.381805	0.010268	0.0307053	0.0102353	0.0021537	0.00527803	0.000434327	0.000462447	2.24087	0.222719	0.991559	0.0141276	0.971731	0.0348668	0.999998	0.105617	0.244805	0.0820159	0.140963	1.36345e-07	0.385008	0.0468404	0.140994	13.4185	-15592.3	4.0	9.77474e-05	-66786.8	7.0	4.5882e-06	1.0	4248.75	73.9038	1906.87	52.3857	0.309777	0.00737117	1052.23	13.8238	
0.0-2.4	10.0-30.0	0.0-100.0	0.000-1.571	0.008	0.112	11767.0	11753.0	9825.14	107.25	1927.85	60.043	-1.23812	0.0965352	-0.05	0.0	0.440152	0.0430324	3.09388	0.000351076	0.0434921	0.00139691	0.022182	0.000865279	0.03	0.0	1.696	0.0	5.0	0.0	1.718	0.0	0.0332873	0.000626082	1.00593e-05	0.00459465	0.370523	0.00733663	0.0339606	0.00891232	-0.00094478	0.00361098	0.000120662	0.0003515	2.18057	0.167362	0.996697	0.0115455	0.972809	0.00773107	0.999999	0.0421186	0.260073	0.0188053	0.140969	6.94752e-05	0.405743	0.0148984	0.141482	0.00413713	-24167.0	4.0	1.54204e-06	-113717.0	7.0	7.21859e-05	1.0	6325.85	90.9191	3499.29	70.4071	0.356157	0.00601972	1058.84	11.156	
0.0-2.4	11.0-13.0	0.0-100.0	0.000-1.571	0.008	0.112	3961.0	3953.0	3361.76	63.0443	591.528	34.7022	-1.38222	0.179873	-0.05	0.0	0.314312	0.0659244	3.09396	0.0006064	0.0503405	0.00393681	0.0242261	0.0012781	0.03	0.0	1.696	0.0	5.0	0.0	1.718	0.0	0.0346259	0.00132744	1.04076e-05	0.00459449	0.389379	0.0135155	0.0356577	0.0157072	0.00158333	0.00595126	0.000256922	0.000631298	2.10552	0.270331	1.01315	0.0199289	1.0	0.00303844	0.968315	0.0260992	0.253896	0.035371	1.19991	0.504728	0.380491	0.0247016	0.144783	0.0965375	-8251.56	4.0	8.51155e-05	-33963.9	7.0	7.85393e-05	1.0	2239.97	54.0946	1121.8	40.0528	0.333694	0.0101384	1071.43	18.1154	
0.0-2.4	13.0-16.0	0.0-100.0	0.000-1.571	0.008	0.081	2642.0	2639.0	2192.26	49.9472	446.857	27.3737	-1.02326	0.206317	-0.05	0.0	0.506824	0.136592	3.09337	0.000762196	0.0210775	0.00282325	0.0440329	0.00549708	0.03	0.0	1.696	0.0	5.0	0.0	1.718	0.0	0.0343712	0.00232661	2.11265e-05	10.8791	0.368963	0.0147591	0.0661462	0.04102	-0.00168051	0.0047893	-0.000686939	0.000765091	1.77416	0.264604	1.0019	0.0264363	0.999986	8.81647	0.943876	0.187408	0.255656	0.0227187	0.14687	6.80719	0.435419	0.020745	0.213852	0.0968298	-5228.44	4.0	4.10151e-05	-21556.0	7.0	3.03505e-05	1.0	1328.85	41.6717	863.405	34.74	0.393843	0.0130614	1070.33	27.6738	
0.0-2.4	13.0-30.0	0.0-100.0	0.000-1.571	0.008	0.081	4509.0	4505.0	3728.92	64.897	775.646	35.48	-1.14571	0.153	-0.05	0.0	0.306343	0.0788241	3.0937	0.000566128	0.0175854	0.00227333	0.0380793	0.00211517	0.03	0.0	1.696	0.0	5.0	0.0	1.718	0.0	0.0331747	0.0010965	1.02238e-05	0.00459457	0.361841	0.0105213	0.0480882	0.0218371	-0.00242622	0.00419284	-0.000247334	0.00055005	1.94086	0.230379	1.00801	0.0201702	1.0	7.81272	0.96165	0.00317317	0.279171	0.00460786	0.45218	14.4125	0.435521	0.00466753	0.22834	0.018689	-8629.57	4.0	2.82956e-05	-39084.4	7.0	0.000133744	1.0	2122.26	52.6365	1606.66	46.7789	0.430865	0.0100571	1071.62	19.4573	
0.0-2.4	16.0-30.0	0.0-100.0	0.000-1.571	0.008	0.056	1867.0	1861.0	1531.12	41.585	329.828	22.9806	-1.38984	0.234634	-0.05	0.0	0.173141	0.0773625	3.09371	0.00089679	0.0149603	0.00326275	0.035358	0.00286619	0.03	0.0	1.696	0.0	5.0	0.0	1.718	0.0	0.0327487	0.00142158	1.01425e-05	0.00459461	0.354129	0.0150333	0.0340288	0.0240391	-0.00317689	0.0069571	0.000208128	0.000794405	2.18001	0.438439	1.00952	0.0315771	1.0	0.110168	0.984182	0.0158716	0.296229	0.0391912	0.140893	1.30202	0.432119	0.0371957	0.230863	0.229032	-3415.82	4.0	2.94167e-05	-14434.5	7.0	1.56062e-05	1.0	795.752	32.2809	735.372	31.2068	0.480282	0.0156606	1070.6	29.6099	
0.0-2.4	6.5-30.0	0.0-100.0	0.000-1.571	0.004	0.196	32646.0	32634.0	27745.0	181.082	4889.12	99.6708	-1.16787	0.0609504	-0.05	0.0	0.458279	0.0295006	3.09273	0.000230266	0.0459881	0.000859698	0.0246455	0.000643686	0.03	0.0	1.696	0.0	5.0	0.0	1.718	0.0	0.0360314	0.000415513	1.01457e-05	1.75103e-06	0.36153	0.00502479	0.0430525	0.00586129	-0.000932797	0.00240231	0.000350984	0.000234661	2.16238	0.0883053	0.963495	0.00630737	1.0	0.0336919	0.873511	0.0187588	0.283224	0.0162662	0.14133	5.01786e-07	0.419723	0.0108742	0.140931	0.0171822	-69366.8	4.0	6.9251e-05	-348430.0	7.0	8.23345e-06	1.0	20116.1	162.809	7628.9	108.391	0.274965	0.00347011	1043.87	7.13714	
0.0-2.4	6.5-7.5	0.0-100.0	0.000-1.571	0.008	0.176	6950.0	6946.0	6002.53	84.6693	943.51	45.8994	-0.792856	0.138352	-0.05	0.0	0.491554	0.0667086	3.09072	0.000578937	0.0499314	0.00192743	0.0294834	0.00148288	0.03	0.0	1.696	0.0	5.0	0.0	1.718	0.0	0.040835	0.000921652	1.0013e-05	0.00459467	0.381469	0.0141004	0.0565306	0.0172979	0.00889207	0.0165632	0.000600212	0.000622381	1.98132	0.172537	0.967481	0.0131689	1.0	0.00578476	0.78732	0.0822796	0.41887	0.0585334	1.24797	2.56368	0.41584	0.030442	0.140915	0.0444206	-14829.1	4.0	6.40165e-06	-63022.8	7.0	7.57495e-06	1.0	4859.55	80.0406	1142.98	44.3594	0.190416	0.00688473	1051.2	16.3841	
0.0-2.4	6.5-8.0	0.0-100.0	0.000-1.571	0.008	0.176	10350.0	10344.0	8895.62	102.32	1448.43	54.9373	-0.910647	0.111041	-0.05	0.0	0.537584	0.0515082	3.09099	0.000461953	0.0483111	0.00134713	0.0273403	0.00129375	0.03	0.0	1.696	0.0	5.0	0.0	1.718	0.0	0.0400044	0.000702706	1.06881e-05	0.00459436	0.382071	0.0112831	0.0576128	0.0136665	0.00221989	0.00490396	0.000733787	0.000493488	2.00795	0.138209	0.953171	0.0106917	0.999999	0.00404156	0.72973	0.0376749	0.30744	0.0246846	0.402224	0.948684	0.405144	0.022374	0.140895	1.80242e-06	-22202.6	4.0	1.9933e-06	-98097.5	7.0	1.4409e-05	1.0	7127.92	96.3863	1767.7	54.6058	0.198715	0.0056971	1043.3	13.5837	
0.0-2.4	7.5-8.5	0.0-100.0	0.000-1.571	0.008	0.136	6577.0	6568.0	5612.44	80.7951	955.428	43.2238	-1.22993	0.137938	-0.05	0.0	0.542799	0.0623032	3.09168	0.000534283	0.045394	0.00151913	0.0246056	0.00161268	0.03	0.0	1.696	0.0	5.0	0.0	1.718	0.0	0.0373538	0.000823525	3.14286e-05	0.000250139	0.35807	0.0126042	0.0553572	0.0153282	-0.00751851	0.00509998	0.00184425	0.00057128	2.03235	0.165504	0.944203	0.0136195	1.0	0.0360512	0.710898	0.0522156	0.274338	0.0361147	0.141439	0.793324	0.441926	0.0298535	0.14096	1.94181e-10	-14376.2	4.0	2.85829e-05	-59558.5	7.0	4.55416e-06	1.0	4363.19	75.0727	1249.25	44.8783	0.222585	0.00732613	1034.8	16.1015	
0.0-2.4	8.0-10.0	0.0-100.0	0.000-1.571	0.008	0.152	10529.0	10528.0	9012.23	103.132	1515.77	56.0319	-1.32092	0.11101	-0.05	0.0	0.414289	0.0546048	3.09285	0.000394049	0.0448352	0.00160844	0.0254307	0.00103779	0.03	0.0	1.696	0.0	5.0	0.0	1.718	0.0	0.0348079	0.000720711	2.62826e-05	0.000708523	0.345625	0.00903106	0.0467928	0.0103449	-0.00257908	0.00426269	0.000469669	0.000418893	2.18476	0.146934	0.942757	0.0106431	0.999995	0.0289864	0.846056	0.0327692	0.243976	0.027974	0.143216	0.794732	0.441564	0.0201505	0.156054	0.0280319	-23399.2	4.0	2.35312e-06	-100832.0	7.0	1.93457e-05	1.0	6784.2	94.4253	2228.03	59.4889	0.247223	0.0059639	1034.68	12.974	
0.0-2.4	8.5-9.5	0.0-100.0	0.000-1.571	0.008	0.145	5262.0	5262.0	4514.55	72.5389	747.067	38.6542	-1.24418	0.156704	-0.05	0.0	0.401113	0.0728359	3.09345	0.000542663	0.0438625	0.00225054	0.0251216	0.00127564	0.03	0.0	1.696	0.0	5.0	0.0	1.718	0.0	0.0339067	0.000950292	3.09607e-05	0.000394481	0.358657	0.0131148	0.0500062	0.0142607	0.00162795	0.00572661	0.000794107	0.000582931	2.25229	0.202408	0.938786	0.0147256	1.0	0.056338	0.905992	0.035783	0.254926	0.0374576	0.141203	1.37958e-05	0.444487	0.0279763	0.15252	0.0488674	-11884.5	4.0	2.1709e-05	-46864.8	7.0	7.75855e-05	1.0	3403.91	66.4881	1110.64	41.8063	0.246014	0.00837429	1044.47	19.0608	
0.0-2.4	9.5-11.0	0.0-100.0	0.000-1.571	0.008	0.128	5387.0	5383.0	4570.72	72.7777	812.306	39.2194	-1.22652	0.148297	-0.05	0.0	0.514344	0.0669732	3.09314	0.000530943	0.0419474	0.00165053	0.0221322	0.00149061	0.03	0.0	1.696	0.0	5.0	0.0	1.718	0.0	0.0338071	0.000853813	2.86811e-05	0.000348843	0.355126	0.0119083	0.0230452	0.0104935	-0.00132346	0.00761159	-0.000559996	0.000543197	2.46487	0.337054	0.96089	0.0152258	0.966099	3.63988	0.930177	3.47617	0.214112	0.148545	0.141353	3.58967	0.415929	0.11974	0.141116	3.77179e-08	-11872.3	4.0	6.74116e-05	-48042.2	7.0	3.45136e-06	1.0	3281.79	65.0126	1288.93	43.7869	0.281997	0.00846243	1020.81	17.6714	
0.4-0.8	6.5-30.0	0.0-100.0	0.000-1.571	0.008	0.073	5039.0	5027.0	4304.95	69.3205	722.019	34.9585	-1.28015	0.156483	-0.05	0.0	0.463807	0.0916256	3.09423	0.000423525	0.020233	0.00109364	0.0287505	0.00170657	0.03	0.0	1.696	0.0	5.0	0.0	1.718	0.0	0.0251611	0.000677626	2.82435e-05	0.000449249	0.351509	0.0110903	0.076506	0.0434519	-0.00258405	0.00354869	-0.000411249	0.000590358	1.67312	0.203336	0.989782	0.017791	0.942914	0.0285885	1.0	26.8629	0.227023	0.0215398	0.141072	4.08629e-08	0.439121	0.0205418	0.181881	112.868	-11833.1	4.0	2.15826e-06	-45613.5	7.0	8.75603e-05	1.0	2918.73	60.7939	1386.22	44.5564	0.322006	0.00895755	1057.77	23.6572	
0.8-1.2	6.5-30.0	0.0-100.0	0.000-1.571	0.008	0.112	6384.0	6378.0	5412.69	79.0412	965.346	42.428	-1.20132	0.136285	-0.05	0.0	0.576446	0.0797154	3.09374	0.00049932	0.0353336	0.00119778	0.0277588	0.00175592	0.03	0.0	1.696	0.0	5.0	0.0	1.718	0.0	0.0323426	0.000575177	1.00026e-05	0.00459467	0.370109	0.0114492	0.0258401	0.00859777	0.000613602	0.00653335	0.0008273	0.000497299	2.42695	0.263382	0.995413	0.0143266	0.98206	0.0595239	0.975109	0.174195	0.3283	0.0892024	0.14106	1.36069	0.410908	0.0223239	0.259822	0.819059	-14359.6	4.0	5.22374e-06	-58140.0	7.0	1.53691e-05	1.0	3926.48	70.7573	1486.21	46.7969	0.274579	0.00765977	1057.09	14.2637	
1.2-1.6	6.5-30.0	0.0-100.0	0.000-1.571	0.004	0.156	7013.0	7009.0	6068.16	85.4269	941.015	46.5858	-0.923218	0.144316	-0.05	0.0	0.543628	0.0882559	3.08951	0.000578697	0.0342379	0.001378	0.0474994	0.00306904	0.03	0.0	1.696	0.0	5.0	0.0	1.718	0.0	0.0408279	0.00105148	1.09866e-05	0.00459422	0.36691	0.0110972	0.0602989	0.014894	-0.000798532	0.0042547	0.00122906	0.000509815	2.00122	0.147028	0.954544	0.0133931	0.986472	0.971765	0.846536	0.890182	0.329077	0.167412	0.140917	6.20102e-07	0.456061	0.0827081	0.141	0.229208	-14742.1	4.0	2.67798e-07	-63705.7	7.0	2.70583e-05	1.0	4454.47	76.8558	1613.69	49.904	0.265928	0.0073224	1047.71	15.0149	
1.6-2.0	6.5-30.0	0.0-100.0	0.000-1.571	0.004	0.188	6919.0	6918.0	5889.48	86.1487	1029.01	50.605	-1.31565	0.14395	-0.05	0.0	0.759778	0.0807906	3.08948	0.000667548	0.0421295	0.00129847	0.0643226	0.0064782	0.03	0.0	1.696	0.0	5.0	0.0	1.718	0.0	0.0483986	0.00149191	1.74374e-05	0.00459126	0.354564	0.011645	0.0503112	0.0105536	0.00442139	0.005776	0.000611163	0.000551059	2.32689	0.168222	0.927598	0.0130141	0.999818	1.0576	0.834967	0.20478	0.335747	0.0279661	0.140963	0.886153	0.424902	0.0302136	0.140919	1.06582e-10	-13512.5	4.0	5.53926e-07	-61933.3	7.0	0.000140707	1.0	4452.49	78.7951	1436.99	49.0786	0.243993	0.00753029	1043.82	15.8634	
1.6-2.4	3.0-30.0	0.0-100.0	0.000-1.571	0.004	0.21	24855.0	24823.0	20905.4	167.496	3917.61	105.162	-0.762665	0.0705531	-0.05	0.0	0.34156	0.0731386	3.08913	0.00038669	0.0639414	0.00292273	0.0427179	0.00126812	0.03	0.0	2.059	0.0	5.0	0.0	1.41	0.0	0.0509706	0.00108348	1.00144e-05	0.00459467	0.365104	0.00804686	0.0559604	0.00794871	0.00275916	0.00429477	5.61063e-05	0.000370237	2.15418	0.0987	0.9349	0.00669404	0.995929	0.00665299	0.811335	0.0958954	0.433625	0.0663341	0.636073	0.458468	0.433206	0.016559	0.141032	0.0701128	-45262.3	4.0	2.28922e-06	-251935.0	7.0	6.95033e-05	1.0	17220.5	159.98	3684.91	86.1907	0.176266	0.00387347	1041.54	9.60771	
1.6-2.4	3.0-4.5	0.0-100.0	0.000-1.571	0.024	0.36	6148.0	6142.0	5108.1	90.2643	1033.99	63.827	-0.0817161	0.14094	-0.05	0.0	0.273174	0.135989	3.08868	0.000834199	0.0752546	0.0107646	0.0440855	0.00296948	0.03	0.0	2.04	0.0	5.0	0.0	1.31	0.0	0.0544028	0.0032101	2.76516e-05	0.000655533	0.402776	0.0240031	0.0349826	0.0107547	-0.00999498	0.0198762	-0.000501414	0.00102737	2.57478	0.287473	0.956797	0.0129896	0.999571	0.0255259	0.545336	0.0866525	0.433543	0.0607656	0.140902	6.45519e-09	0.470042	0.0448647	0.141052	0.030529	-10303.4	4.0	1.46285e-06	-53337.9	7.0	2.799e-05	1.0	4532.65	88.3522	575.443	38.6546	0.112653	0.00730079	1056.1	19.8531	
1.6-2.4	3.0-5.5	0.0-100.0	0.000-1.571	0.024	0.36	10998.0	10988.0	9171.81	115.441	1816.17	77.2436	-0.349173	0.106153	-0.05	0.0	0.303643	0.107706	3.08817	0.000604659	0.0677876	0.00567353	0.0435412	0.00200206	0.03	0.0	2.04	0.0	5.0	0.0	1.31	0.0	0.0521101	0.00188155	1.05231e-05	0.00459443	0.380262	0.0163029	0.045351	0.0108932	-0.00850965	0.0164223	-0.000464595	0.000716079	2.22948	0.17295	0.943649	0.00975123	1.0	0.017482	0.622797	0.0690438	0.379662	0.048743	0.140955	4.45447e-10	0.437946	0.0277279	0.140989	0.0275715	-19183.3	4.0	0.000110867	-102143.0	7.0	3.03572e-05	1.0	8066.22	113.458	1105.58	52.5258	0.120541	0.00552225	1037.07	14.2762	
1.6-2.4	3.0-6.5	0.0-100.0	0.000-1.571	0.016	0.24	15369.0	15345.0	12911.0	134.994	2434.11	88.0085	-0.479972	0.0913979	-0.05	0.0	0.336556	0.0895329	3.08881	0.000507776	0.0666594	0.00405323	0.0431881	0.00170447	0.03	0.0	2.04	0.0	5.0	0.0	1.31	0.0	0.0522775	0.00148095	1.26007e-05	0.00459348	0.397026	0.0133417	0.0545752	0.0111807	0.00463949	0.00732318	0.000117538	0.000563068	2.11806	0.135123	0.936578	0.00826783	0.863546	0.118692	0.756812	0.00971988	0.369797	0.0654692	0.140968	0.81947	0.397978	0.00676883	0.140895	2.95648e-09	-27473.6	4.0	4.59937e-06	-147990.0	7.0	2.48668e-05	1.0	11269.0	131.715	1641.98	61.3245	0.127177	0.00455986	1036.41	12.806	
1.6-2.4	4.5-5.5	0.0-100.0	0.000-1.571	0.024	0.192	4850.0	4840.0	4070.86	74.7042	769.164	47.7229	-0.728515	0.164604	-0.05	0.0	0.357422	0.174959	3.08754	0.000882916	0.0603028	0.00540346	0.0430448	0.00291443	0.03	0.0	2.04	0.0	5.0	0.0	1.31	0.0	0.0499034	0.00211136	2.75213e-05	0.000465277	0.357987	0.0218196	0.103514	0.0420907	-0.000476917	0.00793976	-0.000510832	0.00102855	1.6297	0.164957	0.91127	0.0153549	1.0	2124.88	0.698095	12.6184	0.317564	0.168044	0.140891	74702.0	0.415585	2.30203	0.140908	3.98607e-07	-8896.54	4.0	1.76618e-05	-41224.8	7.0	4.07951e-06	1.0	3542.55	73.236	528.308	35.09	0.129778	0.00828428	1009.64	24.2999	
1.6-2.4	5.5-6.5	0.0-100.0	0.000-1.571	0.024	0.16	4371.0	4364.0	3750.45	70.706	613.474	43.1383	-0.881077	0.182212	-0.05	0.0	0.418317	0.156518	3.09039	0.000936111	0.0644728	0.00536516	0.0423413	0.00326312	0.03	0.0	2.04	0.0	5.0	0.0	1.31	0.0	0.0527415	0.00235334	1.00139e-05	0.00459467	0.400974	0.0221008	0.163974	0.0525224	0.00159916	0.00563014	0.000713829	0.000977666	1.56105	0.126401	0.886872	0.0170163	0.879208	0.557196	0.919901	2.3854	0.452468	0.105873	0.140921	1.67422e-08	0.457214	0.177895	0.140891	1.36993e-08	-8318.78	4.0	6.61187e-07	-36769.5	7.0	2.69943e-05	1.0	3188.9	67.8061	561.553	33.0972	0.149729	0.00836121	1028.18	27.0075	
1.6-2.4	6.5-30.0	0.0-100.0	0.000-1.571	0.004	0.188	9486.0	9483.0	8011.55	101.088	1471.43	60.6488	-1.20886	0.118121	-0.05	0.0	0.623943	0.0826861	3.09002	0.000611883	0.0528321	0.001476	0.039084	0.00258882	0.03	0.0	1.696	0.0	5.0	0.0	1.718	0.0	0.048125	0.000840502	1.30059e-05	0.00459329	0.359857	0.0103956	0.0446286	0.00857675	0.0026517	0.00592247	0.000147516	0.000485611	2.45063	0.167164	0.925664	0.0112159	0.987284	5.11781	0.871145	0.653952	0.317535	0.272235	0.140904	7.52964	0.408018	0.0217878	0.140959	2.87642e-09	-17971.3	4.0	3.40561e-06	-87507.1	7.0	6.79296e-06	1.0	6103.04	92.9168	1908.51	57.3011	0.23822	0.00649006	1042.42	14.5497	
2.0-2.4	6.5-30.0	0.0-100.0	0.000-1.571	0.008	0.144	2567.0	2563.0	2166.32	54.1664	396.467	34.1153	-1.05784	0.234131	-0.05	0.0	0.4685	0.171218	3.08957	0.00133777	0.0622947	0.00463421	0.0456083	0.00370447	0.03	0.0	1.696	0.0	5.0	0.0	1.718	0.0	0.0540709	0.00207011	1.21911e-05	0.00459367	0.37636	0.0221228	0.0274908	0.012152	-0.01	0.0156797	-0.00149112	0.00104103	3.13309	0.601028	0.927362	0.022389	0.999994	2.50932	0.897196	0.0554264	0.275407	0.0288962	0.141972	3.62506	0.379157	0.0216703	0.140977	1.09351e-08	-4485.55	4.0	1.17609e-05	-20049.2	7.0	0.000110628	1.0	1673.73	50.29	492.587	30.4856	0.227384	0.0128729	1051.77	36.9733	
