noWeight_Lxyz_pTtune_PRMC_noTnPCorr_3DEff
rap	pT	cent	dPhi	ctauErrMin	ctauErrMax	NoCutEntry	CutEntry	NSig	NSigErr	NBkg	NBkgErr	coefExp	coefExpErr	coefPol1	coefPol1Err	coeffGaus	coeffGausErr	meanSig1	meanSig1Err	sigmaSig1	sigmaSig1Err	sigmaSig2	sigmaSig2Err	sigmaSig3	sigmaSig3Err	alpha	alphaErr	enne	enneErr	enneW	enneWErr	sigWidth	sigWidthErr	Gmc	GmcErr	bTau	bTauErr	fracRes	fracResErr	meanResSigW	meanResSigWErr	meanResSigN	meanResSigNErr	sigmaResSigW	sigmaResSigWErr	sigmaResSigN	sigmaResSigNErr	fpm	fpmErr	fLiving	fLivingErr	fbkgCtTot	fbkgCtTotErr	lambdam	lambdamErr	lambdap	lambdapErr	lambdasym	lambdasymErr	NLL	nFitPar	EDM	NLLMass	nFitParMass	EDMMass	Prob	PROMPT	PROMPTErr	NON-PROMPT	NON-PROMPTErr	Bfraction	BfractionErr	Resolution	ResolutionErr	
0.0-0.4	6.5-30.0	0.0-100.0	0.000-1.571	0.008	0.064	2387.0	2385.0	1679.47	45.2393	705.6	32.7512	-0.300258	0.151073	-0.05	0.0	0.304482	0.114528	3.09412	0.000570551	0.0216419	0.00253172	0.017518	0.00119545	0.03	0.0	1.492	0.0	5.0	0.0	1.733	0.0	0.0188693	0.000635951	3.59557e-05	0.000193278	0.198366	0.0105998	0.709974	0.264125	-0.00206547	0.00229629	0.0013767	0.00170258	1.32298	0.0992276	0.629283	0.0446663	0.671983	0.0551358	1.0	0.068792	0.37595	0.0576413	0.0624393	0.0112696	0.173631	0.0155349	0.230125	2.60244	-5468.82	4.0	4.30738e-06	-19053.5	7.0	4.07246e-05	1.0	1155.09	41.1189	524.379	30.3675	0.312229	0.0160065	1165.12	86.6184	
0.0-1.2	6.5-30.0	0.0-10.0	0.000-1.571	0.008	0.088	3019.0	3018.0	1773.84	48.8955	1243.97	43.1365	-0.114141	0.111	-0.05	0.0	0.574527	0.0	3.09295	0.0	0.0208582	0.0	0.036861	0.00254166	0.03	0.0	1.492	0.0	5.0	0.0	1.733	0.0	0.028776	0.000692621	1.12992e-05	0.000388937	0.171708	0.00922408	0.282557	0.0	0.00228371	0.0	-0.000733424	0.00100766	1.58042	0.0	0.866786	0.0303275	0.806341	0.133374	0.582997	0.199603	0.367656	0.172977	0.112182	0.0410736	0.156921	0.0201527	0.0445214	0.0328631	-5722.55	4.0	6.57886e-07	-23573.5	4.0	2.83491e-05	1.0	1190.72	45.5398	583.113	35.425	0.32873	0.0177968	1115.7	8.45201	
0.0-1.2	6.5-30.0	0.0-100.0	0.000-1.571	0.008	0.105	8803.0	8801.0	5853.53	88.3771	2947.3	70.0211	-0.132061	0.0758139	-0.05	0.0	0.574527	0.0751679	3.09295	0.000408352	0.0208582	0.00086806	0.036069	0.00302034	0.03	0.0	1.492	0.0	5.0	0.0	1.733	0.0	0.0283458	0.00101572	1.16782e-05	0.000130175	0.194856	0.00597086	0.282557	0.19576	0.00228371	0.00264771	-0.000749913	0.000514576	1.58042	0.170805	0.830394	0.0154344	0.639299	0.0468272	0.976171	0.0146114	0.399219	0.0460038	0.0549886	0.00775942	0.149398	0.00867024	0.422914	0.160369	-18488.4	4.0	1.20324e-06	-79626.0	7.0	0.000105694	1.0	4159.8	81.0204	1693.73	57.2168	0.289352	0.00874418	1095.66	88.0475	
0.0-1.2	6.5-30.0	10.0-20.0	0.000-1.571	0.008	0.088	2134.0	2133.0	1365.48	41.1387	767.5	33.0824	-0.152912	0.141558	-0.05	0.0	0.574527	0.0	3.09295	0.0	0.0208582	0.0	0.0349886	0.00227123	0.03	0.0	1.492	0.0	5.0	0.0	1.733	0.0	0.0277637	0.000608909	1.12992e-05	0.000388937	0.219183	0.0134731	0.282557	0.0	0.00228371	0.0	-0.00128224	0.00107425	1.58042	0.0	0.822916	0.033368	0.532686	0.108378	0.945818	0.0344017	0.293995	0.134769	0.0387596	0.0102157	0.143259	0.0190164	0.343615	0.144553	-4240.28	4.0	4.21398e-05	-16174.8	4.0	1.87175e-06	1.0	955.394	37.6117	410.087	27.1805	0.300324	0.0177301	1091.6	9.02358	
0.0-1.2	6.5-30.0	20.0-30.0	0.000-1.571	0.008	0.105	1542.0	1541.0	1054.47	36.0091	486.318	26.9902	0.167662	0.178561	-0.05	0.0	0.574527	0.0	3.09295	0.0	0.0208582	0.0	0.0350874	0.00284897	0.03	0.0	1.492	0.0	5.0	0.0	1.733	0.0	0.0278167	0.000764498	1.16782e-05	0.000130175	0.20913	0.0152985	0.282557	0.0	0.00228371	0.0	0.00137726	0.00115209	1.58042	0.0	0.801337	0.0348063	0.505641	0.00970069	1.0	7.23753	0.303447	0.0119707	0.0462967	0.00130762	0.162961	0.00381248	0.0480836	31.0947	-3348.16	4.0	1.69357e-07	-11329.3	4.0	6.43359e-05	1.0	768.954	33.2978	285.517	22.6776	0.270768	0.019417	1080.02	9.26398	
0.0-1.2	6.5-30.0	30.0-40.0	0.000-1.571	0.008	0.064	953.0	952.0	700.784	28.9329	250.98	19.6827	-0.683405	0.253349	-0.05	0.0	0.574527	0.0	3.09295	0.0	0.0208582	0.0	0.038657	0.00352318	0.03	0.0	1.492	0.0	5.0	0.0	1.733	0.0	0.0297619	0.00097352	1.32366e-05	0.000329048	0.173925	0.01583	0.282557	0.0	0.00228371	0.0	-0.0016151	0.00151133	1.58042	0.0	0.836295	0.0413507	0.635248	0.0247526	0.999992	7.03974	0.415275	0.0243509	0.0613051	0.00474323	0.161869	0.00835764	0.0867055	19.4004	-2237.29	4.0	6.35144e-07	-6636.21	4.0	0.000108275	1.0	512.178	27.3526	188.606	19.017	0.269135	0.0247574	1098.87	11.2889	
0.0-1.2	6.5-30.0	40.0-50.0	0.000-1.571	0.016	0.048	581.0	572.0	458.181	23.2012	113.825	13.9257	-0.441172	0.375962	-0.05	0.0	0.574527	0.0	3.09295	0.0	0.0208582	0.0	0.0407223	0.00477785	0.03	0.0	1.492	0.0	5.0	0.0	1.733	0.0	0.0309115	0.00133902	1.43354e-05	8.22848e-05	0.208887	0.0234313	0.282557	0.0	0.00228371	0.0	-0.0030587	0.00178164	1.58042	0.0	0.792829	0.0516503	0.839582	0.780501	0.622475	0.348747	0.000181079	0.721451	0.0156815	0.0220971	0.251203	0.0508948	0.0200047	0.110797	-1399.04	4.0	1.56181e-06	-3782.35	4.0	7.21526e-07	1.0	339.094	21.6853	119.086	14.5525	0.259911	0.0289062	1075.51	13.6583	
0.0-1.2	6.5-30.0	50.0-100.0	0.000-1.571	0.008	0.056	574.0	573.0	499.475	23.5079	73.5124	11.2552	0.0917849	0.469414	-0.05	0.0	0.574527	0.0	3.09295	0.0	0.0208582	0.0	0.034387	0.00324378	0.03	0.0	1.492	0.0	5.0	0.0	1.733	0.0	0.027442	0.000864714	1.34486e-05	0.000306561	0.198743	0.0223486	0.282557	0.0	0.00228371	0.0	-0.00073187	0.00145983	1.58042	0.0	0.7394	0.0459325	0.99995	1.12564	0.999996	1.02309	0.335801	0.149608	0.00709326	1.52481	0.18159	0.0293091	0.0200214	10.1315	-1649.91	4.0	4.84612e-05	-3937.11	4.0	9.9013e-06	1.0	381.17	22.4238	118.306	14.56	0.23686	0.0269348	1047.85	11.6268	
0.0-2.4	10.0-13.0	0.0-100.0	0.000-1.571	0.008	0.136	3638.0	3637.0	2691.91	58.3325	945.091	40.6917	-0.481257	0.135029	-0.05	0.0	0.359443	0.089748	3.09255	0.000738468	0.0208608	0.00220829	0.0402013	0.00273114	0.03	0.0	1.492	0.0	5.0	0.0	1.733	0.0	0.0345203	0.00129786	1.25623e-05	9.06713e-05	0.190238	0.00846511	0.0553454	0.0788853	0.000212513	0.0144851	-0.000914526	0.000694332	2.09412	0.553674	0.898473	0.0207259	0.776735	0.116287	0.626422	0.104671	2.65731e-07	0.163464	0.0698476	0.0198248	0.167422	0.0138495	0.0237405	0.0113131	-7810.41	4.0	1.11199e-05	-29798.6	7.0	7.72676e-06	1.0	1889.8	54.4979	802.101	39.9389	0.297968	0.013358	1002.64	77.8085	
0.0-2.4	10.0-30.0	0.0-100.0	0.000-1.571	0.004	0.144	5840.0	5839.0	4393.81	74.4289	1445.1	50.9014	-0.489298	0.110267	-0.05	0.0	0.41779	0.074234	3.09305	0.000574298	0.0218051	0.00161207	0.0417835	0.00257805	0.03	0.0	1.492	0.0	5.0	0.0	1.733	0.0	0.0348583	0.00114502	1.0177e-05	0.00195203	0.180606	0.00607741	0.0477214	0.0592155	-0.000892962	0.00748279	-0.000755084	0.000518067	2.03646	0.461587	0.93222	0.0167298	0.803716	0.0946221	0.849687	0.205054	0.291652	0.113811	0.0622483	0.014554	0.177255	0.0127504	0.0345823	0.0292566	-12860.3	4.0	1.85817e-05	-50806.6	7.0	7.82858e-06	1.0	2968.02	68.9132	1425.79	52.9585	0.3245	0.0107266	1012.66	53.3004	
0.0-2.4	11.0-13.0	0.0-100.0	0.000-1.571	0.008	0.105	1942.0	1941.0	1467.31	42.7071	473.72	28.8157	-0.597331	0.19527	-0.05	0.0	0.423874	0.136608	3.09311	0.00102822	0.0216908	0.00281276	0.0434044	0.00575012	0.03	0.0	1.492	0.0	5.0	0.0	1.733	0.0	0.0358443	0.00244271	4.93653e-05	0.000238442	0.20492	0.0118506	0.0328637	0.0389686	-0.000371389	0.0145275	0.000422698	0.000942106	2.53131	0.734887	0.942942	0.0292771	0.764611	0.0999153	0.648019	0.081747	1.14891e-06	0.16902	0.0717794	0.0208002	0.172149	0.017721	0.02	0.0172351	-4157.6	4.0	1.31004e-05	-14745.3	7.0	1.38756e-06	1.0	1007.09	39.3986	460.221	29.5378	0.31365	0.0179416	1034.65	61.1492	
0.0-2.4	13.0-16.0	0.0-100.0	0.000-1.571	0.008	0.08	1308.0	1305.0	1029.35	35.9143	275.74	23.1573	-0.342988	0.254145	-0.05	0.0	0.602769	0.116927	3.0933	0.00117428	0.0247326	0.00267923	0.0534262	0.0077347	0.03	0.0	1.492	0.0	5.0	0.0	1.733	0.0	0.0387628	0.00275844	1.00002e-05	0.000966722	0.189785	0.0137068	0.0326157	0.0670782	-0.00999634	0.0183094	0.00128187	0.00110829	1.86063	0.773549	1.00316	0.0363688	0.879049	0.193141	0.7662	0.28536	0.113253	0.076877	0.0456153	0.0208595	0.160029	0.0241166	0.0422947	0.0168378	-3021.37	4.0	1.41931e-05	-9500.12	7.0	5.86784e-05	1.0	722.499	33.6789	306.852	24.7677	0.298102	0.0216974	1042.31	48.5244	
0.0-2.4	13.0-30.0	0.0-100.0	0.000-1.571	0.008	0.105	2202.0	2202.0	1703.72	46.0799	498.333	30.2962	-0.513364	0.18803	-0.05	0.0	0.51724	0.104259	3.09382	0.000895364	0.0230791	0.00210368	0.045512	0.00479375	0.03	0.0	1.492	0.0	5.0	0.0	1.733	0.0	0.0357137	0.00188655	2.10356e-05	0.0045896	0.16686	0.00861661	0.0347602	0.122355	-0.00537756	0.015369	-0.000791626	0.000786246	1.80759	0.989032	0.952149	0.0283154	0.851328	0.168853	0.865628	0.272729	0.334175	0.0959599	0.0425237	0.0173992	0.19579	0.0229489	0.0415545	0.0263826	-5063.62	4.0	4.68263e-08	-17144.0	7.0	9.12297e-06	1.0	1077.59	42.1611	626.14	34.8557	0.367512	0.0178815	994.308	80.1401	
0.0-2.4	16.0-30.0	0.0-100.0	0.000-1.571	0.008	0.064	894.0	893.0	677.505	28.8915	215.464	19.3075	-0.707064	0.28619	-0.05	0.0	0.227015	0.22562	3.09495	0.00152175	0.0192891	0.0057306	0.0331338	0.00510445	0.03	0.0	1.492	0.0	5.0	0.0	1.733	0.0	0.0305465	0.00255815	5.46616e-05	1.05755	0.157424	0.0116682	0.461092	0.573416	0.00155876	0.00498774	-0.00351148	0.0014327	1.33655	0.440517	0.721419	0.0512077	0.679736	1.6084	0.955135	0.118396	0.336056	1.38613	0.00708493	1.0526e-08	0.231207	0.0338853	0.059023	0.0624462	-2058.39	4.0	8.84205e-07	-6130.6	7.0	0.000141507	1.0	395.665	24.7079	281.84	21.6851	0.415996	0.0266415	1050.79	215.879	
0.0-2.4	6.5-30.0	0.0-10.0	0.000-1.571	0.008	0.136	7245.0	7234.0	3581.67	69.8602	3652.18	70.3626	-0.107183	0.0646618	-0.05	0.0	0.413558	0.0	3.09296	0.0	0.0469915	0.0	0.0239312	0.000848819	0.03	0.0	1.492	0.0	5.0	0.0	1.733	0.0	0.0353423	0.000168531	3.37928e-05	7.02542e-05	0.186934	0.00785513	0.17037	0.0	0.00383435	0.0	0.000682101	0.000677608	1.75411	0.0	0.976358	0.0185858	0.911715	0.820016	0.445318	0.335115	0.511707	0.061	0.113002	0.0829398	0.179435	0.0283175	0.0778036	0.0322151	-11321.4	4.0	2.90396e-05	-60944.8	4.0	4.28978e-06	1.0	2562.1	67.2766	1019.57	49.2367	0.284662	0.0125757	1146.77	6.564	
0.0-2.4	6.5-30.0	0.0-100.0	0.000-1.571	0.004	0.152	20709.0	20701.0	12120.7	139.428	8580.55	126.079	-0.201078	0.0437636	-0.05	0.0	0.413558	0.0442612	3.09296	0.000376474	0.0469915	0.00186983	0.0244135	0.000841766	0.03	0.0	1.492	0.0	5.0	0.0	1.733	0.0	0.0355352	0.000736338	1.79985e-05	0.004591	0.191461	0.00441744	0.17037	0.071026	0.00383435	0.00270686	-0.000226506	0.000359072	1.75411	0.130378	0.898976	0.00982076	0.928472	0.0586534	0.434812	0.0526602	0.395105	0.0538185	0.179417	0.0724868	0.185274	0.00901227	0.0551822	0.00988195	-36498.3	4.0	5.91405e-05	-199189.0	7.0	5.62917e-05	1.0	8832.59	128.58	3288.16	87.4079	0.271283	0.00650126	1093.01	41.0769	
0.0-2.4	6.5-30.0	0.0-5.0	0.000-1.571	0.008	0.152	3929.0	3925.0	1915.97	51.37	2008.96	52.2671	-0.0447881	0.0870779	-0.05	0.0	0.413558	0.0	3.09296	0.0	0.0469915	0.0	0.022967	0.00118513	0.03	0.0	1.492	0.0	5.0	0.0	1.733	0.0	0.0349651	0.000228261	1.79985e-05	0.004591	0.189563	0.0113949	0.17037	0.0	0.00383435	0.0	0.00361795	0.000935928	1.75411	0.0	1.01831	0.026077	0.368464	4.8191	0.738471	2.68242	0.267512	7.78357	0.00788686	1.16423e-08	0.167005	0.0183441	0.0974844	0.045945	-6095.14	4.0	0.000107511	-30641.4	4.0	1.87987e-06	1.0	1407.34	49.6248	508.629	34.9974	0.265468	0.0168224	1176.65	9.36151	
0.0-2.4	6.5-30.0	10.0-15.0	0.000-1.571	0.008	0.152	2827.0	2826.0	1503.55	44.8001	1322.3	42.729	-0.17708	0.107705	-0.05	0.0	0.413558	0.0	3.09296	0.0	0.0469915	0.0	0.0244795	0.00130564	0.03	0.0	1.492	0.0	5.0	0.0	1.733	0.0	0.0355618	0.000263534	1.79985e-05	0.004591	0.199066	0.0123354	0.17037	0.0	0.00383435	0.0	0.00333119	0.00102013	1.75411	0.0	0.911064	0.0280941	0.421005	0.062667	0.890699	0.0688829	0.28955	0.105223	0.0319821	0.00811717	0.13167	0.0179743	0.162649	0.0628592	-4634.76	4.0	1.81439e-05	-21298.4	4.0	8.64896e-06	1.0	1077.91	42.3815	425.648	30.4222	0.283094	0.0183914	1101.29	9.6409	
0.0-2.4	6.5-30.0	10.0-20.0	0.000-1.571	0.008	0.16	5132.0	5131.0	2841.72	60.9721	2289.0	56.2573	-0.197652	0.081978	-0.05	0.0	0.413558	0.0	3.09296	0.0	0.0469915	0.0	0.024933	0.000966249	0.03	0.0	1.492	0.0	5.0	0.0	1.733	0.0	0.0357461	0.00019762	1.00282e-05	0.000232918	0.199741	0.00913947	0.17037	0.0	0.00383435	0.0	0.000780869	0.000766617	1.75411	0.0	0.930423	0.0209608	0.530627	0.118993	0.898709	0.0413266	0.374539	0.114558	0.036984	0.00968774	0.132177	0.0125061	0.230021	0.0558549	-8533.11	4.0	1.63284e-05	-41911.4	4.0	1.51856e-05	1.0	2041.61	58.214	800.115	42.0086	0.28156	0.0134921	1114.64	7.2579	
0.0-2.4	6.5-30.0	15.0-20.0	0.000-1.571	0.008	0.16	2305.0	2305.0	1336.82	41.3183	968.274	36.5883	-0.224702	0.126184	-0.05	0.0	0.413558	0.0	3.09296	0.0	0.0469915	0.0	0.0254262	0.00143318	0.03	0.0	1.492	0.0	5.0	0.0	1.733	0.0	0.0359492	0.000297226	1.00282e-05	0.000232918	0.201609	0.0135618	0.17037	0.0	0.00383435	0.0	-0.00240464	0.001158	1.75411	0.0	0.958559	0.0312088	0.742599	0.113533	0.885985	0.0696478	0.489827	0.0818398	0.0560451	0.0252854	0.135698	0.0173884	0.290337	0.101502	-3906.24	4.0	8.50665e-07	-17086.5	4.0	6.12956e-06	1.0	963.398	39.8493	373.426	28.8884	0.279338	0.0198101	1134.24	10.9407	
0.0-2.4	6.5-30.0	20.0-25.0	0.000-1.571	0.008	0.136	1975.0	1973.0	1202.02	38.6688	770.876	32.6222	-0.284723	0.14181	-0.05	0.0	0.413558	0.0	3.09296	0.0	0.0469915	0.0	0.023315	0.00133933	0.03	0.0	1.492	0.0	5.0	0.0	1.733	0.0	0.0350999	0.000260863	3.37928e-05	7.02542e-05	0.201692	0.0150309	0.17037	0.0	0.00383435	0.0	0.00220967	0.00105686	1.75411	0.0	0.831271	0.028759	0.482385	0.132927	0.674391	0.261846	0.19114	0.125125	0.0435364	0.0117047	0.15761	0.0269245	0.0457196	0.0192276	-3743.92	4.0	1.79614e-05	-14451.3	4.0	8.53723e-06	1.0	912.809	36.8889	289.213	24.1879	0.240605	0.0185745	1047.61	9.46607	
0.0-2.4	6.5-30.0	20.0-30.0	0.000-1.571	0.008	0.136	3598.0	3594.0	2226.35	52.4568	1367.46	43.5091	-0.187663	0.106388	-0.05	0.0	0.413558	0.0	3.09296	0.0	0.0469915	0.0	0.0232218	0.00096397	0.03	0.0	1.492	0.0	5.0	0.0	1.733	0.0	0.0350637	0.000187197	3.37928e-05	7.02542e-05	0.205505	0.010855	0.17037	0.0	0.00383435	0.0	0.00180531	0.000792652	1.75411	0.0	0.85391	0.0216922	0.524357	0.104424	0.816547	0.250674	0.305121	0.116479	0.0466527	0.00905164	0.150928	0.017664	0.040352	0.0298613	-6797.2	4.0	1.29505e-07	-28550.2	4.0	2.05016e-05	1.0	1652.22	49.9806	574.136	34.1406	0.257882	0.0140796	1062.61	7.23093	
0.0-2.4	6.5-30.0	25.0-30.0	0.000-1.571	0.008	0.136	1623.0	1621.0	1024.6	35.4512	596.268	28.7842	-0.0620849	0.160911	-0.05	0.0	0.413558	0.0	3.09296	0.0	0.0469915	0.0	0.0231275	0.00138223	0.03	0.0	1.492	0.0	5.0	0.0	1.733	0.0	0.0350271	0.000267608	3.37928e-05	7.02542e-05	0.209041	0.0156188	0.17037	0.0	0.00383435	0.0	0.00100847	0.00119939	1.75411	0.0	0.889942	0.0328389	0.634428	0.0166065	0.999381	0.552968	0.494405	0.0200476	0.0547719	0.00307448	0.148903	0.00501749	0.0200036	4.97999	-3055.19	4.0	3.14593e-08	-11626.1	4.0	1.4175e-05	1.0	738.903	33.7461	285.702	24.1433	0.278841	0.0214979	1086.87	11.154	
0.0-2.4	6.5-30.0	30.0-35.0	0.000-1.571	0.008	0.12	1267.0	1265.0	802.533	31.5788	462.396	25.6335	-0.380561	0.183769	-0.05	0.0	0.413558	0.0	3.09296	0.0	0.0469915	0.0	0.0241173	0.00168933	0.03	0.0	1.492	0.0	5.0	0.0	1.733	0.0	0.0354164	0.000337313	3.63218e-05	5.72307e-05	0.177397	0.0172368	0.17037	0.0	0.00383435	0.0	0.00143933	0.00140049	1.75411	0.0	0.91908	0.0369054	0.548496	0.0444683	0.999995	8.71931	0.483879	0.0485503	0.0487039	0.00653045	0.19924	0.0184237	0.0200013	25.2774	-2448.3	4.0	8.07274e-05	-8745.84	4.0	1.30368e-05	1.0	607.872	30.7922	194.661	20.8495	0.242558	0.0241629	1106.8	12.7124	
0.0-2.4	6.5-30.0	30.0-40.0	0.000-1.571	0.008	0.12	2186.0	2184.0	1465.01	42.0767	718.866	32.0053	-0.408652	0.147935	-0.05	0.0	0.413558	0.0	3.09296	0.0	0.0469915	0.0	0.0249663	0.00122634	0.03	0.0	1.492	0.0	5.0	0.0	1.733	0.0	0.0357597	0.000251053	3.63218e-05	5.72307e-05	0.167082	0.0115036	0.17037	0.0	0.00383435	0.0	0.000972758	0.00102601	1.75411	0.0	0.856101	0.0270561	0.627013	0.0760889	0.699511	0.350243	0.280013	0.326277	0.0607815	0.0134278	0.189991	0.0221234	0.0200014	0.0237983	-4399.02	4.0	9.21543e-08	-16441.0	4.0	8.85767e-06	1.0	1077.25	41.5229	387.766	29.8483	0.264684	0.0189027	1064.07	9.02968	
0.0-2.4	6.5-30.0	35.0-40.0	0.000-1.571	0.008	0.12	919.0	919.0	660.201	27.7448	258.763	19.1927	-0.455719	0.247425	-0.05	0.0	0.413558	0.0	3.09296	0.0	0.0469915	0.0	0.0257023	0.00174713	0.03	0.0	1.492	0.0	5.0	0.0	1.733	0.0	0.0360642	0.000365103	3.63218e-05	5.72307e-05	0.157582	0.0152093	0.17037	0.0	0.00383435	0.0	0.000799613	0.00147823	1.75411	0.0	0.806719	0.0388514	0.99999	1.24029	0.443252	0.127013	0.391228	0.0866104	0.0803923	0.986497	0.205822	0.0430212	0.0745172	0.0191552	-1957.62	4.0	1.9342e-05	-6214.11	4.0	2.26109e-06	1.0	468.063	27.6019	192.138	20.9797	0.29103	0.0293298	1031.57	12.6033	
0.0-2.4	6.5-30.0	40.0-45.0	0.000-1.571	0.008	0.12	740.0	739.0	543.569	25.0929	195.4	16.781	-0.543563	0.286188	-0.05	0.0	0.413558	0.0	3.09296	0.0	0.0469915	0.0	0.0228177	0.00178599	0.03	0.0	1.492	0.0	5.0	0.0	1.733	0.0	0.0349077	0.000342314	3.63218e-05	5.72307e-05	0.195878	0.0221693	0.17037	0.0	0.00383435	0.0	-0.00176812	0.00162797	1.75411	0.0	0.835614	0.0457659	0.620787	0.367365	0.665855	0.329939	0.0685512	0.209149	0.03107	0.0184286	0.259189	0.0529157	0.0370774	0.026319	-1601.89	4.0	8.09287e-06	-4882.02	4.0	5.88514e-05	1.0	417.089	24.2736	126.48	15.8926	0.232684	0.0271929	1050.48	15.1013	
0.0-2.4	6.5-30.0	40.0-50.0	0.000-1.571	0.008	0.136	1308.0	1306.0	969.414	33.4744	336.573	22.0846	-0.942007	0.222743	-0.05	0.0	0.413558	0.0	3.09296	0.0	0.0469915	0.0	0.0243779	0.00143363	0.03	0.0	1.492	0.0	5.0	0.0	1.733	0.0	0.0355208	0.000288499	3.37928e-05	7.02542e-05	0.200757	0.0159744	0.17037	0.0	0.00383435	0.0	-0.00227638	0.00119045	1.75411	0.0	0.7932	0.0336669	0.687359	0.280056	0.683835	0.262382	0.066877	0.135149	0.032603	0.0138057	0.232487	0.0333998	0.0370427	0.0152168	-2764.32	4.0	6.02311e-06	-9363.94	4.0	1.99921e-07	1.0	717.037	32.1179	252.377	22.2366	0.26034	0.0211032	1022.83	10.8302	
0.0-2.4	6.5-30.0	45.0-50.0	0.000-1.571	0.008	0.136	568.0	567.0	426.825	22.1705	140.223	14.3143	-1.52305	0.359976	-0.05	0.0	0.413558	0.0	3.09296	0.0	0.0469915	0.0	0.0266753	0.00248448	0.03	0.0	1.492	0.0	5.0	0.0	1.733	0.0	0.0364762	0.000532758	3.37928e-05	7.02542e-05	0.205818	0.0227536	0.17037	0.0	0.00383435	0.0	-0.00270391	0.00171773	1.75411	0.0	0.734918	0.048173	0.673762	0.240255	0.851358	0.756925	0.0739008	0.158524	0.0340359	0.0144786	0.199407	0.0408646	0.037763	0.0288654	-1168.42	4.0	8.67491e-05	-3591.14	4.0	1.01175e-05	1.0	299.464	20.9943	127.361	15.5746	0.298392	0.0330341	986.052	14.8935	
0.0-2.4	6.5-30.0	5.0-10.0	0.000-1.571	0.008	0.112	3316.0	3301.0	1664.31	47.3403	1636.64	47.0469	-0.166075	0.096701	-0.05	0.0	0.413558	0.0	3.09296	0.0	0.0469915	0.0	0.0248859	0.00121614	0.03	0.0	1.492	0.0	5.0	0.0	1.733	0.0	0.0357268	0.000248392	3.69703e-05	0.0265992	0.187041	0.0111228	0.17037	0.0	0.00383435	0.0	-0.000520302	0.000986729	1.75411	0.0	0.942879	0.027093	0.985274	0.56728	0.268198	0.196044	0.437555	0.0733625	0.133937	1.1151	0.218065	0.0190341	0.0778864	0.055915	-5211.1	4.0	9.85556e-06	-25253.4	4.0	1.69108e-06	1.0	1164.95	45.14	499.351	33.7837	0.300036	0.0184177	1123.29	9.43362	
0.0-2.4	6.5-30.0	50.0-100.0	0.000-1.571	0.008	0.088	1240.0	1231.0	1027.55	33.8994	203.517	18.0347	-0.195738	0.283684	-0.05	0.0	0.413558	0.0	3.09296	0.0	0.0469915	0.0	0.0257742	0.00149988	0.03	0.0	1.492	0.0	5.0	0.0	1.733	0.0	0.0360943	0.000314049	3.69533e-05	0.0259228	0.188219	0.0158127	0.17037	0.0	0.00383435	0.0	0.00117698	0.00117606	1.75411	0.0	0.862107	0.0328701	0.999132	1.26177	1.0	0.416192	0.452052	0.259742	0.00788549	1.72475	0.199561	0.0390852	0.137723	40.7873	-3012.01	4.0	6.15789e-06	-9007.72	4.0	6.68819e-05	1.0	791.212	33.3285	236.34	22.1414	0.230003	0.0201675	1068.09	11.0055	
0.0-2.4	6.5-30.0	50.0-55.0	0.000-1.571	0.008	0.08	441.0	436.0	356.807	20.1022	79.2545	11.2506	-0.242683	0.450337	-0.05	0.0	0.413558	0.0	3.09296	0.0	0.0469915	0.0	0.027036	0.00267681	0.03	0.0	1.492	0.0	5.0	0.0	1.733	0.0	0.0366316	0.000579294	1.00002e-05	2.73951e-05	0.158175	0.023771	0.17037	0.0	0.00383435	0.0	0.000560328	0.00231039	1.75411	0.0	0.928978	0.0683514	0.584272	0.77423	0.932196	0.515808	0.141527	0.800247	0.0262595	0.0309974	0.189867	0.0566324	0.0224464	0.477785	-1046.95	4.0	9.39847e-06	-2712.43	4.0	4.26488e-05	1.0	273.162	20.7647	83.6451	14.7152	0.234426	0.0390693	1113.63	23.6518	
0.0-2.4	6.5-30.0	50.0-60.0	0.000-1.571	0.008	0.08	715.0	708.0	591.873	25.779	116.176	13.7442	-0.220157	0.37514	-0.05	0.0	0.413558	0.0	3.09296	0.0	0.0469915	0.0	0.0272825	0.00204376	0.03	0.0	1.492	0.0	5.0	0.0	1.733	0.0	0.0367387	0.000445028	1.00002e-05	2.73951e-05	0.163392	0.0184066	0.17037	0.0	0.00383435	0.0	0.00151734	0.00167517	1.75411	0.0	0.885114	0.0475206	0.861085	0.582265	0.558962	0.672892	0.0532946	0.973588	0.0171547	0.0577371	0.230366	0.0543596	0.0200005	0.0969117	-1718.07	4.0	1.94223e-05	-4776.34	4.0	1.60957e-05	1.0	449.277	25.9459	142.597	18.1342	0.240924	0.0287857	1083.59	16.1017	
0.0-2.4	6.5-30.0	55.0-60.0	0.000-1.571	0.008	0.073	274.0	271.0	234.351	16.0909	36.6641	7.82449	-0.186088	0.66564	-0.05	0.0	0.413558	0.0	3.09296	0.0	0.0469915	0.0	0.0273929	0.00309202	0.03	0.0	1.492	0.0	5.0	0.0	1.733	0.0	0.0367868	0.000675123	3.34445e-05	6.9324e-05	0.171589	0.0288669	0.17037	0.0	0.00383435	0.0	0.00376611	0.00234091	1.75411	0.0	0.811961	0.0647635	0.687735	0.814281	0.716936	0.807404	0.0476895	0.745358	0.00709382	0.0610784	0.298891	0.119163	0.0200024	0.32656	-672.977	4.0	3.02007e-05	-1588.0	4.0	2.62561e-05	1.0	175.482	15.6417	58.8694	10.7623	0.251201	0.0425617	1034.97	21.0761	
0.0-2.4	6.5-30.0	60.0-100.0	0.000-1.571	0.008	0.088	525.0	521.0	433.224	21.9476	87.7386	11.6725	-0.172776	0.427895	-0.05	0.0	0.413558	0.0	3.09296	0.0	0.0469915	0.0	0.0230406	0.00206862	0.03	0.0	1.492	0.0	5.0	0.0	1.733	0.0	0.0349935	0.000399376	3.69533e-05	0.0259228	0.220852	0.0278237	0.17037	0.0	0.00383435	0.0	0.00090943	0.00160625	1.75411	0.0	0.790557	0.0440034	0.950214	0.969024	0.854415	0.274715	0.264104	0.692471	0.00706437	1.45344	0.180592	0.0374869	0.0896177	0.0860468	-1298.92	4.0	4.08303e-08	-3378.65	4.0	4.06273e-06	1.0	336.503	21.1464	96.7209	13.4372	0.223258	0.0288811	1021.13	14.1316	
0.0-2.4	6.5-30.0	60.0-70.0	0.000-1.571	0.008	0.088	345.0	342.0	288.886	17.8283	53.1183	9.06027	-0.241891	0.548115	-0.05	0.0	0.413558	0.0	3.09296	0.0	0.0469915	0.0	0.0216692	0.00246787	0.03	0.0	1.492	0.0	5.0	0.0	1.733	0.0	0.0344759	0.000454825	3.69533e-05	0.0259228	0.244362	0.0370628	0.17037	0.0	0.00383435	0.0	0.00344469	0.00206685	1.75411	0.0	0.78643	0.0540838	0.999971	0.740475	0.999981	4.3778	0.417024	0.126785	0.00703956	2.77812e-05	0.187797	0.032542	0.020543	22.6516	-872.738	4.0	1.05113	-2090.97	4.0	8.72742e-07	1.0	225.552	16.9664	63.3344	10.4585	0.219236	0.0335794	1018.49	17.3231	
0.0-2.4	6.5-30.0	70.0-100.0	0.000-1.571	0.016	0.073	180.0	178.0	143.252	12.7557	34.7365	7.36281	-0.0797099	0.667195	-0.05	0.0	0.413558	0.0	3.09296	0.0	0.0469915	0.0	0.0252121	0.00408441	0.03	0.0	1.492	0.0	5.0	0.0	1.733	0.0	0.0358607	0.000842005	3.69173e-05	0.0282483	0.181838	0.0413027	0.17037	0.0	0.00383435	0.0	0.000267095	0.00300591	1.75411	0.0	0.853092	0.0845152	0.742613	0.168653	0.999996	0.812961	7.04719e-09	0.671682	0.0436851	0.0444176	0.143842	0.045274	0.0598672	5.03492	-424.3	4.0	5.53429e-05	-947.276	4.0	5.92222e-06	1.0	112.033	12.4934	31.2188	8.0185	0.21793	0.0525037	1062.07	28.16	
0.0-2.4	6.5-7.5	0.0-100.0	0.000-1.571	0.016	0.16	6176.0	6174.0	2585.15	81.8939	3588.81	87.7863	-0.0421675	0.0679743	-0.05	0.0	0.338999	0.128734	3.0907	0.00101094	0.0559745	0.00900972	0.0289088	0.00233786	0.03	0.0	1.492	0.0	5.0	0.0	1.733	0.0	0.0401814	0.0028672	8.17783e-05	0.000350179	0.206443	0.0131282	0.206936	0.0943215	0.00999971	0.0031414	0.00315594	0.000855	1.88995	0.200823	0.969382	0.0185487	0.525724	0.0656529	0.943509	0.0516112	0.613693	0.0531505	0.0696202	0.0133715	0.13848	0.0148841	0.277806	0.113695	-8747.37	4.0	2.88195e-05	-50148.9	7.0	4.6698e-05	1.0	2103.41	75.293	481.737	38.2355	0.186348	0.0135613	1218.36	60.5684	
0.0-2.4	6.5-8.0	0.0-100.0	0.000-1.571	0.016	0.16	8652.0	8649.0	3967.37	90.968	4681.71	94.8021	-0.107498	0.0598965	-0.05	0.0	0.6036	0.0799844	3.09049	0.000781553	0.028933	0.00170893	0.0640839	0.00828671	0.03	0.0	1.492	0.0	5.0	0.0	1.733	0.0	0.0461866	0.00270211	2.99332e-05	0.00458551	0.210135	0.0101258	0.247328	0.092515	0.00999999	0.0035556	0.00209739	0.000717686	1.76918	0.144226	0.922076	0.0161809	0.552493	0.0619541	0.928867	0.0637454	0.575548	0.0472736	0.0664437	0.0135974	0.139525	0.0111728	0.231482	0.0882662	-12642.5	4.0	1.87263e-05	-73573.9	7.0	1.33128e-05	1.0	3152.92	84.6832	814.449	47.8918	0.205287	0.0111159	1189.15	51.8901	
0.0-2.4	7.5-8.5	0.0-100.0	0.000-1.571	0.008	0.145	4529.0	4526.0	2584.29	63.7776	1941.69	58.5041	-0.155718	0.0938784	-0.05	0.0	0.434515	0.113858	3.09143	0.000867877	0.0240645	0.00259116	0.0481808	0.0051239	0.03	0.0	1.492	0.0	5.0	0.0	1.733	0.0	0.0395517	0.00219184	8.73167e-05	0.000503063	0.201436	0.0110703	0.23764	0.117549	0.00999999	0.0168022	0.00179517	0.000884885	1.61931	0.149835	0.877597	0.0229063	0.495761	0.0766277	0.9268	0.0676357	0.416157	0.0797472	0.0488614	0.00993645	0.157435	0.0152396	0.192	0.0980386	-7651.87	4.0	4.36673e-06	-36409.3	7.0	5.13235e-05	1.0	1980.34	60.5134	603.943	38.6711	0.233698	0.0138078	1100.13	56.4149	
0.0-2.4	8.0-10.0	0.0-100.0	0.000-1.571	0.008	0.152	6217.0	6214.0	3920.42	76.6428	2293.9	65.1663	-0.176744	0.0843832	-0.05	0.0	0.454878	0.0688842	3.09292	0.000629594	0.0461922	0.00281382	0.0224174	0.00145519	0.03	0.0	1.492	0.0	5.0	0.0	1.733	0.0	0.0352779	0.00118312	8.77568e-05	0.000222665	0.195131	0.007862	0.22052	0.162925	0.000482536	0.00445097	0.00168555	0.000688498	1.61158	0.193917	0.903261	0.0185834	0.624651	0.296553	0.999944	6.76589	0.503337	0.501006	0.0566979	0.0379702	0.181152	0.0848123	0.0200069	37.1044	-11582.1	4.0	2.26731e-05	-52902.6	7.0	9.76481e-05	1.0	2873.32	70.9996	1047.1	48.0068	0.267089	0.0110763	1099.41	73.3009	
0.0-2.4	8.5-9.5	0.0-100.0	0.000-1.571	0.008	0.12	2999.0	2993.0	1908.13	52.5585	1084.93	44.0326	-0.197613	0.122054	-0.05	0.0	0.475242	0.0915036	3.09392	0.000882819	0.0449649	0.00363083	0.0219593	0.00187671	0.03	0.0	1.492	0.0	5.0	0.0	1.733	0.0	0.0348412	0.00153557	6.95629e-05	0.856416	0.19351	0.0102738	0.195257	0.140777	-0.00999932	0.0168172	0.00174528	0.000996108	1.55521	0.187671	0.903995	0.0268478	0.661497	0.165568	0.906512	0.813302	0.440465	0.132848	0.0477063	0.0150461	0.176481	0.0205013	0.0463779	0.0586104	-5544.58	4.0	1.88596e-06	-23355.8	7.0	3.26008e-05	1.0	1334.22	48.0929	573.904	34.8169	0.300768	0.0162575	1062.97	60.1207	
0.0-2.4	9.5-11.0	0.0-100.0	0.000-1.571	0.008	0.136	2861.0	2859.0	2005.74	53.5614	853.248	41.4285	-0.332385	0.141465	-0.05	0.0	0.384108	0.1059	3.09252	0.000847082	0.044935	0.00410579	0.0238282	0.00210548	0.03	0.0	1.492	0.0	5.0	0.0	1.733	0.0	0.033545	0.00162479	1.00134e-05	0.000394123	0.194949	0.0110475	0.411816	0.288493	0.0022233	0.00388478	0.000314873	0.000972264	1.51553	0.180886	0.728983	0.0277344	0.631248	0.141383	0.975552	0.0217784	0.31615	0.149156	0.0402911	0.0143969	0.160483	0.0162883	0.398366	0.261765	-5985.87	4.0	1.63596e-05	-22551.0	7.0	2.6282e-06	1.0	1500.93	49.4085	504.814	31.8819	0.251684	0.0144045	1121.8	124.269	
0.4-0.8	6.5-30.0	0.0-100.0	0.000-1.571	0.008	0.073	2558.0	2558.0	1768.02	47.6864	789.925	35.9958	-0.234698	0.143107	-0.05	0.0	0.78236	0.0958217	3.09361	0.000663764	0.0220089	0.00109098	0.0392664	0.00734969	0.03	0.0	1.492	0.0	5.0	0.0	1.733	0.0	0.0267308	0.00154979	1.07909e-05	6.48731e-06	0.200772	0.011343	0.164736	0.163076	-0.00113548	0.00593586	-0.00123634	0.00083313	1.82366	0.359661	0.905226	0.0258509	0.746807	0.087612	0.959255	0.0495118	0.448902	0.0749689	0.064047	0.028997	0.158588	0.0178135	0.418093	0.292843	-5762.46	4.0	8.43753e-07	-20314.2	7.0	3.01628e-05	1.0	1263.61	43.701	504.41	30.5501	0.285297	0.0154713	1110.1	104.492	
0.8-1.2	6.5-30.0	0.0-100.0	0.000-1.571	0.008	0.105	3858.0	3856.0	2399.53	60.5716	1456.58	52.2044	-0.00297726	0.108915	-0.05	0.0	0.47599	0.122178	3.09228	0.000827605	0.0271253	0.00198481	0.0386742	0.00372378	0.03	0.0	1.492	0.0	5.0	0.0	1.733	0.0	0.0336746	0.00136945	3.76156e-05	0.000218351	0.191807	0.0097053	0.510138	0.279061	0.00698866	0.00378923	-0.00142053	0.000958738	1.44442	0.131788	0.705905	0.0269664	0.57833	0.0632832	0.969805	0.0273648	0.433899	0.0623602	0.0513548	0.00910601	0.141536	0.0133378	0.297594	0.16619	-7415.78	4.0	4.31181e-06	-30952.8	7.0	1.05893e-05	1.0	1771.43	55.1575	628.105	35.9749	0.261762	0.0134578	1143.86	105.828	
1.2-1.6	6.5-30.0	0.0-10.0	0.000-1.571	0.008	0.136	1874.0	1872.0	844.508	35.3217	1027.43	37.8219	0.18071	0.121803	-0.05	0.0	0.455381	0.0	3.09129	0.0	0.0460715	0.0	0.0327746	0.00257487	0.03	0.0	1.492	0.0	5.0	0.0	1.733	0.0	0.0393904	0.000583398	2.31047e-05	0.000294422	0.197177	0.0172431	0.103775	0.0	0.00999984	0.0	0.00201146	0.00125445	2.09199	0.0	0.892247	0.0346551	0.677275	0.257341	0.471998	0.302521	0.316928	0.163212	0.0806424	0.0357555	0.172548	0.0318249	0.0453302	0.019681	-2746.45	4.0	1.64281e-05	-13053.6	4.0	1.73937e-05	1.0	604.036	33.5975	240.472	24.3246	0.284748	0.0262257	1080.58	12.8228	
1.2-1.6	6.5-30.0	0.0-100.0	0.000-1.571	0.008	0.136	5263.0	5256.0	2904.42	73.5705	2351.14	69.6915	-0.0367284	0.0873977	-0.05	0.0	0.455381	0.134426	3.09129	0.000955161	0.0460715	0.00372951	0.0318109	0.00248121	0.03	0.0	1.492	0.0	5.0	0.0	1.733	0.0	0.0389577	0.00149359	2.31047e-05	0.000294422	0.188309	0.00927725	0.103775	0.0507441	0.00999984	0.0195355	0.00174771	0.000729855	2.09199	0.256609	0.954248	0.0194208	0.68253	0.135578	0.578096	0.203097	0.38695	0.133363	0.0798413	0.0188831	0.176915	0.0188278	0.0417715	0.0200694	-8759.55	4.0	5.46361e-07	-42854.3	7.0	0.000143622	1.0	2154.03	67.502	750.394	44.0538	0.258362	0.0136833	1127.06	46.7651	
1.2-1.6	6.5-30.0	10.0-20.0	0.000-1.571	0.008	0.128	1298.0	1294.0	686.348	31.2489	607.647	29.9631	-0.158743	0.159041	-0.05	0.0	0.455381	0.0	3.09129	0.0	0.0460715	0.0	0.0360694	0.00334832	0.03	0.0	1.492	0.0	5.0	0.0	1.733	0.0	0.0409284	0.000803534	2.94195e-05	0.000284662	0.172392	0.0162427	0.103775	0.0	0.00999984	0.0	0.00258718	0.00162101	2.09199	0.0	1.04121	0.0421442	0.572374	0.111847	0.999914	1.5142	0.589103	0.0853235	0.0897632	0.0221273	0.148458	0.0246822	0.0355995	11.7789	-2054.14	4.0	5.61611e-06	-8664.76	4.0	3.88461e-07	1.0	483.709	30.4096	202.638	22.9097	0.295242	0.0305528	1194.06	16.4679	
1.2-1.6	6.5-30.0	20.0-30.0	0.000-1.571	0.008	0.105	935.0	933.0	544.155	26.4721	388.903	23.3539	-0.0142144	0.198772	-0.05	0.0	0.455381	0.0	3.09129	0.0	0.0460715	0.0	0.0274395	0.00259503	0.03	0.0	1.492	0.0	5.0	0.0	1.733	0.0	0.0371031	0.000522601	1.00889e-05	0.00459463	0.194658	0.0216881	0.103775	0.0	0.00999984	0.0	0.000384521	0.00161483	2.09199	0.0	0.96123	0.0397921	0.490851	0.269813	0.848544	0.881112	0.311363	0.289041	0.0298711	0.0121717	0.12974	0.0287303	0.0306524	0.029796	-1710.6	4.0	1.06202e-06	-6063.08	4.0	6.69479e-05	1.0	411.193	25.6247	132.962	17.2718	0.244346	0.0294308	1132.36	15.1365	
1.2-1.6	6.5-30.0	30.0-40.0	0.000-1.571	0.008	0.12	544.0	543.0	346.819	20.9332	196.291	16.96	-0.00583402	0.280353	-0.05	0.0	0.455381	0.0	3.09129	0.0	0.0460715	0.0	0.0312344	0.00374399	0.03	0.0	1.492	0.0	5.0	0.0	1.733	0.0	0.0387028	0.000822788	1.72747e-05	0.00459133	0.163946	0.0300501	0.103775	0.0	0.00999984	0.0	0.00477609	0.0020433	2.09199	0.0	0.90631	0.0548359	1.0	0.627518	0.333122	0.114106	0.319297	0.1098	0.129846	0.0477061	0.275151	0.0735211	0.0668821	0.0175292	-1040.23	4.0	1.21136e-06	-3272.78	4.0	4.65382e-05	1.0	278.399	21.6653	68.4202	14.2858	0.197279	0.0394322	1091.02	20.4126	
1.2-1.6	6.5-30.0	40.0-50.0	0.000-1.571	0.016	0.064	311.0	306.0	233.342	16.414	72.6352	10.4261	-1.9058	0.527719	-0.05	0.0	0.455381	0.0	3.09129	0.0	0.0460715	0.0	0.0296378	0.00449225	0.03	0.0	1.492	0.0	5.0	0.0	1.733	0.0	0.0380128	0.000953766	2.95545e-05	0.000300613	0.208956	0.0363973	0.103775	0.0	0.00999984	0.0	-0.00424524	0.00283874	2.09199	0.0	1.03424	0.0826289	1.0	0.0289686	0.999998	0.141504	0.523721	0.125147	0.707173	0.629628	0.196216	0.0503903	0.0734544	2.83471	-640.275	4.0	1.47195e-06	-1749.81	4.0	0.000132528	1.0	178.531	16.2503	54.8116	11.0102	0.234898	0.044197	1188.62	32.218	
1.2-1.6	6.5-30.0	50.0-100.0	0.000-1.571	0.016	0.073	301.0	298.0	245.921	16.5271	52.0567	8.90452	-0.903961	0.562277	-0.05	0.0	0.455381	0.0	3.09129	0.0	0.0460715	0.0	0.0296084	0.00350695	0.03	0.0	1.492	0.0	5.0	0.0	1.733	0.0	0.0380004	0.00074408	1.01642e-05	0.000817577	0.193552	0.0351589	0.103775	0.0	0.00999984	0.0	0.0053605	0.00261666	2.09199	0.0	0.972474	0.0745804	0.692892	0.495115	0.580777	0.589589	3.09414e-06	0.91981	0.0293297	0.0585003	0.252311	0.086439	0.0200045	0.135476	-684.703	4.0	4.03802e-07	-1744.02	4.0	3.71666e-06	1.0	193.554	16.3755	52.3675	10.5519	0.212944	0.0404505	1140.93	28.4859	
1.6-2.0	6.5-30.0	0.0-100.0	0.000-1.571	0.008	0.16	5092.0	5089.0	2603.86	78.1468	2485.37	77.3724	-0.399035	0.0876782	-0.05	0.0	0.509626	0.176731	3.09113	0.00120088	0.0556398	0.00482183	0.0339929	0.00473765	0.03	0.0	1.492	0.0	5.0	0.0	1.733	0.0	0.0463069	0.0025167	2.61437e-05	0.00458725	0.205532	0.0119397	0.462154	0.274076	0.00485629	0.00340939	0.0025595	0.00113486	1.4787	0.146906	0.84763	0.0259388	0.66774	0.0959774	0.904255	0.0905772	0.580084	0.0629575	0.06152	0.0248284	0.156411	0.0144119	0.228852	0.100651	-7551.93	4.0	1.70962e-05	-40777.9	7.0	0.000119025	1.0	2055.87	71.1321	547.99	39.0294	0.210453	0.0135933	1181.93	95.2478	
1.6-2.4	3.0-30.0	0.0-100.0	0.000-1.571	0.008	0.264	38680.0	38678.0	9798.43	161.729	28879.5	212.681	-0.172154	0.0231988	-0.05	0.0	0.0551268	0.0309652	3.0903	0.000822705	0.0188715	0.00523619	0.0519726	0.0015687	0.03	0.0	1.89	0.0	5.0	0.0	1.44	0.0	0.0507137	0.000841352	1.05692e-05	6.49144e-05	0.215538	0.00818744	0.19593	0.106578	0.00823221	0.0041731	0.00717246	0.0004446	1.71895	0.159922	0.970357	0.00734104	0.69544	0.0382353	0.877237	0.0246322	0.662755	0.0292564	0.0626452	0.0115099	0.13144	0.00693871	0.300772	0.02908	-39605.3	4.0	8.57074e-05	-377593.0	7.0	0.00015595	1.0	8042.16	157.596	1756.27	89.7586	0.17924	0.00866962	1155.87	51.9867	
1.6-2.4	3.0-4.5	0.0-100.0	0.000-1.571	0.016	0.264	17458.0	17457.0	2559.96	104.784	14897.2	152.69	0.0520137	0.0319952	-0.05	0.0	0.926726	0.0367505	3.08842	0.00197395	0.0556198	0.00330508	0.0169433	0.00634846	0.03	0.0	1.86	0.0	5.0	0.0	1.38	0.0	0.0537393	0.0016577	8.85777e-05	0.0369611	0.242512	0.0230845	0.101357	0.069759	0.0499991	0.0925249	0.00294915	0.000756162	1.84755	0.275177	1.05294	0.0101867	1.0	0.0160237	0.800779	0.0893926	0.663763	0.171063	0.0147795	1.08697e-06	0.0868287	0.0494914	0.288989	0.0866955	-15269.6	4.0	6.64593e-06	-155512.0	7.0	8.31562e-05	1.0	2215.79	102.319	344.17	49.4138	0.134443	0.0185015	1158.57	41.4184	
1.6-2.4	3.0-5.5	0.0-100.0	0.000-1.571	0.016	0.264	26571.0	26569.0	4664.99	130.414	21903.8	185.049	-0.0898951	0.0264979	-0.05	0.0	0.0425562	0.0313856	3.08934	0.00140384	0.0158984	0.00597596	0.0529742	0.00226174	0.03	0.0	1.86	0.0	5.0	0.0	1.38	0.0	0.0519384	0.00117042	1.55371e-05	0.00459213	0.244442	0.0165454	0.125652	0.0884483	0.0251244	0.0167426	0.00635117	0.000593873	1.92178	0.271466	1.06017	0.00831954	1.0	27.3852	0.753747	0.417279	0.750875	0.372619	0.0140887	2303.54	0.112303	0.0119404	0.276362	0.0360242	-24305.7	4.0	1.01185e-05	-248118.0	7.0	0.000180413	1.0	4000.59	128.204	664.405	65.3699	0.142424	0.0134353	1202.83	54.623	
1.6-2.4	3.0-6.5	0.0-10.0	0.000-1.571	0.016	0.264	13741.0	13739.0	1850.5	87.8885	11888.9	133.261	-0.139627	0.0356432	-0.05	0.0	0.0333136	0.0	3.09042	0.0	0.0161151	0.0	0.0513533	0.00253769	0.03	0.0	1.86	0.0	5.0	0.0	1.38	0.0	0.0505763	0.00124542	1.3729e-05	0.00459296	0.238083	0.0270491	0.173641	0.0	0.0248856	0.0	0.00688067	0.00086048	1.74699	0.0	1.07739	0.0127609	0.954412	0.0778675	0.744196	0.0902525	0.762383	0.0199089	0.117806	0.0737251	0.132625	0.0167531	0.299223	0.0412407	-11893.6	4.0	5.77018e-06	-119006.0	4.0	1.49782e-05	1.0	1575.11	86.4479	275.396	45.2545	0.148822	0.0234115	1220.31	4.65505	
1.6-2.4	3.0-6.5	0.0-100.0	0.000-1.571	0.016	0.264	32037.0	32035.0	6369.85	143.423	25665.2	199.66	-0.144939	0.0245312	-0.05	0.0	0.0333136	0.0244094	3.09042	0.00115026	0.0161151	0.00580879	0.052433	0.00171414	0.03	0.0	1.86	0.0	5.0	0.0	1.38	0.0	0.0516361	0.000891777	1.3729e-05	0.00459296	0.240383	0.0133319	0.173641	0.119565	0.0248856	0.0127773	0.00528891	0.000535546	1.74699	0.202734	1.03634	0.00787828	1.0	0.0287148	0.71949	0.0228924	0.752787	0.0130926	0.0140449	2.18565	0.116216	0.00827716	0.258117	0.014893	-30474.7	4.0	3.92948e-06	-305546.0	7.0	0.000245841	1.0	5462.96	140.876	906.897	71.6449	0.142373	0.010781	1190.57	56.0472	
1.6-2.4	3.0-6.5	0.0-20.0	0.000-1.571	0.016	0.264	22549.0	22547.0	3451.65	116.448	19094.9	170.863	-0.139087	0.0281571	-0.05	0.0	0.0333136	0.0	3.09042	0.0	0.0161151	0.0	0.0521052	0.00188602	0.03	0.0	1.86	0.0	5.0	0.0	1.38	0.0	0.0513143	0.000925646	1.3729e-05	0.00459296	0.224503	0.02082	0.173641	0.0	0.0248856	0.0	0.00818933	0.000654106	1.74699	0.0	1.05401	0.00965629	0.863214	0.0254842	0.750254	0.101681	0.755421	0.0270276	0.261189	0.035143	0.180176	0.0086668	0.0692177	0.0252217	-20458.0	4.0	3.44828e-06	-206633.0	4.0	2.80758e-05	1.0	3023.1	116.362	428.551	57.856	0.124158	0.01623	1203.32	3.49472	
1.6-2.4	3.0-6.5	10.0-20.0	0.000-1.571	0.016	0.209	8808.0	8804.0	1609.56	77.2	7194.29	107.45	-0.136635	0.0459717	-0.05	0.0	0.0333136	0.0	3.09042	0.0	0.0161151	0.0	0.053505	0.0029089	0.03	0.0	1.86	0.0	5.0	0.0	1.38	0.0	0.0526884	0.00142779	1.37782e-05	0.00459294	0.223642	0.0264329	0.173641	0.0	0.0248856	0.0	0.00457666	0.00101092	1.74699	0.0	1.01685	0.0146356	1.0	30.316	0.750317	0.0051003	0.720632	0.0019951	0.239743	35.2879	0.0939505	0.000920561	0.245181	0.0025793	-8585.51	4.0	1.11925e-06	-72519.1	4.0	1.82835e-05	1.0	1410.69	75.6589	198.869	35.1732	0.123555	0.0210338	1176.6	5.22608	
1.6-2.4	3.0-6.5	20.0-30.0	0.000-1.571	0.016	0.192	4979.0	4977.0	1145.32	58.6464	3831.67	78.2667	-0.177779	0.0631649	-0.05	0.0	0.0333136	0.0	3.09042	0.0	0.0161151	0.0	0.0558272	0.0030197	0.03	0.0	1.86	0.0	5.0	0.0	1.38	0.0	0.0549681	0.00148236	1.37746e-05	0.00459294	0.231108	0.026095	0.173641	0.0	0.0248856	0.0	0.00324276	0.00133601	1.74699	0.0	1.01499	0.0192309	1.0	0.170662	0.687201	0.0657584	0.743267	0.0333302	0.0104455	0.969547	0.106534	0.0179899	0.21735	0.0317693	-4979.97	4.0	5.04071e-06	-38269.7	4.0	6.97571e-06	1.0	954.139	57.0495	191.184	31.0403	0.166926	0.0257186	1175.27	6.86218	
1.6-2.4	3.0-6.5	20.0-40.0	0.000-1.571	0.016	0.192	7431.0	7427.0	1872.99	70.9028	5554.52	93.3353	-0.160009	0.0524561	-0.05	0.0	0.0333136	0.0	3.09042	0.0	0.0161151	0.0	0.052545	0.00213652	0.03	0.0	1.86	0.0	5.0	0.0	1.38	0.0	0.051746	0.00104862	1.37746e-05	0.00459294	0.239774	0.0215665	0.173641	0.0	0.0248856	0.0	0.00377459	0.00107298	1.74699	0.0	1.0071	0.0156533	0.999995	0.0898359	0.696696	0.0562556	0.746897	0.0258821	0.0163542	0.854783	0.110394	0.0143955	0.201543	0.0266122	-7676.62	4.0	4.26364e-06	-60218.7	4.0	6.4148e-05	1.0	1575.22	69.6358	297.769	37.6882	0.158981	0.0192009	1169.65	5.56879	
1.6-2.4	3.0-6.5	30.0-40.0	0.000-1.571	0.016	0.152	2452.0	2438.0	727.51	40.083	1710.52	50.889	-0.104416	0.0944694	-0.05	0.0	0.0333136	0.0	3.09042	0.0	0.0161151	0.0	0.0475725	0.00279801	0.03	0.0	1.86	0.0	5.0	0.0	1.38	0.0	0.0468658	0.00137279	1.3843e-05	0.00459291	0.255251	0.0373708	0.173641	0.0	0.0248856	0.0	0.0047489	0.00179757	1.74699	0.0	0.986767	0.0266518	1.0	1.17099	0.696228	0.0396319	0.749269	0.0119969	0.00794515	1.26288	0.120428	0.00563569	0.144773	0.0119043	-2726.52	4.0	5.08254e-07	-17160.8	4.0	9.66531e-06	1.0	619.383	39.9795	108.128	21.6632	0.148627	0.0286291	1155.24	9.40605	
1.6-2.4	3.0-6.5	40.0-100.0	0.000-1.571	0.016	0.168	2057.0	2056.0	1044.73	41.1014	1011.42	40.694	-0.143151	0.124398	-0.05	0.0	0.0333136	0.0	3.09042	0.0	0.0161151	0.0	0.0527473	0.00207087	0.03	0.0	1.86	0.0	5.0	0.0	1.38	0.0	0.0519446	0.00101641	1.33924e-05	0.00459311	0.241192	0.0282729	0.173641	0.0	0.0248856	0.0	0.00356558	0.00179996	1.74699	0.0	0.87072	0.0283388	0.897917	0.0483163	0.214166	0.0390051	3.88522e-07	0.0858769	0.245919	0.0950813	0.180289	0.02725	0.02	0.00204197	-2676.11	4.0	5.20667e-06	-14509.8	4.0	1.95029e-05	1.0	884.833	42.0749	159.897	24.4556	0.153051	0.0226209	1075.39	9.48057	
1.6-2.4	3.0-6.5	40.0-50.0	0.000-1.571	0.016	0.136	1195.0	1179.0	529.469	30.1802	649.581	32.109	-0.110524	0.154475	-0.05	0.0	0.0333136	0.0	3.09042	0.0	0.0161151	0.0	0.0521887	0.0028825	0.03	0.0	1.86	0.0	5.0	0.0	1.38	0.0	0.0513962	0.00141472	1.41936e-05	0.00459275	0.225715	0.0330807	0.173641	0.0	0.0248856	0.0	0.00498257	0.00233116	1.74699	0.0	0.829038	0.040733	0.898537	0.0744837	0.199724	0.13956	2.44898e-05	0.817708	0.230665	0.1334	0.152154	0.0350485	0.0200002	0.0530209	-1473.39	4.0	3.37691e-06	-7590.03	4.0	5.62045e-05	1.0	431.887	30.2796	97.5823	18.4865	0.184302	0.0332973	1047.81	13.3161	
1.6-2.4	3.0-6.5	50.0-100.0	0.000-1.571	0.016	0.168	862.0	862.0	516.404	27.824	345.593	24.5629	-0.0688463	0.214204	-0.05	0.0	0.0333136	0.0	3.09042	0.0	0.0161151	0.0	0.0538889	0.0030125	0.03	0.0	1.86	0.0	5.0	0.0	1.38	0.0	0.0530652	0.00147867	1.33924e-05	0.00459311	0.26438	0.0479401	0.173641	0.0	0.0248856	0.0	0.00127311	0.00276492	1.74699	0.0	0.896126	0.0390278	0.900763	0.062912	0.246735	0.0563973	3.03044e-06	0.61566	0.263867	0.142537	0.191059	0.0402849	0.02	0.00217769	-1228.0	4.0	3.53326e-06	-5427.04	4.0	7.50227e-07	1.0	449.625	28.8354	66.7786	16.0477	0.129315	0.0302847	1092.5	13.227	
1.6-2.4	4.5-5.5	0.0-100.0	0.000-1.571	0.016	0.184	9113.0	9093.0	1986.79	77.4018	7106.23	105.4	-0.430306	0.0470619	-0.05	0.0	0.0544557	0.0463999	3.09054	0.00192543	0.0200006	0.0151143	0.0519153	0.00330958	0.03	0.0	1.86	0.0	5.0	0.0	1.38	0.0	0.0506973	0.00169394	2.30218e-05	0.000291032	0.235982	0.0217544	0.23046	0.240884	0.0112429	0.0129983	0.00711616	0.00101577	1.78882	0.370612	1.02828	0.0154507	1.0	0.12607	0.663397	0.0711552	0.806643	0.0166344	0.0158206	0.860391	0.158423	0.025517	0.217451	0.0453599	-9101.27	4.0	3.61649e-05	-75416.5	7.0	1.63425e-05	1.0	1667.53	75.7239	319.261	40.8471	0.160692	0.019583	1245.44	120.494	
1.6-2.4	5.5-6.5	0.0-100.0	0.000-1.571	0.016	0.168	5466.0	5459.0	1603.76	41.0201	3855.5	52.5907	-0.506363	0.0474888	-0.05	0.0	1.0	0.887278	3.09319	0.00139903	0.0503197	0.0137696	0.0101385	0.030639	0.03	0.0	1.86	0.0	5.0	0.0	1.38	0.0	0.0503197	0.012731	1.49587e-05	0.00459239	0.217478	0.0206246	0.433557	0.413492	0.016385	0.017632	0.00405585	0.00135158	1.45242	0.194727	0.851165	0.0240369	0.816259	0.104181	0.47621	0.14875	0.656795	0.0865448	0.15785	0.0474677	0.199153	0.0233517	0.0588742	0.0295494	-6324.33	4.0	2.514e-06	-42839.1	7.0	0.00371069	1.0	1362.18	44.7164	241.581	28.7026	0.150634	0.0174774	1151.07	135.402	
1.6-2.4	6.5-30.0	0.0-10.0	0.000-1.571	0.008	0.152	2352.0	2349.0	990.818	39.4811	1358.14	43.8851	-0.348229	0.106672	-0.05	0.0	0.652823	0.0	3.0911	0.0	0.0569301	0.0	0.0308671	0.0036881	0.03	0.0	1.492	0.0	5.0	0.0	1.733	0.0	0.0494632	0.00039952	2.77437e-05	0.00458652	0.226194	0.0231896	0.211707	0.0	0.00199102	0.0	0.00335255	0.00147775	1.6767	0.0	1.0747	0.034388	0.917482	0.952989	0.400579	0.698379	0.601761	0.0720142	0.0932264	0.119272	0.209964	0.0602806	0.0931882	0.0239337	-3045.15	4.0	2.88797e-05	-16730.8	4.0	1.83148e-05	1.0	807.227	38.7036	183.591	22.7345	0.185292	0.0217249	1227.05	11.8711	
1.6-2.4	6.5-30.0	0.0-100.0	0.000-1.571	0.008	0.152	6643.0	6637.0	3419.61	92.3317	3217.44	91.2275	-0.424311	0.0756593	-0.05	0.0	0.652823	0.152473	3.0911	0.00108634	0.0569301	0.00395795	0.0308437	0.00589094	0.03	0.0	1.492	0.0	5.0	0.0	1.733	0.0	0.0494581	0.00239424	2.77437e-05	0.00458652	0.19707	0.00973052	0.211707	0.175346	0.00199102	0.00574194	0.00319298	0.00077765	1.6767	0.235346	0.941501	0.0178462	0.701278	0.0903437	0.895752	0.137728	0.599335	0.0554481	0.0661319	0.0317184	0.163718	0.0132104	0.195094	0.100323	-9820.33	4.0	3.63096e-06	-54918.1	7.0	1.78243e-06	1.0	2642.42	83.1431	777.191	47.5681	0.227274	0.0124836	1137.51	82.9756	
1.6-2.4	6.5-30.0	10.0-20.0	0.000-1.571	0.008	0.16	1700.0	1700.0	814.345	34.8996	885.647	35.906	-0.308392	0.132225	-0.05	0.0	0.652823	0.0	3.0911	0.0	0.0569301	0.0	0.0325202	0.00460377	0.03	0.0	1.492	0.0	5.0	0.0	1.733	0.0	0.0498296	0.000521555	2.91966e-05	0.00458585	0.184363	0.0186885	0.211707	0.0	0.00199102	0.0	0.00386233	0.00164359	1.6767	0.0	0.938099	0.0364845	0.508842	0.124883	0.907246	0.0531471	0.298088	0.197063	0.0229271	0.0099442	0.115252	0.0179609	0.232009	0.0759806	-2409.91	4.0	5.25525e-07	-11665.5	4.0	5.66964e-08	1.0	628.341	34.8072	186.005	23.4512	0.22841	0.0270829	1135.3	11.8824	
1.6-2.4	6.5-30.0	20.0-30.0	0.000-1.571	0.008	0.136	1121.0	1117.0	625.96	28.7936	490.841	26.3428	-0.727059	0.180926	-0.05	0.0	0.652823	0.0	3.0911	0.0	0.0569301	0.0	0.0258922	0.00360987	0.03	0.0	1.492	0.0	5.0	0.0	1.733	0.0	0.0484621	0.000334796	6.70209e-05	0.882424	0.211569	0.0224907	0.211707	0.0	0.00199102	0.0	0.00343962	0.0016417	1.6767	0.0	0.763686	0.0404338	0.821591	0.225541	0.313016	0.178037	0.238274	0.249393	0.107482	0.0811507	0.176088	0.040151	0.0392787	0.0175348	-1824.85	4.0	4.69068e-05	-7342.92	4.0	4.26762e-05	1.0	472.966	27.9055	152.994	18.8393	0.244414	0.0279179	1027.09	11.8497	
1.6-2.4	6.5-30.0	30.0-40.0	0.000-1.571	0.008	0.12	689.0	688.0	423.532	23.4477	264.45	19.7668	-0.513523	0.24489	-0.05	0.0	0.652823	0.0	3.0911	0.0	0.0569301	0.0	0.0281362	0.00466742	0.03	0.0	1.492	0.0	5.0	0.0	1.733	0.0	0.0488944	0.000466233	7.90451e-05	0.000185159	0.164927	0.0202533	0.211707	0.0	0.00199102	0.0	0.00130682	0.00213608	1.6767	0.0	0.850705	0.0478661	0.7406	0.131685	1.0	43.6671	0.639154	0.0696076	0.0134205	0.0137622	0.195023	0.02262	0.0241432	211.559	-1182.78	4.0	7.71434e-06	-4236.35	4.0	8.30084e-07	1.0	295.378	23.4774	128.154	18.2787	0.302584	0.0397741	1079.66	14.8655	
1.6-2.4	6.5-30.0	40.0-50.0	0.000-1.571	0.008	0.136	416.0	415.0	275.274	18.3993	139.763	14.2487	-0.943032	0.343287	-0.05	0.0	0.652823	0.0	3.0911	0.0	0.0569301	0.0	0.0297676	0.00489923	0.03	0.0	1.492	0.0	5.0	0.0	1.733	0.0	0.0492286	0.00051425	6.70209e-05	0.882424	0.177821	0.0275829	0.211707	0.0	0.00199102	0.0	0.000445428	0.00227349	1.6767	0.0	0.649933	0.0532598	0.595954	0.31616	0.738357	0.349161	0.160174	0.577655	0.0438784	0.0205937	0.227193	0.0548913	0.030005	0.0421904	-745.319	4.0	1.86522e-05	-2379.42	4.0	4.26982e-06	1.0	201.246	18.0085	74.0286	12.9558	0.268927	0.0434975	963.412	14.1617	
1.6-2.4	6.5-30.0	50.0-100.0	0.000-1.571	0.008	0.088	365.0	358.0	283.55	18.273	74.5777	11.1783	-0.0931938	0.464184	-0.05	0.0	0.652823	0.0	3.0911	0.0	0.0569301	0.0	0.0451242	0.00743879	0.03	0.0	1.492	0.0	5.0	0.0	1.733	0.0	0.0531295	0.00109672	7.21792e-05	0.000182081	0.178945	0.0317723	0.211707	0.0	0.00199102	0.0	0.00496289	0.00283215	1.6767	0.0	0.817486	0.0618628	0.620939	0.380521	0.738118	0.742807	8.22661e-07	0.747587	0.0518165	0.0376484	0.212268	0.065743	0.0240285	0.121315	-737.626	4.0	6.70314e-07	-2064.96	4.0	8.59953e-05	1.0	224.589	18.441	58.9608	12.0429	0.207938	0.0403026	1059.24	18.8181	
2.0-2.4	6.5-30.0	0.0-100.0	0.000-1.571	0.008	0.152	1551.0	1550.0	896.892	43.056	653.128	40.102	-0.395641	0.161077	-0.05	0.0	0.475994	0.107105	3.09083	0.00256682	0.0420084	0.00529218	0.08	0.0606379	0.03	0.0	1.492	0.0	5.0	0.0	1.733	0.0	0.0647583	0.0197369	7.87116e-05	0.000484264	0.183397	0.0169794	0.0616687	0.0610904	-0.00999983	0.0176875	0.0026441	0.00143545	2.1655	0.541626	0.935138	0.0304949	0.777629	0.0322039	0.999996	6.56892	0.636377	0.0220445	0.0999512	0.0135214	0.175976	0.0105206	0.12559	21.9846	-2284.11	4.0	8.24667e-05	-10562.1	7.0	9.41052e-05	1.0	661.199	39.7394	235.693	26.4523	0.262789	0.0266591	1053.44	66.3235	
