weightedEff_Lxyz_pTtune_PRMC
rap	pT	cent	dPhi	ctauErrMin	ctauErrMax	NoCutEntry	CutEntry	NSig	NSigErr	NBkg	NBkgErr	coefExp	coefExpErr	coefPol1	coefPol1Err	coeffGaus	coeffGausErr	meanSig1	meanSig1Err	sigmaSig1	sigmaSig1Err	sigmaSig2	sigmaSig2Err	sigmaSig3	sigmaSig3Err	alpha	alphaErr	enne	enneErr	enneW	enneWErr	sigWidth	sigWidthErr	Gmc	GmcErr	bTau	bTauErr	fracRes	fracResErr	meanResSigW	meanResSigWErr	meanResSigN	meanResSigNErr	sigmaResSigW	sigmaResSigWErr	sigmaResSigN	sigmaResSigNErr	fpm	fpmErr	fLiving	fLivingErr	fbkgCtTot	fbkgCtTotErr	lambdam	lambdamErr	lambdap	lambdapErr	lambdap2	lambdap2Err	lambdasym	lambdasymErr	NLL	nFitPar	EDM	NLLMass	nFitParMass	EDMMass	Prob	PROMPT	PROMPTErr	NON-PROMPT	NON-PROMPTErr	Bfraction	BfractionErr	Resolution	ResolutionErr	
0.0-0.4	6.5-30.0	0.0-100.0	0.000-1.571	0.016	0.064	4569.0	4533.0	3033.13	61.2711	1499.94	47.1263	-0.221919	0.103052	-0.05	0.0	0.406941	0.0877593	3.09351	0.000422496	0.0203484	0.00159264	0.017762	0.00119961	0.03	0.0	1.492	0.0	5.0	0.0	1.733	0.0	0.0188574	0.000497685	1.00026e-05	0.00176926	0.281584	0.0104538	0.694775	0.303579	-0.00218903	0.0024479	0.00155185	0.00135513	1.32766	0.111972	0.672456	0.0345048	0.635389	0.00200053	1.0	1.18591	0.379634	0.00208059	0.0621804	0.000406416	0.210307	0.000900344	1.31349	28.6638	-9233.22	4.0	5.98818e-07	-38784.1	7.0	4.50534e-06	1.0	2033.28	53.5625	999.85	39.8728	0.329643	0.0113344	1167.34	96.0493	
0.0-1.2	6.5-30.0	0.0-10.0	0.000-1.571	0.008	0.088	6827.0	6823.0	3610.3	70.9184	3212.66	68.0531	0.0178664	0.0689333	-0.05	0.0	0.470225	0.0	3.09267	0.0	0.0212073	0.0	0.0331921	0.001351	0.03	0.0	1.492	0.0	5.0	0.0	1.733	0.0	0.0281983	0.000421239	1.12992e-05	0.000388937	0.215015	0.00789692	0.282557	0.0	0.00228371	0.0	0.00136657	0.000728206	1.58042	0.0	0.922097	0.0215629	0.674991	0.16782	0.560176	0.146871	0.501462	0.064213	0.0408495	0.0198767	0.224105	0.023419	0.129078	0.0221027	-11068.6	4.0	7.48234e-07	-58004.6	4.0	9.8794e-06	1.0	2421.57	63.5575	1188.73	48.1885	0.329262	0.0116758	1147.07	6.21802	
0.0-1.2	6.5-30.0	0.0-100.0	0.000-1.571	0.008	0.105	18341.0	18336.0	11528.6	126.416	6807.53	106.102	-0.0271199	0.0494229	-0.05	0.0	0.470225	0.0529034	3.09267	0.000301697	0.0212073	0.000643072	0.0324172	0.0014469	0.03	0.0	1.492	0.0	5.0	0.0	1.733	0.0	0.0277166	0.000544615	1.16782e-05	0.000130175	0.291393	0.00565984	0.282557	0.19576	0.00228371	0.00264771	0.000230776	0.000387444	1.58042	0.170805	0.850704	0.0113328	0.594755	0.0386304	0.922576	0.0193691	0.428117	0.0344236	0.0538269	0.00598407	0.192665	0.0101907	0.330323	0.06573	-32484.4	4.0	6.9428e-05	-177637.0	7.0	3.38609e-05	1.0	7806.24	108.926	3722.35	78.7645	0.32288	0.00584316	1106.78	85.7361	
0.0-1.2	6.5-30.0	10.0-20.0	0.000-1.571	0.008	0.088	4343.0	4341.0	2619.57	58.3783	1721.44	50.0986	-0.0665788	0.0944677	-0.05	0.0	0.470225	0.0	3.09267	0.0	0.0212073	0.0	0.0326112	0.00140469	0.03	0.0	1.492	0.0	5.0	0.0	1.733	0.0	0.0278369	0.000435899	1.12992e-05	0.000388937	0.331917	0.0129322	0.282557	0.0	0.00228371	0.0	-0.000568266	0.000828526	1.58042	0.0	0.843252	0.0249861	0.489364	0.0998276	0.898227	0.03112	0.304531	0.116307	0.0377518	0.00827971	0.17646	0.017773	0.349024	0.0722743	-6963.73	4.0	1.34648e-07	-35560.6	4.0	8.55238e-07	1.0	1713.03	49.8593	906.531	37.9038	0.346062	0.0122429	1102.68	6.85432	
0.0-1.2	6.5-30.0	20.0-30.0	0.000-1.571	0.008	0.105	3026.0	3024.0	2021.65	49.4351	1002.43	37.7439	0.189043	0.12459	-0.05	0.0	0.470225	0.0	3.09267	0.0	0.0212073	0.0	0.0306545	0.00138047	0.03	0.0	1.492	0.0	5.0	0.0	1.733	0.0	0.0266329	0.000420885	1.16782e-05	0.000130175	0.306298	0.0140575	0.282557	0.0	0.00228371	0.0	0.00138526	0.000883152	1.58042	0.0	0.814149	0.0256689	0.523257	0.287334	0.999999	1.93033	0.354667	0.327016	0.0458019	0.0238425	0.204705	0.0272334	0.0385621	46.2368	-5760.87	4.0	2.8933e-06	-24143.0	4.0	9.12594e-06	1.0	1379.4	43.3957	642.249	31.4976	0.317685	0.0135053	1086.88	6.89746	
0.0-1.2	6.5-30.0	30.0-40.0	0.000-1.571	0.008	0.064	1831.0	1830.0	1321.74	39.9469	508.215	27.9699	-0.493876	0.17724	-0.05	0.0	0.470225	0.0	3.09267	0.0	0.0212073	0.0	0.034254	0.00200716	0.03	0.0	1.492	0.0	5.0	0.0	1.733	0.0	0.0288633	0.000630972	1.32366e-05	0.000329048	0.298788	0.0177731	0.282557	0.0	0.00228371	0.0	-0.00124978	0.00111527	1.58042	0.0	0.830999	0.0297569	0.589746	0.0356254	0.999999	13.8762	0.41885	0.100181	0.0656304	0.00905098	0.192583	0.0152815	0.0202536	135.529	-3865.73	4.0	2.78455e-06	-13891.7	4.0	3.62513e-06	1.0	946.92	35.6397	374.823	24.0727	0.283582	0.0160702	1095.99	8.09358	
0.0-1.2	6.5-30.0	40.0-50.0	0.000-1.571	0.016	0.048	1281.0	1267.0	1036.23	33.9673	230.666	18.6632	-0.188182	0.26391	-0.05	0.0	0.470225	0.0	3.09267	0.0	0.0212073	0.0	0.0322906	0.00181736	0.03	0.0	1.492	0.0	5.0	0.0	1.733	0.0	0.0276382	0.000562429	1.43354e-05	8.22848e-05	0.392017	0.0205353	0.282557	0.0	0.00228371	0.0	-0.00244185	0.00136936	1.58042	0.0	0.767206	0.0380636	0.61444	0.0652112	0.877368	0.0397428	2.47661e-07	0.0527221	0.0226156	0.00641835	0.1	0.00169187	1.06533	0.364322	-2458.18	4.0	2.67437e-06	-9452.07	4.0	7.3469e-05	1.0	593.887	27.5385	442.347	24.2825	0.426879	0.0187969	1062.09	9.86317	
0.0-1.2	6.5-30.0	50.0-100.0	0.000-1.571	0.008	0.056	1029.0	1026.0	897.91	31.364	128.051	14.6255	-0.238607	0.358867	-0.05	0.0	0.470225	0.0	3.09267	0.0	0.0212073	0.0	0.031222	0.00178589	0.03	0.0	1.492	0.0	5.0	0.0	1.733	0.0	0.0269799	0.000547439	1.34486e-05	0.000306561	0.247158	0.0196433	0.282557	0.0	0.00228371	0.0	0.000795543	0.00115605	1.58042	0.0	0.740657	0.0347375	0.640686	0.0751438	1.0	0.0707593	0.00026758	0.613131	0.00707295	3.0828e-08	0.21659	0.0335813	0.0200013	1.07403	-2830.07	4.0	1.40539e-07	-7651.95	4.0	5.82821e-05	1.0	676.17	29.2594	221.74	18.9278	0.246951	0.0192342	1048.48	8.80261	
0.0-2.4	10.0-13.0	0.0-100.0	0.000-1.571	0.016	0.136	5936.0	5935.0	4362.66	74.6438	1572.46	52.7369	-0.530254	0.105142	-0.05	0.0	0.358633	0.072933	3.09203	0.000601981	0.0212093	0.00183353	0.0415347	0.00235463	0.03	0.0	1.492	0.0	5.0	0.0	1.733	0.0	0.0356057	0.00111387	1.25623e-05	9.06713e-05	0.238477	0.00775366	0.0553227	0.0789039	0.000211463	0.0144846	0.000204221	0.000549881	2.09405	0.553677	0.914731	0.0163137	0.662973	0.0454214	0.914336	0.720441	0.229206	0.124316	0.0425481	0.018475	0.193217	0.0191648	0.0834479	0.0727211	-11861.6	4.0	1.20055e-06	-51372.7	7.0	2.26562e-05	1.0	2983.48	67.0599	1379.17	49.4784	0.316131	0.00996844	1016.38	76.0676	
0.0-2.4	10.0-30.0	0.0-100.0	0.000-1.571	0.008	0.136	9219.0	9217.0	6861.45	93.4109	2355.62	64.9576	-0.544673	0.0863259	-0.05	0.0	0.407318	0.0570302	3.09272	0.000471859	0.0218858	0.00134743	0.0433692	0.0020736	0.03	0.0	1.492	0.0	5.0	0.0	1.733	0.0	0.0361921	0.000935279	1.01973e-05	0.00191321	0.225327	0.00570061	0.0473596	0.058793	-0.000901407	0.00750486	-0.00033297	0.000418443	2.0393	0.463163	0.936737	0.0133814	0.7988	0.071408	0.872406	0.160334	0.30044	0.0934388	0.0567252	0.00967622	0.20298	0.010601	0.0325362	0.0250701	-18812.3	4.0	1.86791e-06	-84050.1	7.0	2.74495e-05	1.0	4530.88	83.3605	2330.57	64.4274	0.339662	0.00817222	1016.31	52.6387	
0.0-2.4	11.0-13.0	0.0-100.0	0.000-1.571	0.016	0.105	3088.0	3086.0	2332.24	54.0974	753.826	36.716	-0.68715	0.15352	-0.05	0.0	0.433767	0.0855212	3.09258	0.000824548	0.0221981	0.00207934	0.0468929	0.00392867	0.03	0.0	1.492	0.0	5.0	0.0	1.733	0.0	0.0381949	0.00168689	4.93653e-05	0.000238442	0.254525	0.0108009	0.0327913	0.0389773	-0.000379609	0.0145213	0.00088681	0.000756979	2.53147	0.73527	0.938699	0.0233244	0.735866	0.114946	0.668297	0.0879043	1.08771e-05	0.1301	0.057808	0.014649	0.202594	0.0158422	0.02	0.00658373	-6102.03	4.0	3.40536e-05	-24784.6	7.0	1.39183e-05	1.0	1540.33	47.9009	791.909	36.8153	0.339548	0.0136801	1030.73	60.9306	
0.0-2.4	13.0-16.0	0.0-100.0	0.000-1.571	0.008	0.08	1962.0	1957.0	1539.0	44.0134	418.174	28.5742	-0.359439	0.207443	-0.05	0.0	0.52803	0.0972358	3.09386	0.000993767	0.0236902	0.00259121	0.0532254	0.00545944	0.03	0.0	1.492	0.0	5.0	0.0	1.733	0.0	0.0404154	0.00221508	1.00002e-05	0.000966722	0.242123	0.0133285	0.0326157	0.0670782	-0.00999634	0.0183094	0.00162955	0.000907994	1.86063	0.773549	1.00481	0.0295984	0.943484	0.172402	0.670655	0.209257	0.106164	0.0642278	0.045527	0.0281479	0.182872	0.0211704	0.0412006	0.0101347	-4208.8	4.0	1.00051e-05	-14953.3	7.0	6.92747e-05	1.0	1055.88	39.7407	483.113	29.2977	0.313914	0.0167871	1043.86	47.4086	
0.0-2.4	13.0-30.0	0.0-100.0	0.000-1.571	0.008	0.105	3282.0	3282.0	2502.53	56.1051	779.483	37.7435	-0.575945	0.149638	-0.05	0.0	0.480966	0.0774203	3.09399	0.000758199	0.0227067	0.00179686	0.0469234	0.00353721	0.03	0.0	1.492	0.0	5.0	0.0	1.733	0.0	0.0372933	0.00147279	2.10356e-05	0.0045896	0.205666	0.00829194	0.0347602	0.122355	-0.00537756	0.015369	-0.000716158	0.000650947	1.80759	0.989032	0.961967	0.0232019	0.999992	8.47843	0.700023	0.124309	0.341014	0.124055	0.00732128	9.8195	0.231506	0.0146586	0.0437844	0.00898019	-6965.13	4.0	2.15734e-05	-26682.4	7.0	4.52279e-06	1.0	1547.9	49.4044	954.626	41.1648	0.381464	0.0140513	1003.39	78.56	
0.0-2.4	16.0-30.0	0.0-100.0	0.000-1.571	0.008	0.064	1319.0	1318.0	968.168	34.8614	349.855	24.4342	-0.819304	0.223478	-0.05	0.0	0.253689	0.180154	3.09445	0.00128185	0.0201215	0.00415864	0.0347882	0.00437473	0.03	0.0	1.492	0.0	5.0	0.0	1.733	0.0	0.0317161	0.00215083	5.46616e-05	1.05755	0.181034	0.0106748	0.461092	0.573416	0.00155876	0.00498774	-0.00322915	0.00122515	1.33655	0.440517	0.741387	0.0431031	0.706851	0.838471	0.964253	0.0646282	0.362767	0.681149	0.00706904	0.00978808	0.264814	0.0294419	0.0609197	0.0575197	-2783.54	4.0	4.61348e-06	-9469.83	7.0	2.15836e-05	1.0	544.889	28.7884	423.279	26.0022	0.437196	0.0217597	1058.25	211.151	
0.0-2.4	6.5-30.0	0.0-10.0	0.000-1.571	0.008	0.136	17565.0	17539.0	8009.14	107.743	9530.94	114.586	-0.0547818	0.0400212	-0.05	0.0	0.347442	0.0	3.09257	0.0	0.050849	0.0	0.0262668	0.000584002	0.03	0.0	1.492	0.0	5.0	0.0	1.733	0.0	0.036723	0.000136292	3.37928e-05	7.02542e-05	0.223193	0.00617024	0.192669	0.0	0.00388019	0.0	0.00126307	0.000462916	1.71096	0.0	0.96471	0.0122165	0.964929	0.79525	0.347874	0.102353	0.52059	0.0334459	0.0384307	0.068142	0.218324	0.0125948	0.0847929	0.00617082	-24905.5	4.0	5.65758e-06	-162029.0	4.0	7.23007e-05	1.0	5750.01	100.64	2259.13	71.1951	0.282069	0.00803866	1146.9	4.14802	
0.0-2.4	6.5-30.0	0.0-100.0	0.000-1.571	0.008	0.136	45046.0	44984.0	25087.7	209.531	19896.3	196.743	-0.148877	0.0288443	-0.05	0.0	0.347442	0.0319323	3.09257	0.00027234	0.050849	0.00182705	0.0262999	0.000578564	0.03	0.0	1.492	0.0	5.0	0.0	1.733	0.0	0.0367385	0.00061694	3.37928e-05	7.02542e-05	0.256304	0.00383358	0.192669	0.0807587	0.00388019	0.00252376	0.00186425	0.000259504	1.71096	0.124629	0.916246	0.00683993	0.580014	0.0283641	0.962937	0.0119484	0.498619	0.0235722	0.05716	0.0044559	0.177248	0.00561019	0.308558	0.0688629	-71394.8	4.0	9.04622e-08	-464848.0	7.0	2.3998e-05	1.0	18148.0	184.145	6939.62	119.56	0.276615	0.00416827	1114.35	42.1414	
0.0-2.4	6.5-30.0	0.0-5.0	0.000-1.571	0.008	0.152	9630.0	9625.0	4341.13	79.9698	5284.53	85.664	0.0531532	0.0537069	-0.05	0.0	0.347442	0.0	3.09257	0.0	0.050849	0.0	0.0259461	0.00084321	0.03	0.0	1.492	0.0	5.0	0.0	1.733	0.0	0.036574	0.000195175	1.79985e-05	0.004591	0.221663	0.00836094	0.192669	0.0	0.00388019	0.0	0.00391535	0.000642216	1.71096	0.0	1.00018	0.0171998	0.581932	0.139249	0.759916	0.0840938	0.532244	0.0844869	0.038708	0.0152319	0.159684	0.0116637	0.145888	0.0233626	-13542.1	4.0	1.76625e-06	-83081.0	4.0	4.80756e-05	1.0	3132.34	74.747	1208.79	52.4731	0.278451	0.0109451	1171.17	5.92931	
0.0-2.4	6.5-30.0	10.0-15.0	0.000-1.571	0.008	0.128	5961.0	5943.0	3026.14	65.3453	2916.75	64.5027	-0.157587	0.0725675	-0.05	0.0	0.347442	0.0	3.09257	0.0	0.050849	0.0	0.0265461	0.000947198	0.03	0.0	1.492	0.0	5.0	0.0	1.733	0.0	0.0368539	0.000222611	3.69757e-05	6.79802e-05	0.299825	0.0121302	0.192669	0.0	0.00388019	0.0	0.00434774	0.000754251	1.71096	0.0	0.922481	0.0198354	0.401095	0.0469837	0.853689	0.0816224	0.31964	0.073588	0.0305206	0.0060336	0.158898	0.0157644	0.122162	0.0384671	-8569.87	4.0	8.67055e-05	-48875.3	4.0	3.3579e-06	1.0	2130.92	58.379	895.218	40.798	0.295828	0.0118724	1118.5	6.60367	
0.0-2.4	6.5-30.0	10.0-20.0	0.000-1.571	0.008	0.16	10725.0	10723.0	5708.78	88.3523	5014.24	84.3302	-0.152322	0.0554137	-0.05	0.0	0.347442	0.0	3.09257	0.0	0.050849	0.0	0.0266747	0.000681191	0.03	0.0	1.492	0.0	5.0	0.0	1.733	0.0	0.0369144	0.000160606	1.00282e-05	0.000232918	0.274917	0.00832449	0.192669	0.0	0.00388019	0.0	0.00207932	0.000562999	1.71096	0.0	0.926675	0.014696	0.472374	0.0943955	0.906238	0.0251211	0.371747	0.102063	0.0368656	0.00711084	0.150607	0.0105286	0.260512	0.0436706	-15968.6	4.0	1.1378e-05	-94927.1	4.0	6.29301e-07	1.0	4043.1	80.3101	1665.69	56.5585	0.291776	0.00881832	1121.29	4.90263	
0.0-2.4	6.5-30.0	15.0-20.0	0.000-1.571	0.008	0.16	4763.0	4763.0	2679.47	59.3793	2083.45	54.132	-0.147694	0.0860789	-0.05	0.0	0.347442	0.0	3.09257	0.0	0.050849	0.0	0.0267774	0.000972768	0.03	0.0	1.492	0.0	5.0	0.0	1.733	0.0	0.0369629	0.000229933	1.00282e-05	0.000232918	0.248006	0.0110799	0.192669	0.0	0.00388019	0.0	-0.00212455	0.000841907	1.71096	0.0	0.941022	0.0215312	0.717887	0.0707262	0.874884	0.0436219	0.514307	0.0502079	0.0611397	0.0159405	0.149411	0.0154023	0.356035	0.074602	-7429.7	4.0	1.8042e-07	-38555.9	4.0	8.16529e-05	1.0	1896.06	55.1867	783.402	39.7671	0.292372	0.0133524	1130.9	7.23216	
0.0-2.4	6.5-30.0	20.0-25.0	0.000-1.571	0.008	0.136	4003.0	4000.0	2372.4	54.9852	1627.35	47.7329	-0.282682	0.0977925	-0.05	0.0	0.347442	0.0	3.09257	0.0	0.050849	0.0	0.0249337	0.000905072	0.03	0.0	1.492	0.0	5.0	0.0	1.733	0.0	0.0361115	0.000203898	3.37928e-05	7.02542e-05	0.246381	0.0126375	0.192669	0.0	0.00388019	0.0	0.00201955	0.000778408	1.71096	0.0	0.822166	0.0203434	0.50324	0.155636	0.547437	0.182469	0.202484	0.10697	0.0408836	0.0124296	0.198334	0.0228108	0.043964	0.0119021	-7124.92	4.0	3.14153e-05	-31946.5	4.0	2.70226e-05	1.0	1794.05	51.2655	578.35	32.8462	0.243782	0.0126397	1053.44	6.40907	
0.0-2.4	6.5-30.0	20.0-30.0	0.000-1.571	0.008	0.136	7367.0	7360.0	4492.98	75.1567	2866.46	63.4216	-0.201347	0.0736636	-0.05	0.0	0.347442	0.0	3.09257	0.0	0.050849	0.0	0.0251973	0.000646453	0.03	0.0	1.492	0.0	5.0	0.0	1.733	0.0	0.0362307	0.000146691	3.37928e-05	7.02542e-05	0.266613	0.00923787	0.192669	0.0	0.00388019	0.0	0.00200228	0.000584853	1.71096	0.0	0.844209	0.0154084	0.511826	0.0986169	0.696176	0.166822	0.295658	0.0965165	0.041297	0.00726072	0.179277	0.0144608	0.0389823	0.0133065	-12951.7	4.0	7.6176e-06	-63491.8	4.0	6.14789e-05	1.0	3271.03	69.164	1221.95	46.9847	0.271968	0.00941593	1067.42	4.91918	
0.0-2.4	6.5-30.0	25.0-30.0	0.000-1.571	0.016	0.136	3364.0	3349.0	2108.37	51.123	1240.43	41.7825	-0.0933827	0.11197	-0.05	0.0	0.347442	0.0	3.09257	0.0	0.050849	0.0	0.025401	0.00092659	0.03	0.0	1.492	0.0	5.0	0.0	1.733	0.0	0.0363234	0.000211417	1.09746e-05	1.71091e-07	0.284247	0.0133397	0.192669	0.0	0.00388019	0.0	0.00178599	0.000891896	1.71096	0.0	0.877154	0.0234045	0.530439	1.20055	1.0	0.737582	0.466496	1.15079	0.0391195	0.0716835	0.161881	0.0417774	0.0780648	68.8971	-5802.79	4.0	7.08197e-06	-26371.0	4.0	3.02758e-05	1.0	1463.93	46.3515	644.448	33.6545	0.305661	0.0141373	1088.66	7.61213	
0.0-2.4	6.5-30.0	30.0-35.0	0.000-1.571	0.016	0.12	2539.0	2530.0	1544.09	44.5769	985.772	37.7996	-0.311656	0.125908	-0.05	0.0	0.347442	0.0	3.09257	0.0	0.050849	0.0	0.0260593	0.0012608	0.03	0.0	1.492	0.0	5.0	0.0	1.733	0.0	0.0366265	0.000292687	1.12109e-05	2.82126e-05	0.220363	0.0152692	0.192669	0.0	0.00388019	0.0	0.00141922	0.00103602	1.71096	0.0	0.901806	0.0263386	0.55216	0.0140278	0.999997	1.30236	0.501351	0.0130417	0.053544	0.00226582	0.212513	0.00635393	0.0200314	6.64314	-4588.16	4.0	6.56012e-05	-19083.7	4.0	7.98461e-06	1.0	1191.18	42.617	352.909	27.1557	0.228554	0.0163022	1104.8	8.6785	
0.0-2.4	6.5-30.0	30.0-40.0	0.000-1.571	0.008	0.12	4391.0	4389.0	2865.66	59.4566	1523.01	46.8238	-0.302269	0.101565	-0.05	0.0	0.347442	0.0	3.09257	0.0	0.050849	0.0	0.0254818	0.000826372	0.03	0.0	1.492	0.0	5.0	0.0	1.733	0.0	0.0363603	0.000188959	3.63218e-05	5.72307e-05	0.238182	0.0110294	0.192669	0.0	0.00388019	0.0	0.00158523	0.000743127	1.71096	0.0	0.851655	0.0190245	0.609787	0.0440402	0.790787	0.298361	0.376947	0.22877	0.0684755	0.00927162	0.205708	0.0167007	0.020001	0.0807728	-8210.08	4.0	8.25008e-08	-35910.3	4.0	3.31023e-05	1.0	2134.27	56.1953	731.394	37.7799	0.255227	0.0120734	1072.19	6.09996	
0.0-2.4	6.5-30.0	35.0-40.0	0.000-1.571	0.008	0.12	1852.0	1852.0	1310.51	39.2879	541.408	27.8304	-0.282819	0.170927	-0.05	0.0	0.347442	0.0	3.09257	0.0	0.050849	0.0	0.0249933	0.00110027	0.03	0.0	1.492	0.0	5.0	0.0	1.733	0.0	0.0361384	0.000248282	3.63218e-05	5.72307e-05	0.254939	0.0160787	0.192669	0.0	0.00388019	0.0	0.00183693	0.00106956	1.71096	0.0	0.801666	0.0273498	1.0	0.819991	0.325307	0.0782516	0.396711	0.0588782	0.0723915	0.888539	0.262367	0.0457314	0.0830205	0.0126129	-3620.87	4.0	4.74388e-07	-13784.3	4.0	8.35752e-06	1.0	932.943	36.5957	377.567	26.1747	0.288107	0.0180087	1040.61	8.50516	
0.0-2.4	6.5-30.0	40.0-45.0	0.000-1.571	0.008	0.12	1423.0	1422.0	1039.44	34.8557	382.499	23.6226	-0.378816	0.204344	-0.05	0.0	0.347442	0.0	3.09257	0.0	0.050849	0.0	0.0236895	0.00115769	0.03	0.0	1.492	0.0	5.0	0.0	1.733	0.0	0.0355607	0.000251633	3.63218e-05	5.72307e-05	0.231517	0.0182808	0.192669	0.0	0.00388019	0.0	-0.000643188	0.00123584	1.71096	0.0	0.820353	0.0336008	0.609431	0.130351	0.551505	0.141676	0.050452	0.117147	0.0273012	0.0117579	0.403061	0.0623381	0.0484455	0.0146372	-2913.87	4.0	6.26038e-05	-10297.1	4.0	3.75792e-06	1.0	791.317	33.0267	248.121	21.3509	0.238707	0.0189169	1052.3	10.5738	
0.0-2.4	6.5-30.0	40.0-50.0	0.000-1.571	0.008	0.136	2691.0	2687.0	2047.28	48.4525	639.687	30.66	-0.848233	0.16176	-0.05	0.0	0.347442	0.0	3.09257	0.0	0.050849	0.0	0.0269336	0.000875233	0.03	0.0	1.492	0.0	5.0	0.0	1.733	0.0	0.0370369	0.00020767	3.37928e-05	7.02542e-05	0.329285	0.0144604	0.192669	0.0	0.00388019	0.0	-0.00127353	0.000894323	1.71096	0.0	0.775465	0.0245697	0.614248	0.172535	0.647268	0.179103	1.29479e-05	0.713041	0.0314061	0.00772931	0.310234	0.0312755	0.0385709	0.0104391	-4952.61	4.0	5.37833e-07	-21269.1	4.0	1.3796e-06	1.0	1362.21	42.6475	685.072	32.2851	0.334626	0.013637	1024.45	7.50745	
0.0-2.4	6.5-30.0	45.0-50.0	0.000-1.571	0.016	0.136	1267.0	1264.0	1005.56	33.5751	258.395	19.4977	-1.57312	0.269093	-0.05	0.0	0.347442	0.0	3.09257	0.0	0.050849	0.0	0.0297963	0.00133196	0.03	0.0	1.492	0.0	5.0	0.0	1.733	0.0	0.038441	0.000336858	1.09746e-05	1.71091e-07	0.380509	0.0200791	0.192669	0.0	0.00388019	0.0	-0.00343089	0.00129625	1.71096	0.0	0.714912	0.0360902	0.789039	0.162222	0.662224	0.189638	9.51421e-08	0.749059	0.0303293	0.0176254	0.230491	0.0311058	0.0279999	0.0143336	-2111.66	4.0	1.87076e-05	-9119.91	4.0	2.35246e-05	1.0	556.577	27.4619	448.986	25.1703	0.446502	0.020107	988.252	10.5389	
0.0-2.4	6.5-30.0	5.0-10.0	0.000-1.571	0.016	0.112	7934.0	7874.0	3647.58	72.1707	4226.8	76.0766	-0.173525	0.060192	-0.05	0.0	0.347442	0.0	3.09257	0.0	0.050849	0.0	0.0266201	0.000820716	0.03	0.0	1.492	0.0	5.0	0.0	1.733	0.0	0.0368887	0.000193241	1.59385e-05	0.00459194	0.228652	0.0094038	0.192669	0.0	0.00388019	0.0	8.8635e-05	0.000677291	1.71096	0.0	0.917716	0.0180327	1.0	219.875	0.239976	0.00896908	0.40109	0.00409539	0.0793327	399.351	0.276715	0.00339901	0.0691494	3.75963e-05	-11296.3	4.0	0.000100644	-66496.3	4.0	2.09621e-05	1.0	2616.83	67.0654	1030.75	47.2535	0.282584	0.0116861	1115.33	5.98946	
0.0-2.4	6.5-30.0	50.0-100.0	0.000-1.571	0.008	0.088	2305.0	2288.0	1910.9	46.2841	377.159	24.6692	-0.405829	0.210754	-0.05	0.0	0.347442	0.0	3.09257	0.0	0.050849	0.0	0.026955	0.00101638	0.03	0.0	1.492	0.0	5.0	0.0	1.733	0.0	0.0370471	0.000241285	3.69533e-05	0.0259228	0.21957	0.0131552	0.192669	0.0	0.00388019	0.0	0.00254267	0.000904086	1.71096	0.0	0.833094	0.0245264	0.756089	0.0163684	1.0	1.96932	0.27703	0.0180682	0.030106	0.00333541	0.242382	0.00707356	0.024089	13.1227	-5352.85	4.0	0.000102175	-18121.1	4.0	0.000105549	1.0	1469.86	44.7189	441.041	29.0934	0.230803	0.0141615	1060.35	7.77859	
0.0-2.4	6.5-30.0	50.0-55.0	0.000-1.571	0.016	0.08	822.0	807.0	658.091	27.3564	148.844	15.4648	-0.274542	0.332012	-0.05	0.0	0.347442	0.0	3.09257	0.0	0.050849	0.0	0.0283974	0.00185313	0.03	0.0	1.492	0.0	5.0	0.0	1.733	0.0	0.0377437	0.000454914	1.13115e-05	2.82051e-05	0.185833	0.0208736	0.192669	0.0	0.00388019	0.0	0.00221299	0.00176918	1.71096	0.0	0.916195	0.0514897	0.568939	0.283613	0.858695	0.786735	0.000222962	0.996141	0.0283507	0.0168029	0.213423	0.0411496	0.0242833	0.0535605	-1872.78	4.0	4.0865e-05	-5499.04	4.0	3.10675e-05	1.0	518.204	27.5682	139.887	18.1601	0.212564	0.0261422	1114.32	17.0892	
0.0-2.4	6.5-30.0	50.0-60.0	0.000-1.571	0.016	0.08	1331.0	1311.0	1088.62	35.0494	222.28	19.031	-0.409666	0.274196	-0.05	0.0	0.347442	0.0	3.09257	0.0	0.050849	0.0	0.0285499	0.00142983	0.03	0.0	1.492	0.0	5.0	0.0	1.733	0.0	0.0378186	0.000352186	1.13115e-05	2.82051e-05	0.180741	0.0150915	0.192669	0.0	0.00388019	0.0	0.00292274	0.00130771	1.71096	0.0	0.872012	0.0360224	0.682179	0.821188	0.69767	0.843775	0.00093194	0.519838	0.0217948	0.0228286	0.291074	0.0444139	0.0200092	0.181592	-3052.05	4.0	1.27767e-05	-9608.39	4.0	3.07625e-05	1.0	835.871	34.8885	252.752	23.647	0.232176	0.0203952	1085.32	11.6832	
0.0-2.4	6.5-30.0	55.0-60.0	0.000-1.571	0.016	0.073	509.0	502.0	429.542	21.8615	72.4793	10.9965	-0.717746	0.489156	-0.05	0.0	0.347442	0.0	3.09257	0.0	0.050849	0.0	0.0286105	0.00225793	0.03	0.0	1.492	0.0	5.0	0.0	1.733	0.0	0.0378485	0.000556899	3.69173e-05	0.0282483	0.178286	0.0219946	0.192669	0.0	0.00388019	0.0	0.00442815	0.00188259	1.71096	0.0	0.805967	0.049289	0.595333	0.747677	0.898355	0.941768	0.00906866	0.753969	0.0070618	0.0209726	0.413707	0.100245	0.0200034	0.273702	-1183.62	4.0	1.18109e-05	-3225.51	4.0	3.31763e-05	1.0	319.243	21.2701	110.299	14.8303	0.256783	0.0319568	1043.29	15.3704	
0.0-2.4	6.5-30.0	60.0-100.0	0.000-1.571	0.008	0.088	973.0	966.0	810.293	30.0343	155.675	15.7312	-0.406878	0.326403	-0.05	0.0	0.347442	0.0	3.09257	0.0	0.050849	0.0	0.0245848	0.001507	0.03	0.0	1.492	0.0	5.0	0.0	1.733	0.0	0.0359551	0.00033621	3.69533e-05	0.0259228	0.27132	0.0235753	0.192669	0.0	0.00388019	0.0	0.00194316	0.00125292	1.71096	0.0	0.777722	0.0328642	0.863364	0.0950864	1.0	1.20068	0.259644	0.113891	0.0545945	0.036015	0.194303	0.0322204	0.10603	5.37133	-2282.06	4.0	1.61033e-06	-6859.92	4.0	1.95945e-06	1.0	621.672	28.2637	188.621	17.7973	0.232781	0.0201983	1025.83	10.0575	
0.0-2.4	6.5-30.0	60.0-70.0	0.000-1.571	0.008	0.088	640.0	634.0	538.268	24.3482	95.7336	12.2601	-0.554512	0.417056	-0.05	0.0	0.347442	0.0	3.09257	0.0	0.050849	0.0	0.0233205	0.00172997	0.03	0.0	1.492	0.0	5.0	0.0	1.733	0.0	0.0354012	0.000371832	3.69533e-05	0.0259228	0.296567	0.0309093	0.192669	0.0	0.00388019	0.0	0.00250174	4.8955e-08	1.71096	0.0	0.783048	0.0392937	0.999929	0.727546	0.999995	2.04507	0.493961	0.0551892	0.00704094	4.74225e-07	0.227409	0.0269931	0.0200903	8.73951	-1519.7	4.0	0.0114679	-4261.56	4.0	2.84025e-07	1.0	412.872	22.5767	125.397	13.8958	0.232963	0.0235669	1029.1	12.0691	
0.0-2.4	6.5-30.0	70.0-100.0	0.000-1.571	0.016	0.073	333.0	329.0	268.8	17.4605	60.1484	9.81098	-0.185996	0.516859	-0.05	0.0	0.347442	0.0	3.09257	0.0	0.050849	0.0	0.0262227	0.00271832	0.03	0.0	1.492	0.0	5.0	0.0	1.733	0.0	0.0367025	0.000633684	3.69173e-05	0.0282483	0.219771	0.0334434	0.192669	0.0	0.00388019	0.0	0.00166794	0.00230138	1.71096	0.0	0.819734	0.0614631	0.785754	0.0140268	1.0	7.76541	2.85273e-09	0.00309073	0.0476648	0.00466774	0.152782	0.00410684	0.277189	33.1629	-758.323	4.0	3.45414e-05	-1958.95	4.0	1.80783e-05	1.0	204.992	16.6453	63.8078	10.8138	0.23738	0.0371575	1051.91	19.3344	
0.0-2.4	6.5-7.5	0.0-100.0	0.000-1.571	0.024	0.16	17594.0	17580.0	7403.02	123.953	10177.0	134.581	-0.0437644	0.039029	-0.05	0.0	0.624172	0.0213113	3.08962	0.000599745	0.03	0.000379934	0.07	0.00230784	0.03	0.0	1.492	0.0	5.0	0.0	1.733	0.0	0.0490236	0.000760066	8.17783e-05	0.000350179	0.266252	0.00926498	0.206905	0.0943392	0.00999973	0.00314158	0.00365791	0.000498645	1.88991	0.200807	0.954992	0.0110153	0.480684	0.0276502	0.906547	0.027375	0.582285	0.0343003	0.0598013	0.00634896	0.138131	0.0110677	0.282167	0.042762	-23831.7	4.0	1.26514e-05	-161045.0	7.0	3.28261e-05	1.0	5940.9	113.698	1462.12	60.2653	0.197503	0.0074387	1209.27	61.2937	
0.0-2.4	6.5-8.0	0.0-100.0	0.000-1.571	0.016	0.16	23659.0	23652.0	10389.2	128.782	13262.7	139.483	-0.0570987	0.0359149	-0.05	0.0	0.377677	0.0629289	3.09113	0.000476463	0.045	0.00029243	0.0298858	0.00124884	0.03	0.0	1.492	0.0	5.0	0.0	1.733	0.0	0.0363405	0.000588973	2.99332e-05	0.00458551	0.300095	0.00756486	0.247328	0.092515	0.00999999	0.0035556	0.00298934	0.000430814	1.76918	0.144226	0.911403	0.00980518	0.501807	0.039767	0.918306	0.0284804	0.560009	0.0321933	0.0608072	0.00679106	0.151154	0.00824095	0.249437	0.0451856	-32353.0	4.0	5.47164e-05	-224883.0	7.0	0.000110842	1.0	7951.04	117.714	2438.12	71.1062	0.234679	0.00619528	1182.94	52.352	
0.0-2.4	7.5-8.5	0.0-100.0	0.000-1.571	0.016	0.145	10430.0	10428.0	5968.49	98.3095	4459.65	90.2986	-0.198431	0.0620627	-0.05	0.0	0.568246	0.073975	3.09094	0.000562215	0.0273597	0.0012751	0.0512178	0.00435216	0.03	0.0	1.492	0.0	5.0	0.0	1.733	0.0	0.0394711	0.00152345	8.73167e-05	0.000503063	0.296561	0.0089493	0.237626	0.11755	0.00999999	0.0168041	0.00189682	0.000585262	1.61931	0.149833	0.871073	0.0151317	0.526682	0.0678309	0.797539	0.143467	0.414705	0.0641118	0.0478323	0.0109286	0.201335	0.0155718	0.0924053	0.0212136	-16321.1	4.0	1.15318e-05	-92763.0	7.0	5.33125e-05	1.0	4333.58	86.9431	1634.91	56.4725	0.273923	0.00831673	1096.16	56.6421	
0.0-2.4	8.0-10.0	0.0-100.0	0.000-1.571	0.016	0.152	12167.0	12165.0	7631.93	106.983	4533.04	91.348	-0.163515	0.06002	-0.05	0.0	0.449725	0.0491465	3.09302	0.000454961	0.0464249	0.00204117	0.0226901	0.00102353	0.03	0.0	1.492	0.0	5.0	0.0	1.733	0.0	0.0353919	0.000848176	8.77568e-05	0.000222665	0.239797	0.00655554	0.220504	0.162948	0.000482412	0.00445107	0.0021413	0.000495395	1.61158	0.193941	0.878446	0.0133659	0.618703	0.129803	0.674781	0.131178	0.357543	0.082729	0.0346687	0.00968786	0.250919	0.0144088	0.055496	0.00924843	-21451.8	4.0	9.50486e-06	-111629.0	7.0	2.0985e-05	1.0	5478.53	96.11	2153.39	65.1962	0.282156	0.00757176	1083.61	75.7563	
0.0-2.4	8.5-9.5	0.0-100.0	0.000-1.571	0.016	0.12	5726.0	5714.0	3641.64	72.7581	2072.31	60.9928	-0.18467	0.0881723	-0.05	0.0	0.472794	0.0661749	3.09422	0.000642502	0.0448309	0.00271369	0.0222877	0.00126084	0.03	0.0	1.492	0.0	5.0	0.0	1.733	0.0	0.0348154	0.0011156	6.95629e-05	0.856416	0.23613	0.00852253	0.195184	0.13966	-0.00999942	0.0168092	0.00165961	0.000721148	1.55529	0.186244	0.879149	0.0192829	0.73654	0.193487	0.614433	0.216926	0.311896	0.114868	0.03865	0.0125315	0.225358	0.0177706	0.0398072	0.00992994	-10125.9	4.0	2.56857e-07	-48277.2	7.0	1.01088e-05	1.0	2487.17	64.3757	1154.48	46.9781	0.317021	0.0112382	1046.03	61.5751	
0.0-2.4	9.5-11.0	0.0-100.0	0.000-1.571	0.016	0.136	4923.0	4920.0	3427.39	69.6268	1492.51	53.9413	-0.320587	0.106204	-0.05	0.0	0.371782	0.0711521	3.09228	0.000658057	0.0469017	0.00333591	0.0242222	0.00144595	0.03	0.0	1.492	0.0	5.0	0.0	1.733	0.0	0.0344445	0.00122839	1.00134e-05	0.000394123	0.250567	0.0101068	0.411649	0.288515	0.00222243	0.00388551	-8.64026e-05	0.000760431	1.51563	0.180968	0.712223	0.0216877	0.960653	0.0797242	0.422921	0.077298	0.124772	0.126505	0.106035	0.0967226	0.252288	0.0195315	0.0361955	0.00808476	-9522.43	4.0	5.82377e-06	-41364.7	7.0	1.45332e-05	1.0	2481.01	62.3095	946.378	41.3738	0.276122	0.0106891	1115.38	126.395	
0.4-0.8	6.5-30.0	0.0-100.0	0.000-1.571	0.008	0.073	5085.0	5085.0	3359.42	67.0975	1725.54	53.5495	-0.090205	0.0967146	-0.05	0.0	0.759588	0.0723404	3.09242	0.000500009	0.0226367	0.000772503	0.0375522	0.00448194	0.03	0.0	1.492	0.0	5.0	0.0	1.733	0.0	0.0269861	0.000992262	1.07909e-05	6.48731e-06	0.2841	0.0105732	0.164736	0.163076	-0.00113548	0.00593586	-0.000898867	0.000630208	1.82366	0.359661	0.924169	0.0189525	0.734545	0.067511	0.913331	0.035552	0.486018	0.0509374	0.0644621	0.0207206	0.20313	0.0211023	0.499038	0.140391	-9946.35	4.0	7.6772e-06	-43423.1	7.0	1.38324e-05	1.0	2315.13	58.3311	1044.3	41.2243	0.310856	0.0105847	1123.06	102.016	
0.8-1.2	6.5-30.0	0.0-100.0	0.000-1.571	0.008	0.105	8686.0	8681.0	5151.31	89.0847	3529.99	79.4622	0.102464	0.0701717	-0.05	0.0	0.125037	0.0911941	3.09305	0.000590564	0.0274023	0.00356333	0.032493	0.00120211	0.03	0.0	1.492	0.0	5.0	0.0	1.733	0.0	0.031901	0.000609129	3.76156e-05	0.000218351	0.308469	0.00887318	0.510138	0.279061	0.00698866	0.00378923	-9.4544e-05	0.000702186	1.44442	0.131788	0.709777	0.0190682	0.5187	0.0540142	0.859647	0.0472018	0.440972	0.0482229	0.0484287	0.00739134	0.185407	0.0131353	0.222373	0.0437141	-13559.8	4.0	3.13065e-05	-76051.8	7.0	5.00034e-05	1.0	3489.02	75.2311	1662.29	53.3429	0.322693	0.00872285	1145.04	105.375	
1.2-1.6	6.5-30.0	0.0-10.0	0.000-1.571	0.016	0.136	4856.0	4842.0	1954.87	55.3496	2887.06	63.2122	0.112774	0.0725329	-0.05	0.0	0.436654	0.0	3.09151	0.0	0.0468423	0.0	0.0326406	0.00169726	0.03	0.0	1.492	0.0	5.0	0.0	1.733	0.0	0.0394753	0.0003953	1.84654e-05	0.00459078	0.245369	0.0129047	0.103775	0.0	0.00999984	0.0	0.00251938	0.000829593	2.09199	0.0	0.884801	0.022627	0.707156	0.228123	0.378082	0.168631	0.313467	0.0717623	0.0542741	0.0176686	0.206365	0.0220143	0.055888	0.00766973	-6186.74	4.0	5.8903e-06	-38065.0	4.0	3.01903e-05	1.0	1342.75	50.1324	612.117	36.9897	0.313124	0.0167163	1075.08	8.34486	
1.2-1.6	6.5-30.0	0.0-100.0	0.000-1.571	0.008	0.136	11711.0	11692.0	5973.02	109.789	5718.84	108.601	-0.0552713	0.0556818	-0.05	0.0	0.436654	0.098618	3.09151	0.000674175	0.0468423	0.00294369	0.0318237	0.00169986	0.03	0.0	1.492	0.0	5.0	0.0	1.733	0.0	0.0390978	0.00114009	2.31047e-05	0.000294422	0.224329	0.00726734	0.103775	0.0507441	0.00999984	0.0195355	0.00237103	0.00051486	2.09199	0.256609	0.950486	0.0133508	0.644444	0.0947017	0.539092	0.118691	0.369151	0.0912316	0.0705164	0.0101833	0.207978	0.0145626	0.045743	0.0141288	-17497.3	4.0	1.867e-07	-103914.0	7.0	8.39473e-06	1.0	4339.19	96.882	1633.84	62.6632	0.273536	0.00920776	1124.2	46.6415	
1.2-1.6	6.5-30.0	10.0-20.0	0.000-1.571	0.008	0.128	2585.0	2576.0	1310.7	43.6375	1265.12	43.1095	-0.1658	0.11019	-0.05	0.0	0.436654	0.0	3.09151	0.0	0.0468423	0.0	0.0352787	0.00232632	0.03	0.0	1.492	0.0	5.0	0.0	1.733	0.0	0.0407337	0.00056751	2.94195e-05	0.000284662	0.189768	0.0122887	0.103775	0.0	0.00999984	0.0	0.00275766	0.00119516	2.09199	0.0	1.05201	0.0298612	0.569885	0.0845434	0.844554	0.924801	0.55735	0.347347	0.0979757	0.0192252	0.176282	0.0213815	0.0200017	0.158356	-3840.34	4.0	4.38607e-06	-18945.1	4.0	7.10179e-05	1.0	900.565	41.2723	410.139	31.4785	0.312915	0.0216393	1202.51	11.7064	
1.2-1.6	6.5-30.0	20.0-30.0	0.000-1.571	0.016	0.105	1969.0	1957.0	1116.03	38.1143	840.902	34.3173	-0.121328	0.135448	-0.05	0.0	0.436654	0.0	3.09151	0.0	0.0468423	0.0	0.0284921	0.00180885	0.03	0.0	1.492	0.0	5.0	0.0	1.733	0.0	0.0376222	0.000385859	1.01652e-05	0.000874629	0.233595	0.0173384	0.103775	0.0	0.00999984	0.0	0.000545702	0.00115382	2.09199	0.0	0.958684	0.0272158	0.453113	1.05302	0.668713	3.41022	0.228087	0.398062	0.0265764	0.0147397	0.146485	0.0473758	0.0260069	0.0178185	-3417.01	4.0	1.31408e-06	-14113.4	4.0	1.422e-05	1.0	835.97	35.9189	280.06	23.8025	0.250943	0.0195302	1130.43	10.3429	
1.2-1.6	6.5-30.0	30.0-40.0	0.000-1.571	0.016	0.12	1115.0	1114.0	660.774	29.3851	453.111	25.6087	0.0322992	0.184399	-0.05	0.0	0.436654	0.0	3.09151	0.0	0.0468423	0.0	0.0303198	0.00273311	0.03	0.0	1.492	0.0	5.0	0.0	1.733	0.0	0.0384186	0.000607558	1.0296e-05	0.000975254	0.172547	0.0236079	0.103775	0.0	0.00999984	0.0	0.00474088	0.00151659	2.09199	0.0	0.89682	0.0392099	0.999995	0.746631	0.277496	0.0696735	0.275912	0.106415	0.08309	1.74598	0.313449	0.0579388	0.0748696	0.012517	-1963.46	4.0	6.36347e-05	-7430.91	4.0	2.66425e-05	1.0	535.584	30.277	125.19	19.504	0.18946	0.0282888	1083.97	14.5369	
1.2-1.6	6.5-30.0	40.0-50.0	0.000-1.571	0.016	0.064	608.0	592.0	442.963	22.7247	148.912	14.9136	-1.74401	0.363816	-0.05	0.0	0.436654	0.0	3.09151	0.0	0.0468423	0.0	0.0304798	0.00323217	0.03	0.0	1.492	0.0	5.0	0.0	1.733	0.0	0.0384898	0.000720951	2.95545e-05	0.000300613	0.244499	0.0293856	0.103775	0.0	0.00999984	0.0	-0.00390744	0.0021536	2.09199	0.0	1.04534	0.0586573	0.999898	0.863163	0.996077	0.7412	0.543308	0.12768	0.00874917	4.41331e-06	0.225563	0.0451142	0.0200899	3.49701	-1160.01	4.0	5.53708e-06	-3754.43	4.0	4.60383e-05	1.0	331.608	22.0333	111.355	15.1226	0.251386	0.0316101	1197.29	22.9492	
1.2-1.6	6.5-30.0	50.0-100.0	0.000-1.571	0.016	0.073	575.0	569.0	458.647	22.5791	110.344	12.709	-1.18851	0.394046	-0.05	0.0	0.436654	0.0	3.09151	0.0	0.0468423	0.0	0.0295631	0.00240513	0.03	0.0	1.492	0.0	5.0	0.0	1.733	0.0	0.0380849	0.000525873	1.01642e-05	0.000817577	0.219983	0.0287067	0.103775	0.0	0.00999984	0.0	0.00588663	0.00198268	2.09199	0.0	0.968253	0.0548386	0.705867	0.284422	0.741858	0.30959	2.95975e-05	0.846306	0.0286744	0.0344941	0.327271	0.0615301	0.0200006	0.100804	-1200.42	4.0	6.55674e-05	-3676.04	4.0	3.99672e-06	1.0	359.976	22.1016	98.6717	14.0721	0.215136	0.0287958	1137.71	20.9137	
1.6-2.0	6.5-30.0	0.0-100.0	0.000-1.571	0.008	0.16	10957.0	10955.0	5405.43	111.259	5549.57	111.749	-0.370232	0.0553288	-0.05	0.0	0.548898	0.0954381	3.09102	0.000840723	0.0553765	0.00345637	0.0326701	0.00229513	0.03	0.0	1.492	0.0	5.0	0.0	1.733	0.0	0.0465264	0.00156779	2.61437e-05	0.00458725	0.201497	0.00861496	0.462154	0.274076	0.00485629	0.00340939	0.00176473	0.000765556	1.4787	0.146906	0.816726	0.0172818	0.993469	0.167685	0.339512	0.0533812	0.517495	0.0529821	0.0071429	1.02709	0.19056	0.0132792	0.0615772	0.00603955	-16588.9	4.0	2.67715e-06	-95940.0	7.0	3.31647e-06	1.0	4358.33	102.88	1047.1	54.7859	0.193713	0.00931815	1170.17	98.8296	
1.6-2.4	3.0-30.0	0.0-100.0	0.000-1.571	0.008	0.264	256133.0	256123.0	44770.5	361.065	211353.0	544.737	-0.0288015	0.00849477	-0.05	0.0	0.0490833	0.00717257	3.08944	0.000437029	0.0168509	0.00207162	0.052	0.000925444	0.03	0.0	1.89	0.0	5.0	0.0	1.44	0.0	0.050845	0.000458337	1.05692e-05	6.49144e-05	0.212195	0.00506148	0.19593	0.106578	0.00823221	0.0041731	0.0095863	0.000183248	1.71895	0.159922	0.86679	0.00261581	0.999999	0.209465	0.256588	0.769921	0.547571	1.19859	0.0126977	3.07733e-07	0.180716	0.0588322	2.0	0.0	0.0568116	0.0855591	-261430.0	4.0	3.08508e-05	-2972520.0	7.0	2.89091e-05	1.0	38803.1	369.144	5967.36	201.624	0.133288	0.00437333	1087.68	59.3913	
1.6-2.4	3.0-4.5	0.0-100.0	0.000-1.571	0.048	0.264	187151.0	181708.0	27483.1	456.535	154225.0	578.883	-0.0724022	0.0100599	-0.05	0.0	0.469257	0.0309186	3.08685	0.000732505	0.0382489	0.00132581	0.09	0.000655876	0.03	0.0	1.86	0.0	5.0	0.0	1.38	0.0	0.0706083	0.000778151	8.85777e-05	0.0369611	0.226499	0.00955698	0.10138	0.069762	0.0499998	0.0927704	0.023099	0.000218637	1.84717	0.274775	0.884095	0.00290893	0.0770284	0.00466585	0.642284	0.0178649	4.52846e-11	0.0088105	0.0163288	0.00162527	0.245118	0.00851477	0.9	0.0	0.0721301	0.00162089	-177204.0	4.0	9.10198e-07	-2043320.0	7.0	0.000264787	1.0	25391.7	442.933	2091.43	139.597	0.0760989	0.00491955	1023.86	51.384	
1.6-2.4	3.0-5.5	0.0-100.0	0.000-1.571	0.024	0.264	224008.0	223997.0	31876.1	362.925	192121.0	540.307	0.0124063	0.00893647	-0.05	0.0	6.60955e-08	0.015598	3.08915	0.000563497	0.0394738	0.0538773	0.0492912	0.000655398	0.03	0.0	1.86	0.0	5.0	0.0	1.38	0.0	0.0492912	0.000334872	1.55371e-05	0.00459213	0.231782	0.00768406	0.12561	0.0884383	0.0251242	0.0167429	0.0211232	0.000193724	1.92185	0.271488	0.890287	0.00268534	0.108569	0.00500125	0.659373	0.0188782	7.12583e-09	0.00978268	0.014137	0.00143795	0.210232	0.00547446	0.9	0.0	0.0629431	0.00156714	-221859.0	4.0	8.02383e-05	-2566300.0	7.0	1.55214e-05	1.0	28814.8	359.37	3061.34	150.77	0.0960388	0.00460174	1075.64	66.9665	
1.6-2.4	3.0-6.5	0.0-10.0	0.000-1.571	0.032	0.264	119498.0	119436.0	11750.1	220.065	107685.0	379.912	-0.139147	0.0118118	-0.05	0.0	0.72579	0.0	3.08919	0.0	0.0437771	0.0	0.0473941	0.00299257	0.03	0.0	1.86	0.0	5.0	0.0	1.38	0.0	0.044798	0.000434074	1.3729e-05	0.00459296	0.210202	0.0126859	0.173612	0.0	0.0248858	0.0	0.00957404	0.000281323	1.74699	0.0	0.999538	0.00370075	1.0	0.026421	0.718448	0.0252369	0.849325	0.0046531	0.187063	1.63393	0.195795	0.00485875	2.0	0.0	0.127562	0.00802195	-112198.0	4.0	1.11925e-05	-1291740.0	4.0	0.000175379	1.0	10473.8	225.143	1276.3	113.055	0.108621	0.00940412	1164.25	1.31279	
1.6-2.4	3.0-6.5	0.0-100.0	0.000-1.571	0.032	0.264	241139.0	240993.0	37044.8	535.894	203943.0	671.467	-0.0387945	0.00867498	-0.05	0.0	0.72579	0.0334935	3.08919	0.000526222	0.0437771	0.000890484	0.09	0.00279245	0.03	0.0	1.86	0.0	5.0	0.0	1.38	0.0	0.0601002	0.00106128	1.3729e-05	0.00459296	0.232325	0.00688719	0.173612	0.119569	0.0248858	0.0127777	0.00866639	0.000192251	1.74699	0.202728	0.980238	0.00254271	1.0	0.00126616	0.74015	0.0174255	0.831953	0.00367027	0.0351656	2.04377	0.163906	0.00295217	0.9	0.0	0.121203	0.00578772	-240086.0	4.0	1.50941e-05	-2779740.0	7.0	0.00179097	1.0	33156.6	508.177	3888.22	177.049	0.10496	0.0045317	1150.61	60.5477	
1.6-2.4	3.0-6.5	0.0-20.0	0.000-1.571	0.032	0.264	196610.0	196510.0	24993.4	328.083	171516.0	504.12	-0.0444386	0.00938225	-0.05	0.0	0.72579	0.0	3.08919	0.0	0.0437771	0.0	0.09	0.00234955	0.03	0.0	1.86	0.0	5.0	0.0	1.38	0.0	0.0601002	0.000482398	1.3729e-05	0.00459296	0.219113	0.00930478	0.173612	0.0	0.0248858	0.0	0.00980519	0.000215044	1.74699	0.0	0.984512	0.00281148	1.0	195.836	0.737272	0.257165	0.844811	0.00703906	0.149117	349.34	0.173509	0.0119091	2.0	0.0	0.116531	0.0564875	-192900.0	4.0	4.3594e-06	-2224390.0	4.0	2.56468e-05	1.0	22634.3	332.329	2359.15	152.067	0.0943908	0.00595679	1153.62	0.991394	
1.6-2.4	3.0-6.5	10.0-20.0	0.000-1.571	0.024	0.209	77111.0	76984.0	12160.4	184.209	64823.4	294.269	0.133006	0.0152301	-0.05	0.0	0.72579	0.0	3.08919	0.0	0.0437771	0.0	0.09	0.000635159	0.03	0.0	1.86	0.0	5.0	0.0	1.38	0.0	0.0601002	0.000130407	1.37782e-05	0.00459294	0.229797	0.012919	0.173612	0.0	0.0248858	0.0	0.00962806	0.000331005	1.74699	0.0	0.958592	0.00430825	1.0	0.00219563	0.768862	0.157524	0.823131	0.0364875	0.0108677	6.77018e-08	0.133668	0.0174524	2.0	0.0	0.0923918	0.0414057	-81150.0	4.0	6.50435e-06	-800325.0	4.0	2.17054e-06	1.0	11158.2	189.875	1002.16	87.8211	0.0824119	0.00711319	1135.44	1.50288	
1.6-2.4	3.0-6.5	20.0-30.0	0.000-1.571	0.032	0.192	23624.0	23585.0	4707.81	148.445	18877.2	190.242	-0.0983603	0.0285874	-0.05	0.0	0.72579	0.0	3.08919	0.0	0.0437771	0.0	0.0885722	0.0556001	0.03	0.0	1.86	0.0	5.0	0.0	1.38	0.0	0.0595157	0.0113448	1.37746e-05	0.00459294	0.236007	0.0139123	0.173612	0.0	0.0248858	0.0	0.00364845	0.000615986	1.74699	0.0	0.981784	0.00835552	1.0	0.061297	0.678507	0.288057	0.756163	0.0784731	0.0122258	1.4867e-06	0.121738	0.0525748	2.0	0.0	0.135152	0.101956	-23916.3	4.0	5.74845e-06	-217753.0	4.0	3.25241e-07	1.0	3998.55	138.975	709.259	62.5912	0.150656	0.0124175	1151.7	2.94309	
1.6-2.4	3.0-6.5	20.0-40.0	0.000-1.571	0.024	0.192	35056.0	35042.0	7827.16	382.193	27214.8	406.294	-0.0742061	0.0251559	-0.05	0.0	0.729908	0.0	3.08922	0.0	0.0438144	0.0	0.0829036	0.0213719	0.03	0.0	1.86	0.0	5.0	0.0	1.38	0.0	0.0570749	0.00419231	1.37746e-05	0.00459294	0.240004	0.0112993	0.173641	0.0	0.0248856	0.0	0.00396811	0.000498179	1.74699	0.0	0.978397	0.00685673	1.0	0.00835547	0.700895	0.185336	0.761325	0.0519555	0.0207399	1.37169e-05	0.121032	0.0320014	2.0	0.0	0.132933	0.0674089	-36611.4	4.0	9.92554e-05	-337977.0	4.0	1.68833e-07	1.0	6710.44	335.666	1116.73	90.9992	0.142673	0.00930764	1149.34	2.41169	
1.6-2.4	3.0-6.5	30.0-40.0	0.000-1.571	0.032	0.152	11432.0	11371.0	3038.91	111.819	8331.79	133.352	-0.00865869	0.0429321	-0.05	0.0	0.72579	0.0	3.08919	0.0	0.0437771	0.0	0.0625521	0.0117843	0.03	0.0	1.86	0.0	5.0	0.0	1.38	0.0	0.0496372	0.00203607	1.3843e-05	0.00459291	0.246	0.0191846	0.173612	0.0	0.0248858	0.0	0.00446967	0.000852111	1.74699	0.0	0.968454	0.0119998	1.0	0.828682	0.749951	8.19454e-05	0.769953	2.5136e-05	0.0109353	30.9137	0.118536	1.11858e-05	2.0	0.0	0.122639	2.62894e-05	-12699.5	4.0	3.90077e-05	-97333.8	4.0	0.000287552	1.0	2630.16	106.033	408.751	45.8588	0.134506	0.0142559	1142.34	4.20352	
1.6-2.4	3.0-6.5	40.0-100.0	0.000-1.571	0.024	0.168	9473.0	9473.0	3938.91	83.6344	5534.18	92.6746	0.375076	0.052453	-0.05	0.0	0.72579	0.0	3.08919	0.0	0.0437771	0.0	0.061393	0.00434295	0.03	0.0	1.86	0.0	5.0	0.0	1.38	0.0	0.0492387	0.000742421	1.33924e-05	0.00459311	0.255082	0.0181095	0.173612	0.0	0.0248858	0.0	0.0049014	0.000837428	1.74699	0.0	0.889614	0.0119597	1.0	0.0738016	0.894995	0.0461192	0.774482	0.018624	0.0101523	3.27658e-06	0.164015	0.0161809	2.0	0.0	0.212808	0.102328	-12088.3	4.0	4.8031e-06	-80711.5	4.0	3.31248e-05	1.0	3461.89	85.4529	477.013	44.7398	0.121103	0.0110635	1088.06	4.0404	
1.6-2.4	3.0-6.5	40.0-50.0	0.000-1.571	0.032	0.145	5676.0	5648.0	1993.01	59.1951	3655.24	71.8734	0.431294	0.0643932	-0.05	0.0	0.72579	0.0	3.08919	0.0	0.0437771	0.0	0.0520615	0.00468374	0.03	0.0	1.86	0.0	5.0	0.0	1.38	0.0	0.0461968	0.000723686	1.39771e-05	0.00459285	0.246308	0.0206653	0.173612	0.0	0.0248858	0.0	0.00123249	0.00103862	1.74699	0.0	0.805701	0.0156638	1.0	4.8831	0.889655	0.0377265	0.652707	0.0721552	0.0331395	4.59987	0.0834527	0.0207285	2.0	0.0	0.271682	0.0538696	-7058.7	4.0	1.1906e-06	-44892.9	4.0	2.11801e-05	1.0	1680.02	59.4439	312.986	33.6167	0.157042	0.0162096	1032.62	5.04992	
1.6-2.4	3.0-6.5	50.0-100.0	0.000-1.571	0.032	0.168	3796.0	3789.0	1973.97	59.1337	1815.09	57.7723	0.324161	0.0922172	-0.05	0.0	0.72579	0.0	3.08919	0.0	0.0437771	0.0	0.0771808	0.00767235	0.03	0.0	1.86	0.0	5.0	0.0	1.38	0.0	0.0549942	0.0014763	1.33924e-05	0.00459311	0.275771	0.0289962	0.173612	0.0	0.0248858	0.0	0.0055444	0.0013729	1.74699	0.0	0.9533	0.018308	0.941438	0.00129941	1.0	2.05016	0.760343	0.00121637	0.196519	0.00336625	0.170531	0.000744682	2.0	0.0	0.0306507	12.7002	-5150.2	4.0	2.26778e-06	-29192.2	4.0	0.000132619	1.0	1766.83	60.1988	207.134	29.3419	0.104933	0.0145283	1131.75	6.37195	
1.6-2.4	4.5-5.5	0.0-100.0	0.000-1.571	0.024	0.184	36856.0	36782.0	7518.27	194.37	29263.7	243.933	-0.405212	0.0251673	-0.05	0.0	0.194386	0.242043	3.09088	0.00100585	0.0688033	0.0171217	0.0452218	0.00434732	0.03	0.0	1.86	0.0	5.0	0.0	1.38	0.0	0.0506724	0.00422587	2.30218e-05	0.000291032	0.219377	0.0104753	0.230492	0.240963	0.0112379	0.0129968	0.00853651	0.000497775	1.78872	0.370595	0.981125	0.00763101	0.995665	6.10228	0.358192	0.141785	0.727823	0.066783	0.00998384	5.19321	0.208193	0.0109964	0.9	0.0	0.0744781	0.0102885	-38206.5	4.0	1.65376e-06	-356206.0	7.0	0.000193901	1.0	6259.96	180.146	1258.31	85.5526	0.167368	0.0105245	1215.81	127.429	
1.6-2.4	5.5-6.5	0.0-100.0	0.000-1.571	0.032	0.168	17131.0	16983.0	5225.91	150.779	11756.9	164.69	-0.489925	0.0399292	-0.05	0.0	0.0202007	0.680904	3.09311	0.00169324	0.0227909	0.177942	0.0525899	0.013281	0.03	0.0	1.86	0.0	5.0	0.0	1.38	0.0	0.0521567	0.00986928	1.49587e-05	0.00459239	0.221145	0.0109667	0.433295	0.409181	0.0163991	0.0173772	0.00499444	0.000783709	1.45247	0.191912	0.805227	0.0136876	1.0	0.00233654	0.175872	0.0231497	0.487343	0.050469	0.418726	1.11008	0.248141	0.0157595	0.9	0.0	0.0616177	0.00413954	-19422.1	4.0	7.04801e-07	-152436.0	7.0	0.0159436	1.0	4344.82	136.198	881.094	59.0056	0.168601	0.0101893	1132.06	142.44	
1.6-2.4	6.5-30.0	0.0-10.0	0.000-1.571	0.008	0.152	5880.0	5879.0	2448.54	62.555	3430.5	69.9636	-0.312833	0.0670844	-0.05	0.0	0.656002	0.0	3.09084	0.0	0.0575523	0.0	0.0313192	0.00252871	0.03	0.0	1.492	0.0	5.0	0.0	1.733	0.0	0.0501027	0.000271879	2.77437e-05	0.00458652	0.22277	0.0157795	0.211707	0.0	0.00199102	0.0	0.00304972	0.000911081	1.6767	0.0	1.03554	0.0206558	0.999999	6.04923	0.34618	0.00888279	0.582746	0.00375993	0.0799539	10.435	0.199262	0.00227342	0.0719546	0.000645437	-8038.97	4.0	1.70435e-05	-47216.7	4.0	3.54014e-06	1.0	2049.84	61.7696	398.703	34.3034	0.162833	0.0133778	1200.21	7.02443	
1.6-2.4	6.5-30.0	0.0-100.0	0.000-1.571	0.008	0.152	14994.0	14985.0	7523.71	138.779	7460.72	138.506	-0.386377	0.0494011	-0.05	0.0	0.656002	0.102015	3.09084	0.000741175	0.0575523	0.00278818	0.0308211	0.00393346	0.03	0.0	1.492	0.0	5.0	0.0	1.733	0.0	0.0499964	0.00165359	2.77437e-05	0.00458652	0.193192	0.00684522	0.211707	0.175346	0.00199102	0.00574194	0.00268983	0.000510721	1.6767	0.235346	0.911664	0.0115648	0.857479	0.175959	0.520715	0.190615	0.551869	0.049707	0.066862	0.0232621	0.177169	0.0139328	0.0599904	0.011206	-22821.6	4.0	5.66511e-06	-135902.0	7.0	0.000153234	1.0	5959.24	126.523	1564.47	68.9788	0.207938	0.00832734	1118.19	86.2296	
1.6-2.4	6.5-30.0	10.0-20.0	0.000-1.571	0.016	0.16	3795.0	3795.0	1795.98	52.1647	1999.14	54.0755	-0.283218	0.0879941	-0.05	0.0	0.656002	0.0	3.09084	0.0	0.0575523	0.0	0.0331785	0.0032127	0.03	0.0	1.492	0.0	5.0	0.0	1.733	0.0	0.0505127	0.000362954	7.1128e-05	0.0211424	0.180481	0.0129726	0.211707	0.0	0.00199102	0.0	0.00392652	0.00106865	1.6767	0.0	0.919655	0.0231994	0.514857	0.0865512	0.935821	0.0705876	0.371322	0.127592	0.0244765	0.00793517	0.123846	0.0125564	0.126597	0.0807063	-5598.77	4.0	2.12906e-06	-29048.1	4.0	1.48031e-05	1.0	1421.12	52.3243	374.865	33.9502	0.208724	0.0179049	1123.34	7.48598	
1.6-2.4	6.5-30.0	20.0-30.0	0.000-1.571	0.016	0.136	2371.0	2361.0	1311.37	41.789	1049.31	38.5257	-0.70911	0.123714	-0.05	0.0	0.656002	0.0	3.09084	0.0	0.0575523	0.0	0.0257255	0.0025057	0.03	0.0	1.492	0.0	5.0	0.0	1.733	0.0	0.048995	0.000226291	8.26074e-05	0.000185856	0.206092	0.0159933	0.211707	0.0	0.00199102	0.0	0.00362843	0.00111383	1.6767	0.0	0.749917	0.0267684	0.905745	0.787608	0.234508	0.14519	0.263621	0.181001	0.0813737	0.097357	0.18131	0.0348078	0.0419888	0.0133191	-3976.47	4.0	2.87786e-05	-17265.7	4.0	7.06582e-05	1.0	1016.12	40.8721	295.255	26.6566	0.225149	0.0190189	1019.06	7.76409	
1.6-2.4	6.5-30.0	30.0-40.0	0.000-1.571	0.016	0.12	1444.0	1438.0	874.877	33.7324	563.091	28.7423	-0.463374	0.167624	-0.05	0.0	0.656002	0.0	3.09084	0.0	0.0575523	0.0	0.0273287	0.00302197	0.03	0.0	1.492	0.0	5.0	0.0	1.733	0.0	0.0492927	0.000288172	7.78689e-05	0.00018502	0.157719	0.0137924	0.211707	0.0	0.00199102	0.0	0.000877803	0.00149716	1.6767	0.0	0.84546	0.032045	1.0	0.008559	0.988218	0.203855	0.760619	0.0473278	0.966955	0.603809	0.191895	0.0295133	0.0229107	0.618825	-2519.78	4.0	2.40276e-05	-9898.99	4.0	1.89423e-06	1.0	613.989	34.2673	260.889	26.7396	0.2982	0.0283187	1076.41	9.92052	
1.6-2.4	6.5-30.0	40.0-50.0	0.000-1.571	0.016	0.136	801.0	799.0	526.982	25.5102	271.998	19.8947	-0.892646	0.245936	-0.05	0.0	0.656002	0.0	3.09084	0.0	0.0575523	0.0	0.0299163	0.00359812	0.03	0.0	1.492	0.0	5.0	0.0	1.733	0.0	0.0498069	0.000371723	8.26074e-05	0.000185856	0.172521	0.0204429	0.211707	0.0	0.00199102	0.0	0.000651034	0.00160775	1.6767	0.0	0.636857	0.0375096	0.591994	0.162738	0.698615	0.269131	0.171203	0.231721	0.0440007	0.0141863	0.220922	0.040368	0.030185	0.0235639	-1468.17	4.0	1.61689e-05	-5096.03	4.0	6.60224e-06	1.0	395.859	25.2544	131.123	17.6314	0.248818	0.0312139	956.503	9.84364	
1.6-2.4	6.5-30.0	50.0-100.0	0.000-1.571	0.024	0.088	700.0	662.0	522.654	24.8201	139.371	15.2565	-0.159656	0.341349	-0.05	0.0	0.656002	0.0	3.09084	0.0	0.0575523	0.0	0.04496	0.0056736	0.03	0.0	1.492	0.0	5.0	0.0	1.733	0.0	0.0535557	0.000819228	6.88123e-05	0.774115	0.181986	0.0250806	0.211707	0.0	0.00199102	0.0	0.00653363	0.00205832	1.6767	0.0	0.803582	0.0436255	0.914778	0.804353	0.601231	0.403649	0.192157	0.171067	0.0613306	0.0617172	0.199747	0.0522958	0.0510508	0.0254412	-1376.93	4.0	8.55239e-07	-4219.68	4.0	5.44693e-05	1.0	424.215	25.1553	98.4386	15.7736	0.188344	0.028824	1050.81	13.1493	
2.0-2.4	6.5-30.0	0.0-100.0	0.000-1.571	0.016	0.152	4036.0	4033.0	2302.04	72.1361	1731.12	68.0156	-0.338501	0.215954	-0.05	0.0	0.456472	0.511092	3.08995	0.00168471	0.0408753	0.0134395	0.08	0.312117	0.03	0.0	1.492	0.0	5.0	0.0	1.733	0.0	0.0651249	0.104626	5.32822e-05	0.000637972	0.184347	0.0116268	0.0616077	0.0610709	-0.00999984	0.0176827	0.00294053	0.000866601	2.16559	0.541582	0.931533	0.0182435	0.73174	0.00400792	1.0	36.9956	0.634229	0.002381	0.0426039	0.000812222	0.165482	0.00105391	0.165591	202.283	-6287.8	4.0	2.41354e-06	-31292.8	7.0	0.000154625	1.0	1778.16	66.7246	523.878	40.2113	0.227571	0.0159457	1050.34	65.7824	
