weightedEff_noTnPCorr_RapPtEffForw
rap	pT	cent	dPhi	ctauErrMin	ctauErrMax	NoCutEntry	CutEntry	NSig	NSigErr	NBkg	NBkgErr	coefExp	coefExpErr	coefPol1	coefPol1Err	coeffGaus	coeffGausErr	meanSig1	meanSig1Err	sigmaSig1	sigmaSig1Err	sigmaSig2	sigmaSig2Err	sigmaSig3	sigmaSig3Err	alpha	alphaErr	enne	enneErr	enneW	enneWErr	sigWidth	sigWidthErr	Gmc	GmcErr	bTau	bTauErr	fracRes	fracResErr	meanResSigW	meanResSigWErr	meanResSigN	meanResSigNErr	sigmaResSigW	sigmaResSigWErr	sigmaResSigN	sigmaResSigNErr	fpm	fpmErr	fLiving	fLivingErr	fbkgCtTot	fbkgCtTotErr	lambdam	lambdamErr	lambdap	lambdapErr	lambdasym	lambdasymErr	NLL	nFitPar	EDM	NLLMass	nFitParMass	EDMMass	Prob	PROMPT	PROMPTErr	NON-PROMPT	NON-PROMPTErr	Bfraction	BfractionErr	Resolution	ResolutionErr	
0.0-0.4	6.5-30.0	0.0-100.0	0.000-1.571	0.008	0.073	9420.0	9395.0	8124.2	94.3639	1270.64	45.2907	-1.03507	0.11554	-0.05	0.0	0.414744	0.066514	3.09362	0.000249409	0.0152926	0.00071885	0.0231468	0.000921997	0.03	0.0	1.696	0.0	5.0	0.0	1.718	0.0	0.0202622	0.000411144	1.22083e-05	0.0133319	0.368866	0.00931316	0.433101	0.143037	-0.000819428	0.00118745	0.000273064	0.000675038	1.19183	0.0722132	0.880923	0.0181623	0.999997	0.110317	0.864893	0.0286922	0.216146	0.051908	0.142719	1.49702e-07	0.359725	0.0214294	0.21903	0.0425595	-24573.4	4.0	8.46513e-05	-92839.1	7.0	0.000107146	1.0	5898.42	84.9892	2225.79	56.5489	0.27397	0.00619054	1027.2	29.1891	
0.0-1.2	6.5-30.0	0.0-100.0	0.000-1.571	0.008	0.112	34337.0	34292.0	29607.2	182.046	4685.37	90.642	-1.05603	0.061842	-0.05	0.0	0.379597	0.0404948	3.09361	0.000176037	0.0186759	0.000675796	0.0315215	0.000729336	0.03	0.0	1.696	0.0	5.0	0.0	1.718	0.0	0.0273648	0.000363985	1.00951e-05	0.00459463	0.371021	0.00493517	0.0484638	0.0133743	-0.00131589	0.00269268	0.000398261	0.000228183	1.88988	0.128873	0.987654	0.00627754	0.999992	0.0164432	0.890715	0.0162262	0.269378	0.0158227	0.145371	0.796387	0.423835	0.0107511	0.170878	0.0212441	-81185.5	4.0	5.22999e-07	-375348.0	7.0	0.000111934	1.0	21499.5	164.265	8107.69	109.512	0.273842	0.00329337	1049.42	10.39	
0.0-2.4	10.0-13.0	0.0-100.0	0.000-1.571	0.008	0.112	12735.0	12710.0	10778.0	112.25	1931.68	61.2368	-1.2449	0.0971789	-0.05	0.0	0.4718	0.0389355	3.09332	0.000359568	0.0464153	0.00134933	0.0231003	0.000881339	0.03	0.0	1.696	0.0	5.0	0.0	1.718	0.0	0.0360319	0.000618144	1.21795e-05	0.0134262	0.386284	0.00783487	0.0307053	0.0102353	0.0021537	0.00527803	0.000350134	0.000353866	2.24087	0.222719	0.985496	0.0106939	0.991558	3.17177	0.958747	0.366956	0.242142	0.0951545	0.140908	5.85626	0.390998	0.0155268	0.140944	1.57949e-09	-26506.5	4.0	0.000111435	-123755.0	7.0	5.61902e-05	1.0	7415.57	97.9555	3362.42	69.6917	0.311971	0.00559052	1046.69	13.2456	
0.0-2.4	10.0-30.0	0.0-100.0	0.000-1.571	0.008	0.112	19809.0	19783.0	16497.0	140.139	3285.88	80.1764	-1.25489	0.0744001	-0.05	0.0	0.468715	0.0348444	3.09347	0.000287326	0.0456853	0.00112948	0.0228458	0.000781399	0.03	0.0	1.696	0.0	5.0	0.0	1.718	0.0	0.0354341	0.00053146	1.00593e-05	0.00459465	0.37541	0.00575372	0.0339606	0.00891232	-0.00094478	0.00361098	4.8199e-05	0.000274484	2.18057	0.167362	0.98864	0.00887749	0.97109	0.00760198	1.0	0.0180353	0.25912	0.0148532	0.140977	0.03271	0.412581	0.0116447	0.141064	9.1003e-11	-39437.3	4.0	7.39078e-06	-200844.0	7.0	1.48313e-05	1.0	10619.4	118.451	5877.57	91.574	0.356282	0.00465329	1051.52	10.7262	
0.0-2.4	11.0-13.0	0.0-100.0	0.000-1.571	0.008	0.112	6713.0	6698.0	5694.68	81.9729	1003.37	45.0308	-1.37216	0.138524	-0.05	0.0	0.373235	0.0481769	3.0936	0.000497731	0.0527467	0.00259523	0.0244437	0.00108842	0.03	0.0	1.696	0.0	5.0	0.0	1.718	0.0	0.0375887	0.00100056	1.04076e-05	0.00459449	0.391714	0.0103574	0.0356577	0.0157072	0.00158333	0.00595126	0.000277133	0.000491621	2.10552	0.270331	1.00272	0.0153848	0.981992	0.00988675	0.999997	0.0614343	0.25586	0.0265446	0.140955	2.71631e-06	0.38895	0.0192648	0.141066	8.81922e-06	-13469.2	4.0	5.90823e-07	-60761.5	7.0	1.59219e-05	1.0	3752.38	70.1066	1942.31	52.7172	0.341074	0.00784809	1061.92	17.3508	
0.0-2.4	13.0-16.0	0.0-100.0	0.000-1.571	0.008	0.081	4214.0	4208.0	3401.56	62.7953	806.425	36.7037	-1.10894	0.1465	-0.05	0.0	0.576867	0.0600687	3.09351	0.000600664	0.0420099	0.00175387	0.0187996	0.00156185	0.03	0.0	1.696	0.0	5.0	0.0	1.718	0.0	0.0341705	0.000896997	2.11265e-05	10.8791	0.376616	0.012061	0.0661462	0.04102	-0.00168051	0.0047893	-0.0006613	0.000609744	1.77416	0.264604	0.993095	0.0208952	1.0	0.110345	0.943673	0.020754	0.26763	0.029766	0.147098	0.0005132	0.444837	0.0265542	0.226375	0.0847927	-8013.15	4.0	6.84254e-05	-36114.6	7.0	1.2222e-06	1.0	2058.66	52.0197	1342.9	43.3164	0.39479	0.0104425	1062.64	27.0498	
0.0-2.4	13.0-30.0	0.0-100.0	0.000-1.571	0.008	0.081	7074.0	7067.0	5710.33	83.0177	1356.25	50.3512	-1.27773	0.115065	-0.05	0.0	0.474892	0.0601577	3.09378	0.000479918	0.0439897	0.00186934	0.0221052	0.0013176	0.03	0.0	1.696	0.0	5.0	0.0	1.718	0.0	0.0342863	0.000881259	1.02238e-05	0.00459457	0.36658	0.0085835	0.0480882	0.0218371	-0.00242622	0.00419284	-0.000391598	0.000441865	1.94086	0.230379	0.997746	0.0160124	1.0	2.30362	0.961534	0.00133555	0.285632	0.00195599	0.430689	14.9013	0.439484	0.00199883	0.240133	0.00827184	-13035.0	4.0	9.60608e-06	-64150.3	7.0	3.92312e-05	1.0	3233.98	65.9884	2476.35	58.6521	0.433662	0.00810862	1062.44	18.8792	
0.0-2.4	16.0-30.0	0.0-100.0	0.000-1.571	0.008	0.056	2859.0	2847.0	2331.23	51.4908	515.857	28.9147	-1.40691	0.188464	-0.05	0.0	0.156852	0.0589724	3.09368	0.000764619	0.015086	0.00278655	0.0366831	0.00165922	0.03	0.0	1.696	0.0	5.0	0.0	1.718	0.0	0.0342093	0.000896694	1.01425e-05	0.00459461	0.356222	0.0121559	0.0340288	0.0240391	-0.00317689	0.0069571	-0.000100042	0.000645064	2.18001	0.438439	0.997211	0.0253071	1.0	0.338758	0.985505	0.025578	0.299388	0.0748329	0.140918	40.2657	0.429122	0.0644781	0.236219	0.407916	-5049.28	4.0	6.21261e-05	-23173.2	7.0	0.000103581	1.0	1191.08	39.6261	1140.15	38.8883	0.489075	0.0127114	1059.39	28.6793	
0.0-2.4	6.5-30.0	0.0-100.0	0.000-1.571	0.004	0.196	79344.0	79312.0	67572.9	283.988	11738.8	157.524	-1.10125	0.039389	-0.05	0.0	0.469953	0.0200984	3.09218	0.000154641	0.0472929	0.000563814	0.0257959	0.000458453	0.03	0.0	1.696	0.0	5.0	0.0	1.718	0.0	0.0374675	0.000281706	1.01457e-05	1.75103e-06	0.370576	0.00343689	0.0430525	0.00586129	-0.000932797	0.00240231	0.00044367	0.000157964	2.16238	0.0883053	0.963766	0.0039996	0.999635	0.0043847	0.846815	0.0202098	0.296292	0.0159461	0.141421	9.41076e-10	0.427756	0.010561	0.140943	6.29485e-11	-166655.0	4.0	6.73031e-07	-915405.0	7.0	1.41507e-05	1.0	50207.2	257.937	17365.6	165.332	0.256991	0.00219543	1044.11	6.80238	
0.0-2.4	6.5-7.5	0.0-100.0	0.000-1.571	0.008	0.176	26214.0	26198.0	22625.5	164.852	3572.15	90.1011	-0.7567	0.0712989	-0.05	0.0	0.472306	0.0365293	3.0909	0.000288928	0.0492998	0.00101579	0.0285208	0.000819828	0.03	0.0	1.696	0.0	5.0	0.0	1.718	0.0	0.0397136	0.000501077	1.0013e-05	0.00459467	0.40011	0.00745725	0.0565306	0.0172979	0.00889207	0.0165632	0.000559526	0.000321696	1.98132	0.172537	0.977781	0.00683213	1.0	0.00993469	0.785292	0.0422981	0.409066	0.0301102	0.140995	2.19755e-06	0.428307	0.0159986	0.141205	0.0231587	-55776.3	4.0	4.04809e-05	-272945.0	7.0	0.000168541	1.0	18230.9	154.973	4394.66	86.0093	0.194235	0.00352818	1060.15	15.4478	
0.0-2.4	6.5-8.0	0.0-100.0	0.000-1.571	0.008	0.176	35979.0	35958.0	30930.4	191.624	5027.66	104.004	-0.859573	0.0597319	-0.05	0.0	0.514482	0.0297692	3.09107	0.000243202	0.0481884	0.000760974	0.0270362	0.00072836	0.03	0.0	1.696	0.0	5.0	0.0	1.718	0.0	0.0393647	0.000403321	1.06881e-05	0.00459436	0.400633	0.00620649	0.0576128	0.0136665	0.00221989	0.00490396	0.000794191	0.000267082	2.00795	0.138209	0.963176	0.00578058	0.864658	0.0162649	0.986016	0.3256	0.339253	0.0415101	0.140898	3.99449e-11	0.359996	0.0306479	0.247642	14.7805	-76817.0	4.0	2.23422e-06	-386175.0	7.0	2.43398e-06	1.0	24730.2	179.68	6200.11	101.422	0.200454	0.00303476	1051.93	12.8696	
0.0-2.4	7.5-8.5	0.0-100.0	0.000-1.571	0.008	0.136	17744.0	17719.0	15110.4	133.787	2608.68	73.4653	-1.20671	0.0837164	-0.05	0.0	0.550661	0.0433782	3.09167	0.000329131	0.0458493	0.000967854	0.0245948	0.00117885	0.03	0.0	1.696	0.0	5.0	0.0	1.718	0.0	0.0378072	0.000564414	3.14286e-05	0.000250139	0.36293	0.00774062	0.0553572	0.0153282	-0.00751851	0.00509998	0.00185637	0.000351062	2.03235	0.165504	0.944247	0.00830298	0.985838	0.0183802	0.702057	0.0526931	0.276134	0.0342856	0.141052	3.98053e-07	0.442591	0.0192592	0.140981	0.0221155	-38374.5	4.0	6.50047e-07	-178052.0	7.0	5.57185e-06	1.0	11727.6	123.879	3382.83	73.9002	0.223874	0.00447099	1034.84	15.4139	
0.0-2.4	8.0-10.0	0.0-100.0	0.000-1.571	0.008	0.152	23555.0	23553.0	20129.0	154.687	3423.96	84.9302	-1.31466	0.0739799	-0.05	0.0	0.410377	0.0362463	3.09264	0.000274498	0.0464215	0.00117088	0.026595	0.000670403	0.03	0.0	1.696	0.0	5.0	0.0	1.718	0.0	0.0360746	0.00049904	2.62826e-05	0.000708523	0.34905	0.00610827	0.0467928	0.0103449	-0.00257908	0.00426269	0.000591222	0.000284643	2.18476	0.146934	0.94243	0.00715566	0.999824	0.0130869	0.841336	0.0227958	0.238167	0.0190312	0.140902	2.99337e-07	0.444643	0.0135487	0.152068	0.017814	-51146.1	4.0	3.27137e-06	-243816.0	7.0	1.28097e-05	1.0	15147.3	141.589	4981.71	89.2372	0.247489	0.00400457	1034.39	12.5191	
0.0-2.4	8.5-9.5	0.0-100.0	0.000-1.571	0.008	0.145	11485.0	11485.0	9841.65	107.774	1643.39	58.4519	-1.23627	0.106233	-0.05	0.0	0.392923	0.0520299	3.09321	0.000383064	0.0456136	0.00166636	0.0262756	0.000931799	0.03	0.0	1.696	0.0	5.0	0.0	1.718	0.0	0.0351659	0.000699569	3.09607e-05	0.000394481	0.362366	0.00894425	0.0500062	0.0142607	0.00162795	0.00572661	0.000686866	0.000400032	2.25229	0.202408	0.937509	0.0100003	0.999999	0.0195811	0.904364	0.023802	0.248424	0.0244028	0.143956	4.77049	0.450329	0.0188733	0.151843	0.0320598	-25311.6	4.0	2.05485e-06	-110896.0	7.0	1.19719e-05	1.0	7399.17	98.5497	2442.48	62.1458	0.248178	0.0056998	1043.38	18.5181	
0.0-2.4	9.5-11.0	0.0-100.0	0.000-1.571	0.008	0.128	10112.0	10103.0	8543.62	99.9017	1559.41	54.6971	-1.29512	0.107973	-0.05	0.0	0.539384	0.0487567	3.09282	0.000410703	0.0435778	0.00123122	0.023079	0.00118663	0.03	0.0	1.696	0.0	5.0	0.0	1.718	0.0	0.0356321	0.000643991	2.86811e-05	0.000348843	0.359245	0.00883308	0.0230452	0.0104935	-0.00132346	0.00761159	-0.00073685	0.000401688	2.46487	0.337054	0.956721	0.0111214	0.931707	0.0149359	0.999985	0.112927	0.209344	0.0224435	0.140982	1.73458e-06	0.419118	0.0171067	0.141729	2.14783e-05	-21593.8	4.0	6.26047e-05	-96079.0	7.0	1.1881e-05	1.0	6128.04	89.1719	2415.58	60.1237	0.282735	0.00621234	1016.97	17.0857	
0.4-0.8	6.5-30.0	0.0-100.0	0.000-1.571	0.008	0.073	10579.0	10542.0	9045.89	100.43	1496.09	50.3618	-1.21247	0.108627	-0.05	0.0	0.415622	0.0697367	3.09418	0.000297167	0.019776	0.000847084	0.0274205	0.00121779	0.03	0.0	1.696	0.0	5.0	0.0	1.718	0.0	0.0245343	0.000493982	2.82435e-05	0.000449249	0.360702	0.00819239	0.076506	0.0434519	-0.00258405	0.00354869	-0.000476774	0.000420799	1.67312	0.203336	0.981326	0.0119256	0.99888	0.907233	0.874229	0.103553	0.203858	0.0149958	0.140933	1.01315	0.445997	0.012874	0.141066	7.6383e-09	-25121.4	4.0	6.68155e-08	-103613.0	7.0	3.5759e-06	1.0	6358.52	89.4025	2687.36	62.4458	0.297081	0.00606431	1050.47	23.2495	
0.8-1.2	6.5-30.0	0.0-100.0	0.000-1.571	0.008	0.112	14336.0	14316.0	12216.6	118.714	2099.55	63.0464	-1.07977	0.0923184	-0.05	0.0	0.529813	0.0544376	3.0933	0.000336067	0.0352936	0.000908142	0.028942	0.00111299	0.03	0.0	1.696	0.0	5.0	0.0	1.718	0.0	0.0324623	0.000389984	1.00026e-05	0.00459467	0.382764	0.00830805	0.0258401	0.00859777	0.000613602	0.00653335	0.00124613	0.000348697	2.42695	0.263382	1.00578	0.00943227	0.985031	0.0227562	0.979121	0.0332179	0.345666	0.0195758	0.140889	4.31184e-09	0.435194	0.0171538	0.290636	0.216095	-32233.5	4.0	0.000136455	-142112.0	7.0	2.27041e-05	1.0	9133.21	107.651	3083.4	67.8956	0.252394	0.00498719	1066.6	13.2429	
1.2-1.6	6.5-30.0	0.0-100.0	0.000-1.571	0.004	0.156	17806.0	17793.0	15413.2	136.145	2380.13	74.1782	-0.830002	0.0906934	-0.05	0.0	0.538426	0.0546276	3.08909	0.000361439	0.03395	0.000859297	0.0477698	0.00186069	0.03	0.0	1.696	0.0	5.0	0.0	1.718	0.0	0.0409131	0.000656016	1.09866e-05	0.00459422	0.384926	0.00736208	0.0602989	0.014894	-0.000798532	0.0042547	0.00103974	0.000338588	2.00122	0.147028	0.960444	0.00846111	0.999995	46670.5	0.777443	259.93	0.339814	43.2532	0.140929	69360.5	0.471886	4.22669	0.140957	1.13024e-08	-36824.8	4.0	1.08421e-05	-178292.0	7.0	2.4973e-05	1.0	11398.1	122.971	4015.09	79.0145	0.260497	0.00458102	1052.77	14.2483	
1.6-2.0	6.5-30.0	0.0-100.0	0.000-1.571	0.004	0.188	19324.0	19321.0	16460.3	144.144	2860.55	84.7244	-1.31996	0.08747	-0.05	0.0	0.75715	0.0521254	3.08949	0.000400539	0.042206	0.000784313	0.0639481	0.00418385	0.03	0.0	1.696	0.0	5.0	0.0	1.718	0.0	0.0483926	0.000950798	1.74374e-05	0.00459126	0.354298	0.00702746	0.0503112	0.0105536	0.00442139	0.005776	0.00066143	0.000337831	2.32689	0.168222	0.931228	0.00781232	1.0	0.047226	0.821457	0.0369887	0.335097	0.0284485	0.140891	2.4011e-06	0.425769	0.0156442	0.140915	0.0243415	-37664.5	4.0	7.73588e-05	-192833.0	7.0	1.4353e-05	1.0	12501.1	132.229	3959.18	81.8662	0.24053	0.00450551	1046.88	15.1886	
1.6-2.4	3.0-30.0	0.0-100.0	0.000-1.571	0.004	0.21	121473.0	121267.0	101511.0	514.054	19753.2	426.243	-0.520357	0.0345885	-0.05	0.0	0.278306	0.0713132	3.0889	0.000180396	0.0696339	0.00464293	0.0439422	0.00110314	0.03	0.0	2.059	0.0	5.0	0.0	1.41	0.0	0.0523737	0.00135501	1.00144e-05	0.00459467	0.373707	0.401609	0.0559604	0.00794871	0.00275916	0.00429477	0.000484637	0.00840482	2.15418	0.0987	0.871246	0.485796	0.817944	0.0	0.9999	0.0	0.604322	0.0	0.0846182	0.0	0.4172	0.0	0.483258	0.0	-1e+30	4.0	0.0	-1419440.0	7.0	0.000275242	1.0	94100.1	36990.4	7411.02	36987.4	0.073007	0.364368	988.066	202.434	
1.6-2.4	3.0-4.5	0.0-100.0	0.000-1.571	0.024	0.36	52818.0	52766.0	43851.6	245.175	8914.15	158.497	-0.013111	0.0456551	-0.05	0.0	0.209381	0.0225303	3.08876	0.000289265	0.0846839	0.00324593	0.0455467	0.000619606	0.03	0.0	2.04	0.0	5.0	0.0	1.31	0.0	0.0560507	0.000752025	2.76516e-05	0.000655533	0.398225	0.00818366	0.0349826	0.0107547	-0.00999498	0.0198762	-0.000226795	0.000356614	2.57478	0.287473	0.949636	0.0044265	1.0	4.42725	0.541684	0.276106	0.440056	0.362883	0.140902	119744.0	0.466055	0.200828	0.140977	9.05358e-08	-87268.0	4.0	6.90219e-08	-570764.0	7.0	0.000136152	1.0	38932.4	244.22	4919.19	114.099	0.112178	0.00252521	1049.85	19.261	
1.6-2.4	3.0-5.5	0.0-100.0	0.000-1.571	0.024	0.36	77199.0	77127.0	64170.7	655.314	12956.2	613.69	-0.2175	0.0620403	-0.05	0.0	0.249361	0.142058	3.08836	0.00023564	0.0742784	0.012266	0.0445815	0.00250463	0.03	0.0	2.04	0.0	5.0	0.0	1.31	0.0	0.0535509	0.00325456	1.05231e-05	0.00459443	0.383218	0.00629342	0.045351	0.0108932	-0.00850965	0.0164223	-0.000313466	0.000279264	2.22948	0.17295	0.940068	0.00367652	0.989707	0.00354303	0.619777	0.0193667	0.405971	0.0109151	0.745688	0.17853	0.440418	0.0104392	0.140901	6.11442e-08	-131495.0	4.0	3.61517e-06	-865478.0	7.0	0.000323603	1.0	56554.1	593.066	7616.56	155.668	0.118692	0.00210132	1033.96	13.7812	
1.6-2.4	3.0-6.5	0.0-100.0	0.000-1.571	0.016	0.24	94271.0	94102.0	78678.0	343.862	15423.9	234.418	-0.319484	0.0363301	-0.05	0.0	0.285975	0.03605	3.08872	0.000209535	0.0714218	0.00232943	0.0440473	0.000708745	0.03	0.0	2.04	0.0	5.0	0.0	1.31	0.0	0.0533301	0.000726636	1.26007e-05	0.00459348	0.39815	0.00561663	0.0545752	0.0111807	0.00463949	0.00732318	1.31914e-05	0.000238936	2.11806	0.135123	0.929327	0.00333059	0.877213	0.0299169	0.680109	0.0026129	0.337558	0.0196667	0.140956	1.11917	0.396226	0.00214044	0.140895	1.04028e-09	-163495.0	4.0	4.24793e-05	-1075830.0	7.0	0.000277743	1.0	69086.8	335.542	9591.17	152.236	0.121904	0.00186013	1030.22	12.4933	
1.6-2.4	4.5-5.5	0.0-100.0	0.000-1.571	0.024	0.192	24380.0	24329.0	20440.6	166.587	3887.97	105.827	-0.729146	0.0726414	-0.05	0.0	0.361668	0.076071	3.08747	0.000396308	0.0606693	0.00236406	0.0431472	0.00126385	0.03	0.0	2.04	0.0	5.0	0.0	1.31	0.0	0.0501954	0.000928554	2.75213e-05	0.000465277	0.359118	0.00971187	0.103514	0.0420907	-0.000476917	0.00793976	-0.000497603	0.000462738	1.6297	0.164957	0.910125	0.00684949	1.0	0.91974	0.699827	0.0274165	0.314223	0.0186091	0.141008	939.68	0.417342	0.0147853	0.140911	1.32571e-09	-44337.6	4.0	1.16311e-06	-246373.0	7.0	7.9505e-05	1.0	17756.7	163.441	2683.87	79.0514	0.131301	0.00371638	1008.72	23.6942	
1.6-2.4	5.5-6.5	0.0-100.0	0.000-1.571	0.024	0.16	17072.0	17044.0	14646.1	140.032	2398.07	85.7968	-0.882346	0.0926075	-0.05	0.0	0.419165	0.0818074	3.09037	0.000476459	0.0648739	0.00274218	0.0424705	0.00173457	0.03	0.0	2.04	0.0	5.0	0.0	1.31	0.0	0.0530263	0.00123187	1.00139e-05	0.00459467	0.402789	0.0111544	0.163974	0.0525224	0.00159916	0.00563014	0.000714666	0.000500333	1.56105	0.126401	0.889622	0.00865002	0.848569	0.018285	0.999973	0.00245565	0.444454	0.0189254	0.140894	5.65813e-12	0.441368	0.0181324	0.698878	3.66294	-32210.8	4.0	3.69457e-05	-166760.0	7.0	2.93387e-05	1.0	12429.6	134.212	2216.51	65.873	0.151338	0.00425855	1030.16	26.3862	
1.6-2.4	6.5-30.0	0.0-100.0	0.000-1.571	0.004	0.188	27201.0	27192.0	22995.5	170.716	4196.62	101.688	-1.2095	0.0694617	-0.05	0.0	0.61765	0.0466456	3.08999	0.00036326	0.0528537	0.000935087	0.0399207	0.00141602	0.03	0.0	1.696	0.0	5.0	0.0	1.718	0.0	0.0483193	0.000483377	1.30059e-05	0.00459329	0.361081	0.00623262	0.0446286	0.00857675	0.0026517	0.00592247	0.000181544	0.000294302	2.45063	0.167164	0.928959	0.00664371	0.999947	0.0256475	0.842459	0.0211744	0.313459	0.016913	0.140917	2.68902e-07	0.407766	0.0120255	0.140925	2.01058e-11	-51342.8	4.0	1.30322e-05	-279510.0	7.0	3.88119e-06	1.0	17628.8	157.7	5366.73	96.5847	0.233382	0.00382615	1045.21	13.9908	
2.0-2.4	6.5-30.0	0.0-100.0	0.000-1.571	0.008	0.144	7876.0	7864.0	6649.42	94.4953	1214.42	59.1026	-1.07266	0.134038	-0.05	0.0	0.48096	0.0988403	3.08945	0.000765794	0.0614507	0.00248719	0.0463252	0.00214765	0.03	0.0	1.696	0.0	5.0	0.0	1.718	0.0	0.0541301	0.00111461	1.21911e-05	0.00459367	0.380896	0.0129628	0.0274908	0.012152	-0.01	0.0156797	-0.00131232	0.000608243	3.13309	0.601028	0.932845	0.0127754	1.0	0.0688956	0.902863	0.0403753	0.271254	0.0366292	0.140903	5.31053e-08	0.372981	0.0186094	0.140973	0.0472046	-13764.3	4.0	2.05854e-05	-70334.8	7.0	7.03397e-05	1.0	5190.61	88.2501	1458.81	52.6946	0.219389	0.00728563	1056.47	35.9462	
