weightedEff_noTnP_4DEff_RapPtEffMap2_Ratio
rap	pT	cent	dPhi	ctauErrMin	ctauErrMax	NoCutEntry	CutEntry	NSig	NSigErr	NBkg	NBkgErr	coefExp	coefExpErr	coefPol1	coefPol1Err	coeffGaus	coeffGausErr	meanSig1	meanSig1Err	sigmaSig1	sigmaSig1Err	sigmaSig2	sigmaSig2Err	sigmaSig3	sigmaSig3Err	alpha	alphaErr	enne	enneErr	enneW	enneWErr	sigWidth	sigWidthErr	Gmc	GmcErr	bTau	bTauErr	fracRes	fracResErr	meanResSigW	meanResSigWErr	meanResSigN	meanResSigNErr	sigmaResSigW	sigmaResSigWErr	sigmaResSigN	sigmaResSigNErr	fpm	fpmErr	fLiving	fLivingErr	fbkgCtTot	fbkgCtTotErr	lambdam	lambdamErr	lambdap	lambdapErr	lambdasym	lambdasymErr	NLL	nFitPar	EDM	NLLMass	nFitParMass	EDMMass	Prob	PROMPT	PROMPTErr	NON-PROMPT	NON-PROMPTErr	Bfraction	BfractionErr	Resolution	ResolutionErr	
0.0-0.4	6.5-30.0	0.0-100.0	0.000-1.571	0.008	0.105	9300.0	9286.0	8016.92	93.7779	1268.89	45.2366	-1.05576	0.115591	-0.05	0.0	0.418127	0.0664501	3.09367	0.000250188	0.0153338	0.000721593	0.023106	0.000917127	0.03	0.0	1.696	0.0	5.0	0.0	1.718	0.0	0.0202229	0.000407749	1.23578e-05	0.0128429	0.369708	0.00932455	0.44677	0.141299	-0.000774749	0.00115443	0.000442762	0.000695158	1.18582	0.0694746	0.879123	0.0187248	1.0	0.0750723	0.857203	0.0281411	0.214746	0.0308608	0.143015	5.86525e-05	0.361358	0.0182924	0.21837	0.041444	-24183.6	4.0	2.25009e-05	-91629.5	7.0	6.85375e-05	1.0	5798.44	84.2994	2218.48	56.3852	0.276725	0.0062441	1027.52	28.539	
0.0-1.2	6.5-30.0	0.0-100.0	0.000-1.571	0.008	0.145	33828.0	33810.0	29164.2	180.761	4645.71	90.2913	-1.06195	0.0621335	-0.05	0.0	0.377712	0.0412097	3.09364	0.000177518	0.0186595	0.000685956	0.0314414	0.000738313	0.03	0.0	1.696	0.0	5.0	0.0	1.718	0.0	0.0273255	0.000368764	1.01594e-05	0.0045946	0.370564	0.00492848	0.0390389	0.0103328	-0.00174128	0.00308162	0.000346271	0.000227666	2.01564	0.13992	0.989946	0.00628033	1.0	0.0230645	0.89313	0.0162002	0.269006	0.0160192	0.142309	2.14865e-05	0.422679	0.0107506	0.174267	0.0221285	-79804.8	4.0	1.10404e-06	-369530.0	7.0	0.000138597	1.0	21076.0	162.799	8088.13	109.327	0.277331	0.00333136	1048.97	9.65848	
0.0-2.4	10.0-13.0	0.0-100.0	0.000-1.571	0.008	0.145	13187.0	13177.0	11165.9	114.387	2011.26	62.6548	-1.217	0.0951039	-0.05	0.0	0.473095	0.0382662	3.09331	0.000356268	0.0468157	0.00134274	0.0232286	0.000873531	0.03	0.0	1.696	0.0	5.0	0.0	1.718	0.0	0.0363482	0.000614867	1.22072e-05	0.0133174	0.386025	0.00769975	0.0307555	0.0102492	0.002156	0.00527054	0.000308684	0.000348954	2.23784	0.221634	0.985475	0.0105187	0.971104	0.00900446	0.999992	0.00181277	0.239389	0.0195234	0.141023	2.0445e-06	0.397321	0.014223	0.714949	2.80111	-27288.2	4.0	1.05477e-08	-128678.0	7.0	1.9309e-05	1.0	7669.06	99.7541	3496.88	71.147	0.313174	0.00550517	1046.57	13.1843	
0.0-2.4	10.0-30.0	0.0-100.0	0.000-1.571	0.008	0.145	20551.0	20540.0	17120.5	142.882	3419.41	81.934	-1.23766	0.0729076	-0.05	0.0	0.46938	0.0339763	3.09346	0.000285012	0.0461265	0.00112184	0.0230882	0.000762991	0.03	0.0	1.696	0.0	5.0	0.0	1.718	0.0	0.0357985	0.000524674	1.00498e-05	0.00459465	0.374894	0.00562975	0.0302029	0.00772777	-0.00137981	0.00391645	3.6246e-05	0.000269615	2.28455	0.177331	0.99046	0.00869004	0.972758	0.00731074	1.0	0.0184398	0.260002	0.014609	0.141003	0.0333593	0.413333	0.0114403	0.141026	6.88756e-12	-40675.7	4.0	6.66798e-06	-209135.0	7.0	5.52101e-05	1.0	10988.8	120.635	6131.72	93.6005	0.358151	0.00457774	1053.1	10.4837	
0.0-2.4	11.0-13.0	0.0-100.0	0.000-1.571	0.008	0.145	6987.0	6983.0	5933.03	83.6196	1050.25	45.9238	-1.3278	0.134948	-0.05	0.0	0.375739	0.0459528	3.09359	0.000492147	0.0532186	0.00251514	0.0246458	0.0010389	0.03	0.0	1.696	0.0	5.0	0.0	1.718	0.0	0.0379916	0.000966936	3.00105e-05	0.000309596	0.39201	0.0101357	0.035575	0.0156752	0.00158392	0.00595811	0.000269925	0.000483112	2.10523	0.269949	1.00083	0.0150867	0.982515	0.00536742	0.999997	0.553837	0.256703	0.0132743	0.140889	2.73083e-09	0.391734	0.011049	0.140896	2.86113	-13924.7	4.0	1.62091e-07	-63577.0	7.0	6.81966e-05	1.0	3892.71	71.4519	2040.31	54.0581	0.343891	0.00771532	1060.04	17.2897	
0.0-2.4	13.0-16.0	0.0-100.0	0.000-1.571	0.008	0.081	4385.0	4380.0	3536.63	64.2112	843.179	37.7961	-1.09757	0.143264	-0.05	0.0	0.585945	0.0618753	3.09346	0.000598943	0.0421447	0.0017433	0.0190076	0.00166072	0.03	0.0	1.696	0.0	5.0	0.0	1.718	0.0	0.0345012	0.000909695	2.11265e-05	10.8791	0.37471	0.0117766	0.0661462	0.04102	-0.00168051	0.0047893	-0.000516043	0.000597084	1.77416	0.264604	0.992553	0.0204267	1.0	8.13311	0.94297	0.0101928	0.276153	0.00245407	0.146733	12.8864	0.446243	0.0021597	0.215913	0.00765896	-8311.02	4.0	4.7857e-08	-37726.8	7.0	1.69543e-05	1.0	2138.98	53.1056	1397.65	44.226	0.395192	0.0102419	1062.17	27.0	
0.0-2.4	13.0-30.0	0.0-100.0	0.000-1.571	0.008	0.081	7364.0	7357.0	5947.13	85.0766	1409.83	51.9637	-1.27536	0.113101	-0.05	0.0	0.473916	0.0626815	3.09378	0.000476317	0.0445355	0.00188705	0.0225639	0.00138341	0.03	0.0	1.696	0.0	5.0	0.0	1.718	0.0	0.0347536	0.000908874	1.02238e-05	0.00459457	0.364586	0.00834185	0.0480882	0.0218371	-0.00242622	0.00419284	-0.000331261	0.000433222	1.94086	0.230379	0.995462	0.0156574	1.0	0.0650882	0.961973	0.116045	0.288315	0.2233	0.147355	17.0622	0.438972	0.178735	0.232104	0.705628	-13497.1	4.0	3.74221e-05	-67012.2	7.0	2.75459e-05	1.0	3355.29	67.3862	2591.84	60.0979	0.435814	0.00795291	1060.39	18.8676	
0.0-2.4	16.0-30.0	0.0-100.0	0.000-1.571	0.008	0.056	2978.0	2965.0	2431.62	52.6284	533.604	29.5275	-1.41693	0.185576	-0.05	0.0	0.152388	0.054793	3.09373	0.000763595	0.0151853	0.00264473	0.0372253	0.00160879	0.03	0.0	1.696	0.0	5.0	0.0	1.718	0.0	0.0347806	0.000864424	1.01425e-05	0.00459461	0.354157	0.0117582	0.0340288	0.0240391	-0.00317689	0.0069571	-0.000126531	0.000633866	2.18001	0.438439	0.993105	0.0247785	1.0	80.1253	0.9865	0.656666	0.296229	0.0381619	0.140973	18077.1	0.427053	0.0581042	0.235725	0.191734	-5216.75	4.0	8.49141e-05	-24226.7	7.0	8.41627e-05	1.0	1231.56	40.3556	1200.06	39.9085	0.493522	0.0124608	1055.66	28.7012	
0.0-2.4	6.5-30.0	0.0-100.0	0.000-1.571	0.004	0.224	78662.0	78636.0	66967.1	282.944	11668.8	157.342	-1.10971	0.0395606	-0.05	0.0	0.461503	0.0200414	3.09224	0.000155923	0.0477766	0.000584797	0.0260011	0.000453451	0.03	0.0	1.696	0.0	5.0	0.0	1.718	0.0	0.0376495	0.000286604	1.01537e-05	0.0045946	0.369129	0.00342059	0.0430983	0.00586475	-0.000930869	0.00240021	0.000404649	0.000158136	2.16125	0.0881268	0.961499	0.00402191	1.0	0.00757998	0.851612	0.0139029	0.291921	0.0115307	0.141481	1.88618e-05	0.425343	0.0073746	0.141218	0.0112085	-164554.0	4.0	5.17652e-05	-906517.0	7.0	6.86365e-06	1.0	49570.8	256.6	17396.3	165.47	0.259774	0.00221376	1042.09	6.81545	
0.0-2.4	6.5-7.5	0.0-100.0	0.000-1.571	0.008	0.168	24738.0	24722.0	21357.3	160.39	3364.44	87.9087	-0.772675	0.073721	-0.05	0.0	0.453442	0.0376377	3.09093	0.000299446	0.0501915	0.00111174	0.0289946	0.000831377	0.03	0.0	1.696	0.0	5.0	0.0	1.718	0.0	0.0400224	0.000531729	2.82935e-05	5.56844e-05	0.394045	0.00760204	0.0564692	0.0173463	0.0089199	0.0166626	0.000518377	0.000331112	1.98278	0.173627	0.974371	0.00702867	0.925785	0.0416156	0.967237	0.974196	0.418318	0.0652954	0.140993	2.36583e-07	0.416724	0.0292966	0.141385	3.48787	-52492.7	4.0	6.22824e-05	-255954.0	7.0	0.000163606	1.0	17212.8	150.96	4144.44	83.9512	0.194053	0.00365068	1057.26	15.6036	
0.0-2.4	6.5-8.0	0.0-100.0	0.000-1.571	0.008	0.168	34343.0	34322.0	29519.3	186.596	4802.55	100.43	-0.870965	0.0609074	-0.05	0.0	0.503597	0.0278	3.09111	0.000250253	0.0488452	0.000805359	0.0272948	0.000657515	0.03	0.0	1.696	0.0	5.0	0.0	1.718	0.0	0.03964	0.000397279	1.01726e-05	0.00459459	0.393951	0.00632264	0.0575665	0.0136708	0.00223244	0.00490816	0.000636887	0.000272793	2.00934	0.138671	0.956317	0.00589154	1.0	0.0051204	0.739465	0.0204302	0.30132	0.0135071	0.14098	0.793031	0.407483	0.0121941	0.14092	1.12141e-10	-73188.9	4.0	7.66938e-06	-366788.0	7.0	5.33482e-06	1.0	23606.0	175.36	5913.34	99.4123	0.200321	0.00312058	1046.1	13.0122	
0.0-2.4	7.5-8.5	0.0-100.0	0.000-1.571	0.008	0.136	17550.0	17525.0	14939.4	133.096	2585.71	73.2116	-1.18802	0.0840101	-0.05	0.0	0.546394	0.0433647	3.09171	0.000331726	0.0461645	0.000993069	0.024614	0.00117789	0.03	0.0	1.696	0.0	5.0	0.0	1.718	0.0	0.0379377	0.000573603	3.14286e-05	0.000250139	0.363579	0.00784067	0.0553572	0.0153282	-0.00751851	0.00509998	0.00183897	0.000353521	2.03235	0.165504	0.944735	0.00835523	0.999997	0.00779328	0.706412	0.0475501	0.266596	0.0357241	0.195598	4.13877e-06	0.440538	0.019079	0.140927	0.0219838	-37881.5	4.0	3.42456e-05	-175851.0	7.0	3.94127e-06	1.0	11613.9	123.331	3325.52	73.3648	0.222601	0.00449258	1035.26	15.4106	
0.0-2.4	8.0-10.0	0.0-100.0	0.000-1.571	0.008	0.136	23766.0	23750.0	20295.2	155.467	3454.87	85.5536	-1.31362	0.073664	-0.05	0.0	0.407758	0.0363408	3.09266	0.000274202	0.0464943	0.00117974	0.0267427	0.00066807	0.03	0.0	1.696	0.0	5.0	0.0	1.718	0.0	0.036125	0.000499626	2.68589e-05	0.000536565	0.348973	0.00607075	0.0458891	0.0102194	-0.0026995	0.0043131	0.000588543	0.000284279	2.19478	0.149274	0.945017	0.0071502	0.946909	0.103981	0.946786	0.711102	0.2528	0.0282855	0.141037	6.73671e-07	0.432959	0.0308354	0.189257	0.24824	-51455.4	4.0	7.43596e-05	-246004.0	7.0	1.8434e-05	1.0	15256.0	142.25	5039.2	89.8211	0.248295	0.00399618	1035.92	12.4898	
0.0-2.4	8.5-9.5	0.0-100.0	0.000-1.571	0.008	0.136	11633.0	11628.0	9958.87	108.529	1669.28	59.0592	-1.25246	0.105515	-0.05	0.0	0.393183	0.0525647	3.09314	0.000382214	0.045474	0.00164832	0.0264401	0.000941631	0.03	0.0	1.696	0.0	5.0	0.0	1.718	0.0	0.0351749	0.000695073	1.33225e-05	0.00459315	0.36259	0.00889273	0.0500628	0.0142661	0.00161968	0.00572458	0.000646574	0.000398771	2.25294	0.202615	0.937948	0.00996918	1.0	0.0223341	0.901347	0.0240886	0.246056	0.0249066	0.143805	0.795209	0.450531	0.0188339	0.148789	0.030919	-25559.9	4.0	5.43163e-07	-112391.0	7.0	2.69362e-05	1.0	7484.94	99.2221	2473.93	62.5969	0.248415	0.00567268	1043.94	18.5311	
0.0-2.4	9.5-11.0	0.0-100.0	0.000-1.571	0.008	0.128	10388.0	10379.0	8777.11	101.283	1601.96	55.4856	-1.28804	0.106538	-0.05	0.0	0.542183	0.047634	3.09286	0.000407512	0.0438735	0.00122147	0.0230962	0.00117105	0.03	0.0	1.696	0.0	5.0	0.0	1.718	0.0	0.0358867	0.000637843	2.86811e-05	0.000348843	0.360102	0.00872331	0.0230452	0.0104935	-0.00132346	0.00761159	-0.000801533	0.000397666	2.46487	0.337054	0.957126	0.0109888	0.934041	0.0206977	1.0	0.0836207	0.207745	0.0242392	0.141367	0.0391867	0.418888	0.0168386	0.14758	0.00229383	-22099.8	4.0	7.60285e-06	-98937.7	7.0	4.438e-06	1.0	6292.22	90.3871	2484.89	60.9921	0.283111	0.00613316	1017.35	17.0604	
0.4-0.8	6.5-30.0	0.0-100.0	0.000-1.571	0.008	0.073	10396.0	10357.0	8890.78	99.598	1466.39	49.9511	-1.21153	0.109771	-0.05	0.0	0.385553	0.071206	3.09419	0.000301201	0.0196049	0.00092615	0.0270337	0.00117276	0.03	0.0	1.696	0.0	5.0	0.0	1.718	0.0	0.0244384	0.00049301	2.82435e-05	0.000449249	0.360389	0.00820364	0.076506	0.0434519	-0.00258405	0.00354869	-0.00055602	0.000421833	1.67312	0.203336	0.974484	0.0119846	0.996417	0.991424	0.880116	0.152768	0.206152	0.0163602	0.140971	1.38967	0.448991	0.0182679	0.140988	0.0324031	-24625.8	4.0	4.88804e-05	-101593.0	7.0	2.23175e-05	1.0	6217.31	88.4541	2673.47	62.2105	0.300701	0.00613297	1044.57	23.4922	
0.8-1.2	6.5-30.0	0.0-100.0	0.000-1.571	0.008	0.145	14131.0	14127.0	12029.4	117.862	2098.19	62.9193	-1.08833	0.0922747	-0.05	0.0	0.547529	0.0548133	3.09333	0.000338203	0.0351175	0.000890966	0.0288091	0.0011745	0.03	0.0	1.696	0.0	5.0	0.0	1.718	0.0	0.0324155	0.000393264	1.00235e-05	0.00459466	0.381432	0.00824209	0.021701	0.00683238	-0.000835981	0.00729644	0.00116589	0.000349185	2.63751	0.286474	1.00917	0.00950441	1.0	0.615051	0.952282	0.0192298	0.361669	0.0220456	0.141028	2.8355e-05	0.441743	0.0175775	0.224169	0.0726885	-31700.5	4.0	7.16011e-05	-140027.0	7.0	8.68212e-05	1.0	8934.81	106.561	3094.6	67.9054	0.257253	0.00505099	1071.11	12.9399	
1.2-1.6	6.5-30.0	0.0-100.0	0.000-1.571	0.004	0.152	17835.0	17823.0	15431.9	136.241	2390.75	74.3055	-0.855074	0.0906867	-0.05	0.0	0.536061	0.0556711	3.08922	0.000362436	0.0339408	0.000865174	0.0476376	0.00190295	0.03	0.0	1.696	0.0	5.0	0.0	1.718	0.0	0.0408701	0.000668281	1.10187e-05	0.00459421	0.378621	0.0071835	0.0606589	0.0149845	-0.000791808	0.00423917	0.00110174	0.000333993	1.99894	0.146766	0.957512	0.00844093	0.964992	1.26372	0.850058	3.01904	0.336783	0.998765	0.140956	7.12144e-09	0.459409	0.426266	0.140931	1.61124	-36923.1	4.0	4.71002e-05	-178612.0	7.0	4.57429e-05	1.0	11349.3	122.787	4082.63	79.6	0.264558	0.00459904	1050.52	14.3299	
1.6-2.0	6.5-30.0	0.0-100.0	0.000-1.571	0.004	0.145	18141.0	18127.0	15442.9	139.588	2684.12	82.012	-1.32816	0.0899839	-0.05	0.0	0.753565	0.0525256	3.08953	0.000414112	0.0422209	0.000809615	0.0640643	0.00412387	0.03	0.0	1.696	0.0	5.0	0.0	1.718	0.0	0.0485256	0.000956649	1.76494e-05	0.00459116	0.354668	0.00723959	0.0501204	0.0105066	0.00447381	0.00580861	0.000611037	0.000348745	2.34179	0.172123	0.93242	0.00808453	0.999996	0.0610172	0.824774	0.0283988	0.33711	0.0218564	0.140891	9.49592e-12	0.426191	0.016109	0.140939	3.90177e-10	-35250.4	4.0	2.75079e-07	-179717.0	7.0	2.3064e-05	1.0	11705.1	127.965	3737.72	79.5127	0.242035	0.00466092	1049.14	15.4214	
1.6-2.4	3.0-30.0	0.0-100.0	0.000-1.571	0.004	0.24	119425.0	119255.0	99799.4	374.608	19454.5	244.83	-0.526221	0.0315443	-0.05	0.0	0.285894	0.0330611	3.08896	0.00017982	0.068175	0.0018775	0.0435524	0.000589509	0.03	0.0	2.059	0.0	5.0	0.0	1.41	0.0	0.0518007	0.000590558	1.03367e-05	0.00459452	0.373708	0.40161	0.048199	0.00677046	0.00323956	0.0047584	0.00049033	0.00840459	2.28286	0.107063	0.877053	0.489806	0.817944	0.0	0.9999	0.0	0.604322	0.0	0.0846182	0.0	0.4172	0.0	0.483258	0.0	-1e+30	4.0	0.0	-1394690.0	7.0	0.000183636	1.0	92513.4	36365.3	7286.06	36363.7	0.073007	0.364368	991.631	206.39	
1.6-2.4	3.0-4.5	0.0-100.0	0.000-1.571	0.024	0.24	49133.0	49024.0	40752.5	263.589	8271.55	192.05	0.0439942	0.0495974	-0.05	0.0	0.219175	0.0448137	3.0889	0.000295885	0.0814168	0.00566192	0.0448037	0.00101821	0.03	0.0	2.04	0.0	5.0	0.0	1.31	0.0	0.0549568	0.00135556	2.69452e-05	0.00010696	0.397386	0.00840214	0.0920982	0.0334626	-0.00295184	0.0134997	2.56883e-05	0.000375593	1.7428	0.171363	0.915577	0.0047363	1.0	0.00357141	0.532342	0.0307396	0.442374	0.0206256	0.140893	0.792842	0.467334	0.0163719	0.146269	0.00977239	-82280.1	4.0	5.59023e-07	-527259.0	7.0	1.50596e-05	1.0	36187.5	256.372	4565.0	108.688	0.112018	0.00256673	1020.2	22.5966	
1.6-2.4	3.0-5.5	0.0-100.0	0.000-1.571	0.024	0.24	74171.0	74019.0	61543.9	306.988	12474.4	212.457	-0.198933	0.0404419	-0.05	0.0	0.259522	0.0404036	3.08844	0.000234284	0.0718683	0.00299386	0.0438456	0.000778165	0.03	0.0	2.04	0.0	5.0	0.0	1.31	0.0	0.0525734	0.000853168	1.07449e-05	0.00459433	0.381068	0.00645727	0.0947176	0.0252455	-0.00210053	0.00695986	-0.000357745	0.000288787	1.7053	0.119034	0.912781	0.0038772	0.997399	0.840606	0.633766	0.127648	0.375097	0.0315098	0.140987	0.815042	0.445023	0.0200436	0.140892	5.56206e-08	-127749.0	4.0	4.48625e-07	-828329.0	7.0	0.000242032	1.0	54347.8	300.677	7196.11	134.922	0.116926	0.00211328	1014.74	16.0868	
1.6-2.4	3.0-6.5	0.0-100.0	0.000-1.571	0.016	0.24	92427.0	92263.0	77149.3	399.871	15113.0	312.232	-0.314341	0.0393298	-0.05	0.0	0.290447	0.0576311	3.0888	0.000207954	0.069641	0.00374598	0.0434729	0.000932328	0.03	0.0	2.04	0.0	5.0	0.0	1.31	0.0	0.0524367	0.00112189	1.26007e-05	0.00459348	0.398172	0.00566638	0.0545752	0.0111807	0.00463949	0.00732318	9.6827e-05	0.000237327	2.11806	0.135123	0.929427	0.00335919	0.869164	0.02906	0.724385	0.0029663	0.336	0.0186842	0.140957	1.24294	0.39668	0.00209316	0.140895	9.45622e-10	-162225.0	4.0	2.95448e-05	-1053990.0	7.0	0.000186593	1.0	67737.2	379.551	9412.01	152.238	0.121997	0.00186923	1030.3	12.4933	
1.6-2.4	4.5-5.5	0.0-100.0	0.000-1.571	0.024	0.192	25037.0	24985.0	20914.0	179.711	4070.94	124.097	-0.729491	0.0708947	-0.05	0.0	0.365691	0.0914329	3.08753	0.000388268	0.0598395	0.00321833	0.0424466	0.00113884	0.03	0.0	2.04	0.0	5.0	0.0	1.31	0.0	0.0495207	0.00112953	2.75213e-05	0.000465277	0.364652	0.00974209	0.103514	0.0420907	-0.000476917	0.00793976	-0.00048562	0.000454284	1.6297	0.164957	0.912462	0.00678985	0.99945	0.0079695	0.708527	0.0268931	0.317881	0.0175794	0.140915	3.74578e-05	0.407713	0.0139497	0.140889	8.21596e-09	-45648.9	4.0	6.38808e-07	-253745.0	7.0	2.48367e-05	1.0	18186.9	173.874	2727.09	79.7424	0.130395	0.00364453	1010.61	23.6122	
1.6-2.4	5.5-6.5	0.0-100.0	0.000-1.571	0.024	0.16	18255.0	18226.0	15635.5	145.493	2590.21	90.1291	-0.892714	0.0890203	-0.05	0.0	0.406279	0.0808945	3.09023	0.000455133	0.0643394	0.00280233	0.0421418	0.00164289	0.03	0.0	2.04	0.0	5.0	0.0	1.31	0.0	0.0523089	0.00121644	1.00139e-05	0.00459467	0.404906	0.0108084	0.163974	0.0525224	0.00159916	0.00563014	0.000794882	0.000478844	1.56105	0.126401	0.885472	0.00834525	0.863809	0.0562151	0.939477	0.126111	0.445012	0.0209231	0.140987	4.76165e-07	0.457509	0.0253323	0.140996	6.89801e-07	-34595.2	4.0	5.71717e-05	-179649.0	7.0	8.87946e-05	1.0	13251.8	139.059	2383.76	67.9979	0.152458	0.00411103	1027.17	26.5236	
1.6-2.4	6.5-30.0	0.0-100.0	0.000-1.571	0.008	0.188	26998.0	26988.0	22823.7	171.045	4163.93	102.919	-1.21247	0.0706982	-0.05	0.0	0.603423	0.0498256	3.08999	0.000368129	0.0535485	0.000938845	0.0404084	0.001494	0.03	0.0	1.696	0.0	5.0	0.0	1.718	0.0	0.048763	0.000506443	1.30059e-05	0.00459329	0.361675	0.00626828	0.0446101	0.00857781	0.00265167	0.00592245	8.19823e-05	0.000297099	2.45063	0.167161	0.928635	0.00669773	0.999999	0.0239839	0.848065	0.0206571	0.311256	0.0169466	0.140954	1.90676e-06	0.405398	0.0119113	0.140941	1.04636e-09	-50599.5	4.0	1.84126e-05	-276997.0	7.0	9.97554e-05	1.0	17480.7	157.794	5343.05	96.6457	0.234101	0.00385391	1044.89	13.9991	
2.0-2.4	6.5-30.0	0.0-100.0	0.000-1.571	0.008	0.144	8857.0	8843.0	7471.95	100.193	1371.01	62.7479	-1.09978	0.125908	-0.05	0.0	0.492477	0.0930881	3.08945	0.000725776	0.0615464	0.00230788	0.0463365	0.00203973	0.03	0.0	1.696	0.0	5.0	0.0	1.718	0.0	0.0543615	0.00104979	1.21911e-05	0.00459367	0.378544	0.0121379	0.0274908	0.012152	-0.01	0.0156797	-0.00130133	0.000574798	3.13309	0.601028	0.931732	0.0120684	1.0	0.0551743	0.906575	0.0282252	0.268809	0.029023	0.141161	6.30593e-06	0.370772	0.0172708	0.140926	7.20274e-11	-15439.7	4.0	3.47859e-05	-80103.0	7.0	2.36738e-05	1.0	5823.34	93.5774	1648.61	56.1063	0.22064	0.00690149	1055.52	35.937	
