weightedEff_Lxyz_finerpT_PRMC
rap	pT	cent	dPhi	ctauErrMin	ctauErrMax	NoCutEntry	CutEntry	NSig	NSigErr	NBkg	NBkgErr	coefExp	coefExpErr	coefPol1	coefPol1Err	coeffGaus	coeffGausErr	meanSig1	meanSig1Err	sigmaSig1	sigmaSig1Err	sigmaSig2	sigmaSig2Err	sigmaSig3	sigmaSig3Err	alpha	alphaErr	enne	enneErr	enneW	enneWErr	sigWidth	sigWidthErr	Gmc	GmcErr	bTau	bTauErr	fracRes	fracResErr	meanResSigW	meanResSigWErr	meanResSigN	meanResSigNErr	sigmaResSigW	sigmaResSigWErr	sigmaResSigN	sigmaResSigNErr	fpm	fpmErr	fLiving	fLivingErr	fbkgCtTot	fbkgCtTotErr	lambdam	lambdamErr	lambdap	lambdapErr	lambdasym	lambdasymErr	NLL	nFitPar	EDM	NLLMass	nFitParMass	EDMMass	Prob	PROMPT	PROMPTErr	NON-PROMPT	NON-PROMPTErr	Bfraction	BfractionErr	Resolution	ResolutionErr	
0.0-0.4	6.5-30.0	0.0-100.0	0.000-1.571	0.008	0.073	8770.0	8747.0	7553.62	91.0598	1193.7	43.9509	-1.05075	0.119323	-0.05	0.0	0.410912	0.070345	3.09364	0.000259308	0.0152114	0.000765582	0.0231765	0.000963485	0.03	0.0	1.696	0.0	5.0	0.0	1.718	0.0	0.0202857	0.000435089	1.22083e-05	0.0133319	0.368472	0.00955919	0.433101	0.143037	-0.000819428	0.00118745	0.000241409	0.000697436	1.19183	0.0722132	0.882014	0.0189132	0.99999	0.096914	0.872046	0.0268056	0.214424	0.0313073	0.14272	9.61853e-05	0.362144	0.0187048	0.222287	0.0453611	-22752.6	4.0	3.74446e-06	-85762.0	7.0	5.84577e-05	1.0	5452.03	81.7976	2101.59	54.8904	0.278223	0.00644643	1027.73	29.1518	
0.0-1.2	6.5-30.0	0.0-100.0	0.000-1.571	0.008	0.112	31480.0	31440.0	27115.2	174.048	4324.98	86.6103	-1.07761	0.064367	-0.05	0.0	0.387304	0.0418991	3.09364	0.000183482	0.0187081	0.000682406	0.0315885	0.00077288	0.03	0.0	1.696	0.0	5.0	0.0	1.718	0.0	0.0273299	0.000380431	1.00951e-05	0.00459463	0.370645	0.00510549	0.0484638	0.0133743	-0.00131589	0.00269268	0.000347218	0.000237277	1.88988	0.128873	0.988344	0.00658443	1.0	0.0191147	0.893906	0.0162503	0.265066	0.0160956	0.146401	0.174789	0.423857	0.0111018	0.172531	0.022388	-74209.2	4.0	7.51474e-05	-341389.0	7.0	9.42503e-06	1.0	19574.0	156.712	7541.12	105.43	0.278115	0.00345421	1050.04	10.419	
0.0-2.4	10.0-13.0	0.0-100.0	0.000-1.571	0.008	0.112	11750.0	11728.0	9974.74	108.234	1753.08	59.0975	-1.23203	0.102016	-0.05	0.0	0.450814	0.0433966	3.09343	0.00036847	0.046152	0.00147033	0.0231732	0.000959093	0.03	0.0	1.696	0.0	5.0	0.0	1.718	0.0	0.0354281	0.000673833	1.21795e-05	0.0134262	0.384547	0.00820285	0.0307053	0.0102353	0.0021537	0.00527803	0.000401841	0.000362888	2.24087	0.222719	0.981717	0.0109595	0.982188	0.181874	0.974957	0.114745	0.248637	0.0351836	0.141062	0.895065	0.391218	0.0142433	0.140953	2.43155e-08	-24970.5	4.0	0.000110302	-113434.0	7.0	2.49464e-05	1.0	6932.81	94.7002	3041.92	66.3214	0.304963	0.00576699	1043.25	13.341	
0.0-2.4	10.0-30.0	0.0-100.0	0.000-1.571	0.008	0.112	18645.0	18621.0	15556.4	135.429	3064.47	76.4374	-1.24135	0.0768167	-0.05	0.0	0.456412	0.0331621	3.09359	0.000291126	0.0453337	0.00115581	0.0227381	0.000704765	0.03	0.0	1.696	0.0	5.0	0.0	1.718	0.0	0.0349147	0.000515986	1.00593e-05	0.00459465	0.37377	0.00592991	0.0339606	0.00891232	-0.00094478	0.00361098	9.3604e-05	0.000279285	2.18057	0.167362	0.986527	0.00905519	0.971178	0.00770001	1.0	0.00060911	0.266755	0.015281	0.140968	0.0324261	0.409801	0.0120309	2.61608	2.09336	-37733.3	4.0	3.5112e-06	-188155.0	7.0	7.25022e-06	1.0	10083.1	114.954	5473.29	88.2013	0.351836	0.00477123	1049.6	10.7797	
0.0-2.4	11.0-13.0	0.0-100.0	0.000-1.571	0.008	0.112	6300.0	6285.0	5357.3	79.4558	927.7	43.4008	-1.36814	0.14404	-0.05	0.0	0.348586	0.0493405	3.09369	0.000505715	0.0526585	0.00284264	0.0246841	0.00106309	0.03	0.0	1.696	0.0	5.0	0.0	1.718	0.0	0.0369257	0.0010369	1.04076e-05	0.00459449	0.391159	0.0107941	0.0356577	0.0157072	0.00158333	0.00595126	0.000328729	0.000499733	2.10552	0.270331	0.999738	0.0156229	0.981662	0.00422823	0.99998	0.712862	0.2653	0.0100195	0.140888	3.28753e-09	0.383164	0.00830508	0.55019	2.62615	-12913.2	4.0	8.11996e-05	-56705.9	7.0	1.40073e-05	1.0	3576.83	68.2854	1780.47	50.4579	0.332344	0.00802575	1059.21	17.4469	
0.0-2.4	13.0-16.0	0.0-100.0	0.000-1.571	0.008	0.081	4084.0	4079.0	3307.19	61.884	771.764	35.9628	-1.10089	0.14976	-0.05	0.0	0.558503	0.0605229	3.0937	0.000599218	0.0421029	0.00183622	0.0187978	0.00151035	0.03	0.0	1.696	0.0	5.0	0.0	1.718	0.0	0.0338532	0.000918355	2.11265e-05	10.8791	0.374395	0.0122513	0.0661462	0.04102	-0.00168051	0.0047893	-0.000607239	0.000614149	1.77416	0.264604	0.991491	0.0211038	0.99996	1.10356	0.94056	0.0367619	0.27231	0.0144602	0.158954	0.897751	0.443128	0.014488	0.22527	0.0471063	-7885.98	4.0	5.35053e-06	-34928.3	7.0	6.51003e-06	1.0	2017.7	51.4383	1289.49	42.4577	0.389905	0.0105633	1061.24	27.135	
0.0-2.4	13.0-30.0	0.0-100.0	0.000-1.571	0.008	0.081	6894.0	6888.0	5574.05	81.6179	1313.7	48.9774	-1.26212	0.116623	-0.05	0.0	0.478971	0.0574088	3.09394	0.000478237	0.0435981	0.00180888	0.021665	0.0012459	0.03	0.0	1.696	0.0	5.0	0.0	1.718	0.0	0.0339851	0.000846806	1.02238e-05	0.00459457	0.364743	0.00868666	0.0480882	0.0218371	-0.00242622	0.00419284	-0.0003206	0.000444548	1.94086	0.230379	0.997786	0.016156	1.0	0.00607754	0.959814	0.0691228	0.289069	0.130748	0.148158	18.5434	0.438382	0.105683	0.238962	0.410002	-12870.4	4.0	8.02365e-06	-62418.1	7.0	1.88653e-05	1.0	3181.06	65.2262	2392.99	57.5556	0.429309	0.00819165	1062.47	18.9028	
0.0-2.4	16.0-30.0	0.0-100.0	0.000-1.571	0.008	0.056	2810.0	2797.0	2294.5	51.045	502.705	28.5293	-1.37175	0.190299	-0.05	0.0	0.160455	0.0593368	3.09372	0.000765239	0.0149519	0.00274598	0.0365787	0.00167865	0.03	0.0	1.696	0.0	5.0	0.0	1.718	0.0	0.0340468	0.000904577	1.01425e-05	0.00459461	0.35509	0.0122478	0.0340288	0.0240391	-0.00317689	0.0069571	-8.70443e-06	0.000648615	2.18001	0.438439	1.0003	0.0255024	1.0	4833.77	0.984981	34.1927	0.301605	1.27575	0.140893	282882.0	0.42956	2.34725	0.234689	3.3854	-5011.88	4.0	5.75839e-05	-22739.4	7.0	0.00015318	1.0	1181.26	39.4146	1113.24	38.4222	0.485177	0.0128025	1062.2	28.6276	
0.0-2.4	6.5-30.0	0.0-100.0	0.000-1.571	0.004	0.196	67605.0	67577.0	57752.3	260.643	9826.13	141.363	-1.08003	0.0427694	-0.05	0.0	0.457679	0.019354	3.09235	0.000163043	0.0467322	0.000608966	0.0252888	0.000411944	0.03	0.0	1.696	0.0	5.0	0.0	1.718	0.0	0.0366927	0.000280894	1.01457e-05	1.75103e-06	0.367274	0.00371864	0.0430525	0.00586129	-0.000932797	0.00240231	0.000485973	0.000166205	2.16238	0.0883053	0.957577	0.00426141	0.967552	1.08647	0.902226	1.26939	0.308328	0.19498	0.140928	2.66581	0.417597	0.151641	0.140925	1.14121e-09	-145836.0	4.0	2.25224e-06	-770572.0	7.0	6.01802e-05	1.0	43206.1	237.575	14546.2	150.76	0.251872	0.00234998	1038.65	6.87885	
0.0-2.4	6.5-7.5	0.0-100.0	0.000-1.571	0.008	0.176	20700.0	20687.0	17946.8	145.686	2740.36	77.5183	-0.67723	0.0805626	-0.05	0.0	0.463893	0.0369552	3.09101	0.000316235	0.0486815	0.00113865	0.0278001	0.00078065	0.03	0.0	1.696	0.0	5.0	0.0	1.718	0.0	0.0389063	0.00052477	1.0013e-05	0.00459467	0.397058	0.0086847	0.0565306	0.0172979	0.00889207	0.0165632	0.000717328	0.000349814	1.98132	0.172537	0.967096	0.00744206	0.999999	0.0121223	0.776785	0.0540993	0.435161	0.036557	0.141105	3.26539e-10	0.426278	0.0188916	0.140926	0.0289635	-45902.6	4.0	3.79293e-06	-211167.0	7.0	1.16573e-05	1.0	14728.8	137.956	3218.0	73.6137	0.179308	0.00383482	1050.87	15.6976	
0.0-2.4	6.5-8.0	0.0-100.0	0.000-1.571	0.008	0.176	28645.0	28628.0	24751.2	170.788	3877.0	91.0562	-0.786642	0.0678007	-0.05	0.0	0.501591	0.0324919	3.09116	0.000265222	0.0476882	0.000852652	0.0264336	0.000778498	0.03	0.0	1.696	0.0	5.0	0.0	1.718	0.0	0.038587	0.000444402	1.06881e-05	0.00459436	0.391646	0.00715928	0.0576128	0.0136665	0.00221989	0.00490396	0.000804089	0.000289963	2.00795	0.138209	0.952851	0.00628676	0.999998	0.000646102	0.729907	0.0239772	0.335464	0.0151798	1.49922	2.54529	0.40709	0.0141982	0.141034	5.28965e-10	-63758.6	4.0	3.3512e-05	-301664.0	7.0	6.42179e-05	1.0	20161.3	161.333	4589.92	87.6245	0.185443	0.00330087	1043.03	13.0684	
0.0-2.4	7.5-8.5	0.0-100.0	0.000-1.571	0.008	0.136	14680.0	14660.0	12577.8	121.325	2082.26	64.9911	-1.17779	0.0934123	-0.05	0.0	0.527345	0.0444311	3.09172	0.000353046	0.0456549	0.00107312	0.0243874	0.00113082	0.03	0.0	1.696	0.0	5.0	0.0	1.718	0.0	0.0371523	0.000591631	3.14286e-05	0.000250139	0.358857	0.00863795	0.0553572	0.0153282	-0.00751851	0.00509998	0.00184648	0.000377102	2.03235	0.165504	0.938104	0.00894447	1.0	0.0200745	0.688421	0.036487	0.288767	0.0245066	0.140968	9.05904e-06	0.446619	0.0213287	0.140913	9.16631e-11	-32749.6	4.0	1.55529e-07	-144893.0	7.0	2.55272e-05	1.0	9892.31	113.008	2685.51	65.8533	0.213512	0.00481359	1029.55	15.5871	
0.0-2.4	8.0-10.0	0.0-100.0	0.000-1.571	0.008	0.152	20314.0	20312.0	17430.1	143.698	2882.4	78.1015	-1.3114	0.080752	-0.05	0.0	0.405202	0.0399984	3.09274	0.000289424	0.0458374	0.00121583	0.0261396	0.000763027	0.03	0.0	1.696	0.0	5.0	0.0	1.718	0.0	0.035465	0.000537716	2.62826e-05	0.000708523	0.349186	0.00664459	0.0467928	0.0103449	-0.00257908	0.00426269	0.000574242	0.000301316	2.18476	0.146934	0.93789	0.00759751	0.999999	0.0152847	0.837077	0.0245065	0.251546	0.0204436	0.1418	0.79358	0.449093	0.0150447	0.152951	0.0194614	-45114.9	4.0	1.6942e-05	-207691.0	7.0	0.000109537	1.0	13221.0	131.811	4209.11	81.8411	0.241485	0.00425242	1030.45	12.6285	
0.0-2.4	8.5-9.5	0.0-100.0	0.000-1.571	0.008	0.145	9952.0	9952.0	8549.75	100.187	1402.25	53.7282	-1.23951	0.114513	-0.05	0.0	0.396239	0.0539745	3.09329	0.000403117	0.0446271	0.00177091	0.0258217	0.000904894	0.03	0.0	1.696	0.0	5.0	0.0	1.718	0.0	0.0345211	0.000718077	3.09607e-05	0.000394481	0.361607	0.00970548	0.0500062	0.0142607	0.00162795	0.00572661	0.000705686	0.00042354	2.25229	0.202408	0.93451	0.0106293	1.0	0.022645	0.904763	0.0263244	0.262003	0.0263692	0.141748	419.881	0.453546	0.0207602	0.149616	0.0349752	-22426.0	4.0	1.11791e-06	-94862.2	7.0	1.46312e-06	1.0	6487.88	91.9211	2061.87	57.0375	0.241161	0.00604314	1040.82	18.6388	
0.0-2.4	9.5-11.0	0.0-100.0	0.000-1.571	0.008	0.128	9077.0	9070.0	7707.56	95.0871	1362.36	51.9274	-1.25909	0.115315	-0.05	0.0	0.524438	0.0548106	3.09294	0.000425005	0.0432589	0.00133225	0.0228451	0.00130709	0.03	0.0	1.696	0.0	5.0	0.0	1.718	0.0	0.0350655	0.000710494	2.86811e-05	0.000348843	0.356843	0.00933812	0.0230452	0.0104935	-0.00132346	0.00761159	-0.000680954	0.000417806	2.46487	0.337054	0.954044	0.0115738	0.936392	0.168823	0.983943	0.88737	0.222955	0.0376522	0.141452	0.19215	0.416632	0.0304852	0.141224	1.65733e-06	-19873.9	4.0	3.41519e-05	-85469.0	7.0	9.2613e-07	1.0	5581.14	85.0617	2126.43	56.4168	0.275888	0.0064802	1014.51	17.1963	
0.4-0.8	6.5-30.0	0.0-100.0	0.000-1.571	0.008	0.073	9811.0	9778.0	8383.37	96.6924	1394.39	48.5868	-1.22078	0.112383	-0.05	0.0	0.427401	0.0702209	3.0942	0.0003051	0.0198664	0.000852414	0.0276494	0.00122456	0.03	0.0	1.696	0.0	5.0	0.0	1.718	0.0	0.0246258	0.000496032	2.82435e-05	0.000449249	0.360774	0.0084602	0.076506	0.0434519	-0.00258405	0.00354869	-0.000473602	0.000436427	1.67312	0.203336	0.984722	0.0124632	0.999874	1.66535	0.874552	0.0841267	0.203846	0.0134552	0.142552	1.99689	0.448253	0.0104261	0.14101	6.74689e-09	-23215.7	4.0	3.80111e-07	-95343.3	7.0	2.30345e-05	1.0	5864.87	85.8996	2518.49	60.3883	0.300415	0.00631525	1053.4	23.1852	
0.8-1.2	6.5-30.0	0.0-100.0	0.000-1.571	0.008	0.112	12898.0	12880.0	10980.7	112.578	1899.55	59.9317	-1.10721	0.097135	-0.05	0.0	0.532814	0.0573671	3.09335	0.000354198	0.0353134	0.000954058	0.0288473	0.00118547	0.03	0.0	1.696	0.0	5.0	0.0	1.718	0.0	0.0324533	0.000413148	1.00026e-05	0.00459467	0.381315	0.00862815	0.0258401	0.00859777	0.000613602	0.00653335	0.0012014	0.000365267	2.42695	0.263382	1.00548	0.00998107	0.999968	6.53449	0.947841	0.162095	0.358121	0.0246914	0.140888	2.83916e-07	0.446559	0.0263786	0.211924	0.206173	-28911.4	4.0	5.11019e-05	-126476.0	7.0	7.84417e-05	1.0	8149.67	101.752	2830.98	64.9206	0.257815	0.0052885	1066.33	13.3313	
1.2-1.6	6.5-30.0	0.0-100.0	0.000-1.571	0.004	0.156	15637.0	15626.0	13523.1	127.545	2102.86	69.6188	-0.846804	0.0964203	-0.05	0.0	0.538628	0.058177	3.08916	0.000385737	0.0338892	0.000918376	0.0479213	0.00197763	0.03	0.0	1.696	0.0	5.0	0.0	1.718	0.0	0.0409649	0.000701999	1.09866e-05	0.00459422	0.382799	0.00776536	0.0602989	0.014894	-0.000798532	0.0042547	0.00107781	0.000358184	2.00122	0.147028	0.959336	0.00902851	0.999998	0.578619	0.788166	0.0904604	0.334918	0.0671579	0.140909	2.36786e-11	0.46946	0.0500542	0.14091	3.67099e-10	-32265.1	4.0	6.1427e-05	-154507.0	7.0	1.73502e-05	1.0	9957.58	114.964	3565.52	74.3451	0.263662	0.00490306	1051.82	14.3296	
1.6-2.0	6.5-30.0	0.0-100.0	0.000-1.571	0.004	0.188	14083.0	14081.0	12107.2	122.975	1973.77	70.635	-1.25891	0.104785	-0.05	0.0	0.758275	0.0591514	3.08942	0.00046504	0.0421322	0.000909889	0.0640027	0.00475406	0.03	0.0	1.696	0.0	5.0	0.0	1.718	0.0	0.0483344	0.00108336	1.74374e-05	0.00459126	0.34101	0.00863077	0.0503112	0.0105536	0.00442139	0.005776	0.000922949	0.000371287	2.32689	0.168222	0.915807	0.00866493	1.0	0.0646918	0.821684	0.0509948	0.393687	0.035923	0.140888	3.13505e-11	0.411159	0.0192648	0.140979	0.0348692	-29555.1	4.0	2.70778e-05	-136367.0	7.0	7.65711e-06	1.0	9600.14	114.838	2507.04	65.7861	0.20707	0.00501007	1033.88	15.503	
1.6-2.4	3.0-30.0	0.0-100.0	0.000-1.571	0.004	0.21	72346.0	72272.0	61744.3	284.571	10527.0	172.521	-0.413229	0.043161	-0.05	0.0	0.3426	0.0407419	3.08912	0.000222365	0.0633581	0.00160444	0.0422349	0.000711795	0.03	0.0	2.059	0.0	5.0	0.0	1.41	0.0	0.0504772	0.000599913	1.00144e-05	0.00459467	0.373707	0.401609	0.0559604	0.00794871	0.00275916	0.00429477	0.000484637	0.00840482	2.15418	0.0987	0.871246	0.485796	0.817944	0.0	0.9999	0.0	0.604322	0.0	0.0846182	0.0	0.4172	0.0	0.483258	0.0	-1e+30	4.0	0.0	-813257.0	7.0	0.000126844	1.0	57236.5	22499.2	4507.76	22497.6	0.073007	0.364368	988.066	202.434	
1.6-2.4	3.0-4.5	0.0-100.0	0.000-1.571	0.024	0.36	25918.0	25895.0	22324.1	579.626	3571.15	524.824	0.523052	0.204764	-0.05	0.0	0.129341	0.229892	3.08902	0.000705064	0.089999	0.985927	0.0455794	0.00568875	0.03	0.0	2.04	0.0	5.0	0.0	1.31	0.0	0.0534455	0.107585	2.76516e-05	0.000655533	0.325422	0.0154069	0.0349826	0.0107547	-0.00999498	0.0198762	0.00139426	0.000426257	2.57478	0.287473	0.891357	0.00540216	1.0	0.00993248	0.535439	0.416897	0.634203	0.185452	0.141007	9.84158e-10	0.331915	0.0922612	0.141029	0.166781	-53914.3	4.0	1.05585e-06	-264096.0	7.0	0.575693	1.0	21152.3	552.945	1171.81	71.0774	0.0524907	0.00287744	999.32	20.4869	
1.6-2.4	3.0-5.5	0.0-100.0	0.000-1.571	0.024	0.36	40653.0	40624.0	34660.0	217.777	5964.81	136.832	0.073008	0.0602943	-0.05	0.0	0.304791	0.0504414	3.08858	0.000299977	0.0654209	0.00249795	0.0424912	0.000900259	0.03	0.0	2.04	0.0	5.0	0.0	1.31	0.0	0.0505932	0.000831715	1.05231e-05	0.00459443	0.313212	0.010782	0.045351	0.0108932	-0.00850965	0.0164223	0.000917557	0.000327617	2.22948	0.17295	0.885616	0.00441247	1.0	0.00544691	0.607906	0.328797	0.567665	0.15286	0.141021	9.46799e-06	0.32647	0.0553796	0.141041	0.139571	-85327.1	4.0	2.36768e-05	-433203.0	7.0	0.000189411	1.0	32493.3	220.681	2166.65	84.8706	0.0625116	0.00241696	986.998	14.6786	
1.6-2.4	3.0-6.5	0.0-100.0	0.000-1.571	0.016	0.24	51859.0	51802.0	44354.1	245.164	7447.84	152.296	-0.101493	0.0533956	-0.05	0.0	0.340264	0.0454844	3.08897	0.000266366	0.0647085	0.00193989	0.042193	0.000847986	0.03	0.0	2.04	0.0	5.0	0.0	1.31	0.0	0.0509828	0.000719206	1.26007e-05	0.00459348	0.334658	0.00906738	0.0545752	0.0111807	0.00463949	0.00732318	0.000991713	0.000277327	2.11806	0.135123	0.885981	0.00396186	0.998814	0.00509879	0.575915	0.274731	0.565394	0.142239	0.141276	6.16843e-06	0.376657	0.0556207	0.140924	0.120543	-109033.0	4.0	0.000100114	-565219.0	7.0	0.000102923	1.0	41206.2	246.324	3147.87	95.403	0.0709713	0.00211486	993.456	13.1541	
1.6-2.4	4.5-5.5	0.0-100.0	0.000-1.571	0.024	0.192	14734.0	14718.0	12601.5	129.056	2116.4	78.5568	-0.577161	0.0983479	-0.05	0.0	0.381429	0.0919766	3.08776	0.000489692	0.0588003	0.00272106	0.0419616	0.00147692	0.03	0.0	2.04	0.0	5.0	0.0	1.31	0.0	0.0490708	0.0010823	2.75213e-05	0.000465277	0.306119	0.0149651	0.103514	0.0420907	-0.000476917	0.00793976	0.000341825	0.000527922	1.6297	0.164957	0.867135	0.00790355	1.0	0.0133339	0.691186	0.760462	0.462427	0.250042	0.140889	5.73919e-08	0.327946	0.065171	0.141192	0.243953	-31505.5	4.0	3.46813e-07	-142439.0	7.0	2.72814e-06	1.0	11615.7	129.856	985.873	53.0409	0.0782343	0.00413212	974.173	25.2372	
1.6-2.4	5.5-6.5	0.0-100.0	0.000-1.571	0.024	0.16	11205.0	11190.0	9736.65	112.224	1453.33	65.6433	-0.836552	0.118181	-0.05	0.0	0.458372	0.0932326	3.09042	0.000576125	0.0634674	0.00286664	0.041047	0.00211365	0.03	0.0	2.04	0.0	5.0	0.0	1.31	0.0	0.0525256	0.00138258	1.00139e-05	0.00459467	0.37398	0.0157429	0.163974	0.0525224	0.00159916	0.00563014	0.00103608	0.000559235	1.56105	0.126401	0.849097	0.00973764	0.999565	2.7781	0.689807	0.172827	0.546639	0.0319329	0.141561	5.96342	0.454261	0.017565	0.140895	8.35e-06	-23859.6	4.0	8.21958e-06	-105168.0	7.0	9.03651e-05	1.0	8698.34	109.908	1038.31	46.6006	0.106639	0.00462559	1001.17	27.9192	
1.6-2.4	6.5-30.0	0.0-100.0	0.000-1.571	0.004	0.188	20487.0	20480.0	17496.7	148.578	2983.28	86.9542	-1.14517	0.0829384	-0.05	0.0	0.626631	0.0548615	3.08996	0.000415368	0.0532837	0.00098232	0.0389959	0.00173184	0.03	0.0	1.696	0.0	5.0	0.0	1.718	0.0	0.0484446	0.000567154	1.30059e-05	0.00459329	0.347261	0.00755959	0.0446286	0.00857675	0.0026517	0.00592247	0.00038368	0.000315778	2.45063	0.167164	0.906691	0.00718873	1.0	18.5244	0.839827	0.511645	0.375389	0.0388874	0.141237	2144.34	0.398643	0.0577561	0.141014	8.06851e-09	-41816.3	4.0	1.86017e-07	-205127.0	7.0	1.36172e-05	1.0	13986.5	139.463	3510.2	78.9434	0.20062	0.0041779	1026.36	14.3454	
2.0-2.4	6.5-30.0	0.0-100.0	0.000-1.571	0.008	0.144	6403.0	6394.0	5476.93	84.9469	917.337	51.5304	-1.00153	0.153296	-0.05	0.0	0.510941	0.103311	3.08957	0.000834449	0.0615314	0.00257667	0.0447624	0.00242919	0.03	0.0	1.696	0.0	5.0	0.0	1.718	0.0	0.0539852	0.00123803	1.21911e-05	0.00459367	0.361889	0.0149262	0.0274908	0.012152	-0.01	0.0156797	-0.00112651	0.000607655	3.13309	0.601028	0.894251	0.0130549	0.999999	6.6123	0.89675	0.0263397	0.351303	0.0108298	0.142052	9.77002	0.376054	0.00829759	0.141143	8.57672e-10	-12322.0	4.0	5.81471e-07	-56056.8	7.0	6.61905e-05	1.0	4431.2	80.4085	1045.73	44.7785	0.190934	0.00762067	1023.5	37.2368	
