weightedEff_Lxyz_finerpT_PRMC_TnPCorr_v1
rap	pT	cent	dPhi	ctauErrMin	ctauErrMax	NoCutEntry	CutEntry	NSig	NSigErr	NBkg	NBkgErr	coefExp	coefExpErr	coefPol1	coefPol1Err	coeffGaus	coeffGausErr	meanSig1	meanSig1Err	sigmaSig1	sigmaSig1Err	sigmaSig2	sigmaSig2Err	sigmaSig3	sigmaSig3Err	alpha	alphaErr	enne	enneErr	enneW	enneWErr	sigWidth	sigWidthErr	Gmc	GmcErr	bTau	bTauErr	fracRes	fracResErr	meanResSigW	meanResSigWErr	meanResSigN	meanResSigNErr	sigmaResSigW	sigmaResSigWErr	sigmaResSigN	sigmaResSigNErr	fpm	fpmErr	fLiving	fLivingErr	fbkgCtTot	fbkgCtTotErr	lambdam	lambdamErr	lambdap	lambdapErr	lambdasym	lambdasymErr	NLL	nFitPar	EDM	NLLMass	nFitParMass	EDMMass	Prob	PROMPT	PROMPTErr	NON-PROMPT	NON-PROMPTErr	Bfraction	BfractionErr	Resolution	ResolutionErr	
0.0-0.4	6.5-30.0	0.0-100.0	0.000-1.571	0.008	0.073	8726.0	8703.0	7513.39	90.9295	1189.13	44.0799	-1.05343	0.119634	-0.05	0.0	0.412875	0.0724188	3.09364	0.000260262	0.015208	0.000777992	0.02319	0.000985158	0.03	0.0	1.696	0.0	5.0	0.0	1.718	0.0	0.0202789	0.000445825	1.22083e-05	0.0133319	0.368269	0.00955905	0.433101	0.143037	-0.000819428	0.00118745	0.000250295	0.000698564	1.19183	0.0722132	0.881385	0.0189619	0.999993	1.13237	0.871213	0.0415926	0.213905	0.0258398	0.142742	140.97	0.362436	0.0186714	0.22128	0.0535173	-22628.2	4.0	4.5196e-06	-85288.6	7.0	9.59596e-05	1.0	5416.21	81.5935	2097.18	54.8182	0.279126	0.00646694	1027.42	29.1914	
0.0-1.2	6.5-30.0	0.0-100.0	0.000-1.571	0.008	0.112	31233.0	31194.0	26910.6	173.364	4283.05	86.1727	-1.07926	0.0646764	-0.05	0.0	0.388186	0.0419532	3.09366	0.000183901	0.0187065	0.000679833	0.0315506	0.000774168	0.03	0.0	1.696	0.0	5.0	0.0	1.718	0.0	0.0272921	0.000380354	1.00951e-05	0.00459463	0.370282	0.00511077	0.0484638	0.0133743	-0.00131589	0.00269268	0.000333399	0.000237732	1.88988	0.128873	0.987297	0.00660851	0.988098	0.0115983	0.910664	0.0357146	0.260444	0.0171147	0.296839	0.154573	0.422511	0.0116555	0.140917	1.38683e-10	-73693.5	4.0	5.39147e-05	-338532.0	7.0	2.12606e-05	1.0	19405.6	156.019	7505.08	105.123	0.278889	0.00346869	1049.1	10.4357	
0.0-2.4	10.0-13.0	0.0-100.0	0.000-1.571	0.008	0.112	11937.0	11913.0	10119.1	109.263	1793.74	60.112	-1.25314	0.10113	-0.05	0.0	0.451107	0.0435566	3.09339	0.00036828	0.0465939	0.00150014	0.0232595	0.000974633	0.03	0.0	1.696	0.0	5.0	0.0	1.718	0.0	0.0357254	0.000686953	1.21795e-05	0.0134262	0.387747	0.00811577	0.0307053	0.0102353	0.0021537	0.00527803	0.00038263	0.000365146	2.24087	0.222719	0.986798	0.0110453	0.96873	0.0110647	0.999443	0.0503998	0.232042	0.0205924	0.140929	4.71857e-07	0.393911	0.0148255	0.14111	1.27695e-06	-24912.7	4.0	0.00010343	-115314.0	7.0	7.88614e-05	1.0	6954.68	95.1243	3164.4	67.6525	0.312716	0.00577028	1047.88	13.2882	
0.0-2.4	10.0-30.0	0.0-100.0	0.000-1.571	0.008	0.112	18857.0	18831.0	15717.1	136.233	3113.57	77.1328	-1.25969	0.0763787	-0.05	0.0	0.459978	0.0329791	3.09354	0.000291411	0.0456084	0.00115559	0.0227763	0.000709144	0.03	0.0	1.696	0.0	5.0	0.0	1.718	0.0	0.0351704	0.000517815	1.00593e-05	0.00459465	0.375809	0.00588366	0.0339606	0.00891232	-0.00094478	0.00361098	3.67026e-05	0.000280751	2.18057	0.167362	0.990011	0.00912026	0.98772	0.231321	0.967437	0.253971	0.25238	0.0173482	0.140951	0.207895	0.417722	0.026524	0.140964	1.40865e-10	-37599.9	4.0	2.80351e-06	-190374.0	7.0	4.80504e-05	1.0	10081.1	115.139	5636.01	89.4877	0.358591	0.00477041	1052.77	10.7533	
0.0-2.4	11.0-13.0	0.0-100.0	0.000-1.571	0.008	0.112	6377.0	6362.0	5427.32	80.0238	934.591	43.7079	-1.39344	0.144287	-0.05	0.0	0.343999	0.0481898	3.09367	0.000505782	0.0537451	0.00291131	0.0248573	0.0010603	0.03	0.0	1.696	0.0	5.0	0.0	1.718	0.0	0.037403	0.00105169	1.04076e-05	0.00459449	0.395432	0.010698	0.0356577	0.0157072	0.00158333	0.00595126	0.00034713	0.000504274	2.10552	0.270331	1.00492	0.0158004	0.999906	5.36858	0.966189	4.81462	0.245	0.0613951	0.140896	1.25037e-10	0.387101	0.130857	0.141045	4.76087e-10	-12839.4	4.0	2.09734e-08	-57439.5	7.0	6.58095e-05	1.0	3575.02	68.4163	1852.3	51.4598	0.341292	0.00803604	1063.93	17.3898	
0.0-2.4	13.0-16.0	0.0-100.0	0.000-1.571	0.008	0.081	4091.0	4086.0	3314.16	62.1365	771.425	36.3072	-1.12285	0.15018	-0.05	0.0	0.565762	0.0660072	3.09359	0.000604636	0.0421892	0.00187906	0.0188407	0.00169483	0.03	0.0	1.696	0.0	5.0	0.0	1.718	0.0	0.0340758	0.000975034	2.11265e-05	10.8791	0.374905	0.0121495	0.0661462	0.04102	-0.00168051	0.0047893	-0.000689968	0.000617345	1.77416	0.264604	0.992527	0.0212493	0.999999	1.86916	0.94107	0.0176585	0.267238	0.0159826	0.147296	3.9352	0.449313	0.0163448	0.224735	0.0506067	-7816.65	4.0	1.6257e-05	-34985.0	7.0	0.000102269	1.0	1999.61	51.3342	1314.55	42.8616	0.396646	0.0105809	1062.15	27.1215	
0.0-2.4	13.0-30.0	0.0-100.0	0.000-1.571	0.008	0.081	6920.0	6913.0	5591.63	82.0997	1321.21	49.6995	-1.27746	0.116569	-0.05	0.0	0.487748	0.0622037	3.09387	0.000480039	0.0436298	0.00182211	0.0216338	0.0013971	0.03	0.0	1.696	0.0	5.0	0.0	1.718	0.0	0.034179	0.000894238	1.02238e-05	0.00459457	0.365443	0.00863046	0.0480882	0.0218371	-0.00242622	0.00419284	-0.000379568	0.000445873	1.94086	0.230379	0.998802	0.0162383	1.0	3.67072	0.960105	0.0154035	0.285562	0.0234465	0.149372	5.04994	0.44165	0.0226678	0.239268	0.0910433	-12790.4	4.0	3.97919e-05	-62645.8	7.0	7.94436e-06	1.0	3159.1	65.1832	2432.53	58.0777	0.435031	0.00819034	1063.38	18.8957	
0.0-2.4	16.0-30.0	0.0-100.0	0.000-1.571	0.008	0.056	2828.0	2815.0	2305.93	51.1877	509.075	28.6935	-1.37316	0.189129	-0.05	0.0	0.162158	0.0577473	3.09372	0.000763336	0.0149452	0.0026921	0.0367541	0.00164619	0.03	0.0	1.696	0.0	5.0	0.0	1.718	0.0	0.0341765	0.000886553	1.01425e-05	0.00459461	0.355951	0.0121863	0.0340288	0.0240391	-0.00317689	0.0069571	-4.83692e-05	0.000648454	2.18001	0.438439	1.00051	0.025539	1.0	865.057	0.984993	7.17926	0.299207	0.457592	0.140897	173917.0	0.428411	0.609131	0.236147	0.655647	-5000.39	4.0	6.30096e-05	-22890.6	7.0	7.75021e-06	1.0	1177.3	39.3792	1128.63	38.6707	0.489448	0.0127746	1062.4	28.6284	
0.0-2.4	6.5-30.0	0.0-100.0	0.000-1.571	0.004	0.196	69184.0	69155.0	58945.6	263.933	10209.7	144.551	-1.10835	0.0420643	-0.05	0.0	0.459258	0.0194802	3.09235	0.000163117	0.0470864	0.000610863	0.0255519	0.00041953	0.03	0.0	1.696	0.0	5.0	0.0	1.718	0.0	0.0370309	0.000283299	1.01457e-05	1.75103e-06	0.37023	0.00363538	0.0430525	0.00586129	-0.000932797	0.00240231	0.000395774	0.000167276	2.16238	0.0883053	0.964668	0.00430102	0.999999	34.9694	0.854297	0.473044	0.287899	0.184129	0.140907	111607.0	0.428283	0.04936	0.141097	0.589875	-145733.0	4.0	9.13008e-05	-789288.0	7.0	5.74732e-06	1.0	43509.0	239.296	15436.6	155.201	0.261879	0.00235744	1044.91	6.83157	
0.0-2.4	6.5-7.5	0.0-100.0	0.000-1.571	0.008	0.176	21296.0	21284.0	18404.8	148.68	2879.4	81.12	-0.736433	0.0794792	-0.05	0.0	0.456343	0.0405741	3.09106	0.000317196	0.0493759	0.00116644	0.0284416	0.000893772	0.03	0.0	1.696	0.0	5.0	0.0	1.718	0.0	0.0393997	0.000563832	1.0013e-05	0.00459467	0.399032	0.00823263	0.0565306	0.0172979	0.00889207	0.0165632	0.000564032	0.000354434	1.98132	0.172537	0.978244	0.00758016	0.999975	102.032	0.788796	10.4521	0.404487	1.78543	0.140907	50948.9	0.431348	1.66865	0.140994	2.68563e-06	-45556.3	4.0	3.94109e-05	-217475.0	7.0	3.34571e-05	1.0	14814.9	139.681	3589.88	77.6442	0.195052	0.00391339	1060.56	15.5053	
0.0-2.4	6.5-8.0	0.0-100.0	0.000-1.571	0.008	0.176	29476.0	29459.0	25373.6	172.905	4085.33	92.7091	-0.839634	0.0659094	-0.05	0.0	0.504019	0.0303113	3.09124	0.00026559	0.0481592	0.000856335	0.0268127	0.000716704	0.03	0.0	1.696	0.0	5.0	0.0	1.718	0.0	0.0390582	0.000426729	1.06881e-05	0.00459436	0.395056	0.00684092	0.0576128	0.0136665	0.00221989	0.00490396	0.000665388	0.000292784	2.00795	0.138209	0.962162	0.00637682	1.0	0.00580962	0.742648	0.0304642	0.308699	0.0206571	0.140997	0.000158619	0.412719	0.0139382	0.141014	0.019481	-63462.0	4.0	8.08808e-06	-310743.0	7.0	3.75808e-05	1.0	20302.5	162.401	5071.13	91.803	0.199858	0.00335194	1051.05	12.937	
0.0-2.4	7.5-8.5	0.0-100.0	0.000-1.571	0.008	0.136	15112.0	15091.0	12884.6	123.067	2206.71	66.8385	-1.19352	0.090751	-0.05	0.0	0.541172	0.0442335	3.09179	0.000352005	0.045701	0.00104485	0.0243737	0.00116049	0.03	0.0	1.696	0.0	5.0	0.0	1.718	0.0	0.0374548	0.000586274	3.14286e-05	0.000250139	0.363427	0.0084039	0.0553572	0.0153282	-0.00751851	0.00509998	0.00178334	0.000378607	2.03235	0.165504	0.946296	0.00900918	0.999987	0.0218675	0.718429	0.0493293	0.271566	0.036952	0.14111	1.17275e-06	0.439412	0.0201351	0.141954	0.0236078	-32866.2	4.0	5.11759e-05	-149354.0	7.0	9.26135e-05	1.0	10002.6	114.043	2882.01	68.0867	0.223679	0.00483322	1036.61	15.452	
0.0-2.4	8.0-10.0	0.0-100.0	0.000-1.571	0.008	0.152	20849.0	20847.0	17847.8	145.706	2999.32	79.8808	-1.32412	0.0793368	-0.05	0.0	0.395149	0.0403133	3.0927	0.000288676	0.0461708	0.00124001	0.0266117	0.000759367	0.03	0.0	1.696	0.0	5.0	0.0	1.718	0.0	0.0356469	0.00054044	2.62826e-05	0.000708523	0.350965	0.00647744	0.0467928	0.0103449	-0.00257908	0.00426269	0.000514532	0.00030185	2.18476	0.146934	0.943517	0.00762792	1.0	0.0162862	0.843568	0.0231747	0.228153	0.0200273	0.141327	4.85342e-05	0.447442	0.0143589	0.153284	0.0189927	-45385.8	4.0	7.54568e-05	-213468.0	7.0	0.00010967	1.0	13386.4	133.088	4461.39	84.2387	0.249969	0.00425587	1035.34	12.5571	
0.0-2.4	8.5-9.5	0.0-100.0	0.000-1.571	0.008	0.145	10194.0	10194.0	8751.91	101.511	1441.82	54.7149	-1.23557	0.113387	-0.05	0.0	0.375188	0.0548738	3.09327	0.000402338	0.0453617	0.00182135	0.0263734	0.000947716	0.03	0.0	1.696	0.0	5.0	0.0	1.718	0.0	0.0347363	0.000734169	3.09607e-05	0.000394481	0.362449	0.00946936	0.0500062	0.0142607	0.00162795	0.00572661	0.000646645	0.000423314	2.25229	0.202408	0.938577	0.0106395	1.0	0.0299664	0.902357	0.0252848	0.242317	0.0265944	0.143826	55.106	0.455061	0.0203789	0.151378	0.0335033	-22592.2	4.0	1.25369e-06	-97318.6	7.0	8.86903e-05	1.0	6576.26	92.8077	2175.64	58.5835	0.248591	0.00604097	1044.29	18.5626	
0.0-2.4	9.5-11.0	0.0-100.0	0.000-1.571	0.008	0.128	9282.0	9274.0	7853.85	96.1892	1420.03	53.0918	-1.31176	0.113304	-0.05	0.0	0.541073	0.0559472	3.09285	0.000424174	0.04315	0.00129243	0.0227118	0.00138948	0.03	0.0	1.696	0.0	5.0	0.0	1.718	0.0	0.0352727	0.000714156	2.86811e-05	0.000348843	0.359918	0.00920071	0.0230452	0.0104935	-0.00132346	0.00761159	-0.000836536	0.000418778	2.46487	0.337054	0.957882	0.0116094	0.957708	0.898342	0.948191	5.82999	0.191913	0.518786	0.141173	1.28236e-07	0.423717	0.249026	0.141023	1.95229	-19919.5	4.0	1.90384e-05	-87504.3	7.0	1.33772e-05	1.0	5627.24	85.6391	2226.61	57.6879	0.283506	0.00647266	1018.04	17.1337	
0.4-0.8	6.5-30.0	0.0-100.0	0.000-1.571	0.008	0.073	9753.0	9720.0	8335.6	96.4148	1384.09	48.4147	-1.21255	0.112818	-0.05	0.0	0.42339	0.0710028	3.09421	0.000307771	0.0198466	0.000865206	0.0275855	0.00124559	0.03	0.0	1.696	0.0	5.0	0.0	1.718	0.0	0.0246078	0.000503975	2.82435e-05	0.000449249	0.360337	0.00846789	0.076506	0.0434519	-0.00258405	0.00354869	-0.00048082	0.000436837	1.67312	0.203336	0.983806	0.0124873	0.996999	0.137925	0.879351	0.0876341	0.204435	0.023983	0.141902	1.24257e-05	0.448647	0.0225274	0.141014	1.2858e-08	-23086.0	4.0	2.54522e-07	-94722.8	7.0	4.21578e-05	1.0	5827.15	85.621	2508.46	60.2492	0.300933	0.0063346	1052.61	23.2191	
0.8-1.2	6.5-30.0	0.0-100.0	0.000-1.571	0.008	0.112	12752.0	12736.0	10866.6	111.965	1869.7	59.4823	-1.11452	0.097962	-0.05	0.0	0.533329	0.0575911	3.0934	0.000355687	0.0352593	0.000962045	0.0288005	0.00120438	0.03	0.0	1.696	0.0	5.0	0.0	1.718	0.0	0.0324058	0.000417238	1.00026e-05	0.00459467	0.381105	0.00864762	0.0258401	0.00859777	0.000613602	0.00653335	0.00117356	0.000366521	2.42695	0.263382	1.00553	0.0100411	0.998105	0.852537	0.952803	0.139732	0.357858	0.024207	0.141098	0.000100637	0.445015	0.0254338	0.222856	0.239033	-28636.9	4.0	4.91025e-06	-124958.0	7.0	3.92757e-05	1.0	8056.88	101.146	2809.72	64.6306	0.258565	0.00531759	1066.38	13.3401	
1.2-1.6	6.5-30.0	0.0-100.0	0.000-1.571	0.004	0.156	15391.0	15381.0	13336.6	126.526	2044.28	68.6807	-0.869136	0.0981809	-0.05	0.0	0.536736	0.0595416	3.08929	0.000389142	0.0338419	0.000926224	0.0478443	0.00204115	0.03	0.0	1.696	0.0	5.0	0.0	1.718	0.0	0.0409287	0.00072163	1.09866e-05	0.00459422	0.383416	0.0078283	0.0602989	0.014894	-0.000798532	0.0042547	0.00108747	0.000358627	2.00122	0.147028	0.960565	0.0090882	0.999996	2.57097	0.792103	0.020071	0.330544	0.0105871	0.142586	3.82766	0.467866	0.0112231	0.140953	8.29532e-11	-31937.6	4.0	6.93062e-05	-151913.0	7.0	1.16101e-05	1.0	9826.89	114.03	3509.68	73.6194	0.263162	0.00492325	1052.87	14.3171	
1.6-2.0	6.5-30.0	0.0-100.0	0.000-1.571	0.004	0.188	15327.0	15324.0	13076.9	128.421	2247.06	75.231	-1.30958	0.10113	-0.05	0.0	0.755638	0.0650644	3.0895	0.000450281	0.0420435	0.00089226	0.0635907	0.00542492	0.03	0.0	1.696	0.0	5.0	0.0	1.718	0.0	0.0482063	0.00120033	1.74374e-05	0.00459126	0.354726	0.00784496	0.0503112	0.0105536	0.00442139	0.005776	0.000655583	0.000374639	2.32689	0.168222	0.931756	0.00879062	0.999958	0.674537	0.829989	0.0432171	0.331778	0.0309144	0.141084	1.09834	0.42696	0.0174748	0.140956	0.0277429	-30030.0	4.0	2.22783e-06	-149479.0	7.0	2.16774e-05	1.0	9908.77	117.581	3168.11	72.9687	0.242268	0.00504734	1047.33	15.2759	
1.6-2.4	3.0-30.0	0.0-100.0	0.000-1.571	0.004	0.21	90366.0	90227.0	75780.2	327.245	14446.8	213.628	-0.232415	0.0360566	-0.05	0.0	0.365908	0.0363602	3.08974	0.000201869	0.0645427	0.00171881	0.0409043	0.000610847	0.03	0.0	2.059	0.0	5.0	0.0	1.41	0.0	0.0508451	0.000618222	1.00144e-05	0.00459467	0.373707	0.401609	0.0559604	0.00794871	0.00275916	0.00429477	0.000484637	0.00840482	2.15418	0.0987	0.871246	0.485796	0.817944	0.0	0.9999	0.0	0.604322	0.0	0.0846182	0.0	0.4172	0.0	0.483258	0.0	-1e+30	4.0	0.0	-1032290.0	7.0	0.000152888	1.0	70247.7	27613.5	5532.48	27611.9	0.073007	0.364368	988.066	202.434	
1.6-2.4	3.0-4.5	0.0-100.0	0.000-1.571	0.024	0.36	38070.0	38029.0	31940.8	213.191	6088.97	139.854	0.681401	0.0587589	-0.05	0.0	0.34202	0.0359833	3.09052	0.000313597	0.0717368	0.00269731	0.0394501	0.00082213	0.03	0.0	2.04	0.0	5.0	0.0	1.31	0.0	0.0527647	0.000899309	2.76516e-05	0.000655533	0.367045	0.00821032	0.0349826	0.0107547	-0.00999498	0.0198762	0.00131696	0.000404216	2.57478	0.287473	0.929108	0.00520444	1.0	0.00413797	0.517759	0.0295798	0.421409	0.0168751	0.140903	1.20426e-07	0.419626	0.0178733	0.140986	2.92663e-09	-66586.6	4.0	1.02262e-06	-401430.0	7.0	0.000279341	1.0	27947.2	210.776	3993.57	101.692	0.125031	0.00307245	1031.97	19.703	
1.6-2.4	3.0-5.5	0.0-100.0	0.000-1.571	0.024	0.36	55068.0	55012.0	46063.5	252.058	8949.44	162.5	0.271482	0.0473514	-0.05	0.0	0.354086	0.0358607	3.08977	0.000260464	0.0670822	0.00193646	0.0401272	0.000753734	0.03	0.0	2.04	0.0	5.0	0.0	1.31	0.0	0.0513171	0.000701398	1.05231e-05	0.00459443	0.36696	0.00672695	0.045351	0.0108932	-0.00850965	0.0164223	0.000788391	0.000320882	2.22948	0.17295	0.925262	0.00434614	0.953679	0.0629661	0.611216	0.0178241	0.394517	0.0394653	0.140901	1.23436	0.40313	0.00532786	0.140901	2.52285e-08	-97669.4	4.0	3.17361e-06	-601330.0	7.0	0.000123869	1.0	40186.6	248.848	5876.95	120.845	0.127584	0.00252885	1021.13	14.0448	
1.6-2.4	3.0-6.5	0.0-100.0	0.000-1.571	0.016	0.24	67806.0	67692.0	56894.8	277.583	10797.5	175.903	0.0917622	0.0426659	-0.05	0.0	0.37241	0.0330194	3.08985	0.000235215	0.0661602	0.00158374	0.040341	0.000696053	0.03	0.0	2.04	0.0	5.0	0.0	1.31	0.0	0.0514921	0.00060595	1.26007e-05	0.00459348	0.380084	0.00607877	0.0545752	0.0111807	0.00463949	0.00732318	0.000889348	0.000274495	2.11806	0.135123	0.91953	0.00392332	0.816375	0.0371206	0.746945	0.00733323	0.355268	0.0231953	0.140966	1.31465	0.386128	0.0023399	0.140895	8.67289e-10	-121716.0	4.0	3.46899e-07	-754287.0	7.0	3.46199e-05	1.0	49513.5	272.929	7381.22	132.025	0.129735	0.00223252	1021.87	12.6634	
1.6-2.4	4.5-5.5	0.0-100.0	0.000-1.571	0.024	0.192	16997.0	16963.0	14239.0	138.983	2724.2	88.2982	-0.63106	0.0864397	-0.05	0.0	0.361481	0.0901755	3.08808	0.000465743	0.0596769	0.00280729	0.042433	0.00144404	0.03	0.0	2.04	0.0	5.0	0.0	1.31	0.0	0.0493664	0.00108618	2.75213e-05	0.000465277	0.361503	0.0116725	0.103514	0.0420907	-0.000476917	0.00793976	-0.000515091	0.000545798	1.6297	0.164957	0.909873	0.00821748	1.0	0.0117553	0.709488	0.0592322	0.314504	0.043638	0.140914	2.59957e-07	0.410867	0.018304	0.140897	0.0320302	-31243.1	4.0	8.33327e-05	-165824.0	7.0	8.31842e-05	1.0	12363.3	136.195	1875.7	65.7417	0.13173	0.00443438	1008.51	23.7737	
1.6-2.4	5.5-6.5	0.0-100.0	0.000-1.571	0.024	0.16	12738.0	12717.0	10932.1	121.116	1785.33	74.3118	-0.818375	0.107034	-0.05	0.0	0.428423	0.0945303	3.09036	0.000547665	0.0644596	0.00313748	0.0417644	0.00205198	0.03	0.0	2.04	0.0	5.0	0.0	1.31	0.0	0.0526981	0.00143549	1.00139e-05	0.00459467	0.399958	0.0128058	0.163974	0.0525224	0.00159916	0.00563014	0.000576831	0.000572863	1.56105	0.126401	0.888047	0.0100112	0.880534	0.304785	0.930234	0.626994	0.443702	0.0585048	0.140995	9.13308e-09	0.457077	0.0971036	0.140981	3.4129e-08	-24217.9	4.0	3.42528e-05	-120782.0	7.0	0.000114522	1.0	9264.15	115.948	1667.96	57.0174	0.152574	0.00493407	1029.03	26.5055	
1.6-2.4	6.5-30.0	0.0-100.0	0.000-1.571	0.004	0.188	22559.0	22551.0	19093.8	154.937	3457.16	91.4616	-1.1866	0.0760295	-0.05	0.0	0.602524	0.0489126	3.08999	0.000399081	0.053129	0.00106826	0.0400387	0.00139688	0.03	0.0	1.696	0.0	5.0	0.0	1.718	0.0	0.0483522	0.000522515	1.30059e-05	0.00459329	0.361891	0.00679797	0.0446286	0.00857675	0.0026517	0.00592247	7.5923e-05	0.00032051	2.45063	0.167164	0.928516	0.00733667	0.999999	471.411	0.850343	10.9821	0.305491	2.45772	0.140994	60589.3	0.411391	1.10604	0.141382	2.87346	-42488.7	4.0	1.16016e-05	-227589.0	7.0	9.52692e-05	1.0	14554.8	142.925	4538.96	88.5175	0.23772	0.00421556	1044.84	14.059	
2.0-2.4	6.5-30.0	0.0-100.0	0.000-1.571	0.008	0.144	7232.0	7222.0	6102.6	90.7416	1119.42	57.0026	-1.05615	0.13923	-0.05	0.0	0.479208	0.102987	3.0895	0.000796873	0.0615826	0.00266827	0.0457192	0.00223783	0.03	0.0	1.696	0.0	5.0	0.0	1.718	0.0	0.0539067	0.00119943	1.21911e-05	0.00459367	0.378072	0.013098	0.0274908	0.012152	-0.01	0.0156797	-0.00151241	0.000626105	3.13309	0.601028	0.930281	0.0134356	0.999998	7.76967	0.903396	0.0625439	0.264482	0.0197737	0.141302	22.0456	0.385829	0.0128751	0.140964	0.0251643	-12530.3	4.0	7.18893e-05	-63991.2	7.0	7.04691e-06	1.0	4683.99	84.0771	1418.61	51.6052	0.232461	0.00771757	1054.27	36.073	
